-2.59776930508
-2.596212368
-2.59146806808
-2.59024920455
-2.58966738195
-2.58870565882
-2.5870571738
-2.58578495535
-2.5857536119
-2.58220642637
-2.58015029567
-2.57901961713
-2.57721248133
-2.57627429365
-2.5743625546
-2.57370300901
-2.57163876383
-2.57135863221
-2.57114194116
-2.56952131355
-2.56440136562
-2.5629480266
-2.5624268381
-2.56171016467
-2.55513216607
-2.55437282278
-2.5537933947
-2.55338996915
-2.55132256502
-2.55083434492
-2.54987962299
-2.54745962961
-2.54352540044
-2.53795880895
-2.53664641463
-2.5350667505
-2.53344407338
-2.53264182529
-2.53110900971
-2.53075141341
-2.52823887972
-2.52322514459
-2.52118326926
-2.52088005975
-2.52082752541
-2.52016125098
-2.51984764663
-2.51790008502
-2.5128278362
-2.51235809402
-2.51228104194
-2.5122492775
-2.50871296182
-2.50788519254
-2.50573857253
-2.50022921874
-2.49770196383
-2.49628114582
-2.49623217183
-2.49369369289
-2.49337672763
-2.49035775768
-2.48944527118
-2.48855178347
-2.48690480361
-2.4858665866
-2.48563377297
-2.48543068302
-2.48422873712
-2.4783380844
-2.47335411689
-2.47257604285
-2.47186347698
-2.47118854867
-2.46989907057
-2.46753839285
-2.46609260237
-2.46026809168
-2.45779545399
-2.45712084318
-2.45204374628
-2.45181458224
-2.44676072673
-2.44610697174
-2.44379097958
-2.44041692033
-2.43727401557
-2.43520186032
-2.43224305788
-2.42908090605
-2.42885329453
-2.42738360333
-2.42565345309
-2.42552786362
-2.42304704946
-2.42225499671
-2.4162640102
-2.40847101771
-2.40515925136
-2.40304736911
-2.40276166945
-2.39881802497
-2.39675385239
-2.39218795322
-2.39132004629
-2.38751983932
-2.38672424548
-2.38627995195
-2.38531790995
-2.38476869646
-2.38360390667
-2.38005613035
-2.37958648119
-2.37205797076
-2.37077058547
-2.37065617333
-2.36770097519
-2.36079464076
-2.36047842998
-2.360379947
-2.35916103567
-2.35688216896
-2.35377840821
-2.35181446859
-2.35162854123
-2.35051614257
-2.34984767113
-2.34702740974
-2.34558422874
-2.34484762538
-2.34240877265
-2.34215164966
-2.34212497704
-2.34203337505
-2.33551410495
-2.33389139523
-2.33023892069
-2.32633330752
-2.31865685115
-2.31776995774
-2.31713423316
-2.30786956285
-2.30362835206
-2.30227003825
-2.30190265212
-2.29952829695
-2.29772841328
-2.29496494006
-2.28816154221
-2.28697906598
-2.28620241801
-2.28132322368
-2.2795348391
-2.27551063612
-2.26798210251
-2.26797167886
-2.26543261542
-2.2643966471
-2.26043624108
-2.2570601824
-2.25120289048
-2.24844358892
-2.24230120421
-2.24067886053
-2.23707143277
-2.23557979822
-2.23266437327
-2.22911854956
-2.22845581061
-2.22436521755
-2.22258731905
-2.21974517263
-2.21480831318
-2.21368019653
-2.20939425274
-2.20620026754
-2.20503638656
-2.20203287786
-2.19746529214
-2.19633172523
-2.19481258627
-2.19216234797
-2.18356291209
-2.18075366686
-2.17938813417
-2.17903746191
-2.17754894549
-2.1728670287
-2.17187564393
-2.17159623818
-2.17137000089
-2.166399072
-2.16567187266
-2.15899989069
-2.15692414818
-2.15670754242
-2.15663859642
-2.15062102724
-2.1505441931
-2.14747921989
-2.14746945421
-2.14506049435
-2.14202066338
-2.13795491707
-2.13759871137
-2.1358939114
-2.13133785531
-2.12295547957
-2.12068552663
-2.11855094423
-2.11654784398
-2.11417541675
-2.10610566777
-2.10221551043
-2.09977170867
-2.09216836306
-2.09033004691
-2.0831382401
-2.08140629187
-2.075978418
-2.07098094539
-2.06573639205
-2.06346693524
-2.05685184279
-2.05060717071
-2.04996112645
-2.04883048942
-2.0482805918
-2.0477339591
-2.04412490841
-2.041180936
-2.02817215323
-2.0215365251
-2.02108779157
-2.0132997088
-2.01251824996
-2.0103574113
-2.00430568229
-2.00002940227
-1.99758410451
-1.99755228378
-1.99469959508
-1.98953405645
-1.98485240547
-1.97594748518
-1.97165449904
-1.9715485468
-1.96915713282
-1.96557746738
-1.96387420013
-1.96032536164
-1.95797294681
-1.95688626769
-1.95172417329
-1.94983385244
-1.94052814457
-1.93529685891
-1.93399768285
-1.92702522184
-1.92495642913
-1.92446951018
-1.92238775527
-1.92231551636
-1.91771365095
-1.91651922974
-1.91642873428
-1.91503427728
-1.91280578682
-1.90913848137
-1.90908380676
-1.90676889881
-1.90499489965
-1.90418127211
-1.89754225654
-1.88735241209
-1.87928625195
-1.87422014865
-1.87271309553
-1.87123771461
-1.86729673108
-1.86245365938
-1.86159737847
-1.85319485543
-1.83366130207
-1.83357952182
-1.82928482676
-1.82890739962
-1.82660938222
-1.82448601999
-1.8094926224
-1.80265744448
-1.79708868543
-1.79597680788
-1.78765373742
-1.78626037196
-1.78240870538
-1.78117742822
-1.78066569445
-1.76719168202
-1.76159250003
-1.74576032091
-1.74376729092
-1.74132846518
-1.7394183087
-1.73585045328
-1.73497228726
-1.73204546143
-1.73059817285
-1.71397649016
-1.71272195114
-1.70315162246
-1.7019453777
-1.69475703442
-1.69111507454
-1.69107778684
-1.69005573433
-1.68802699023
-1.67939174309
-1.67093435377
-1.66094782284
-1.65943344291
-1.65506388351
-1.65375521748
-1.64801858173
-1.64427588659
-1.6433629612
-1.64329778743
-1.6403775321
-1.63974191916
-1.63894740152
-1.63123396978
-1.62908364654
-1.62306481072
-1.62195206026
-1.62094238436
-1.61883713819
-1.61849610242
-1.60120093358
-1.59559376185
-1.59206331049
-1.58949873405
-1.58211251361
-1.57860787551
-1.57723224787
-1.55440189171
-1.54696181136
-1.54465835739
-1.54312765102
-1.54302423095
-1.511776802
-1.50879752635
-1.5077307307
-1.50274634926
-1.49978934325
-1.49742122123
-1.49361843936
-1.47476548151
-1.46130993992
-1.46006467611
-1.44812337696
-1.44699256245
-1.44358888539
-1.44281534823
-1.42755964921
-1.4241189683
-1.41527724315
-1.41321692274
-1.39569787986
-1.39309845161
-1.39221020079
-1.38651822218
-1.38625460073
-1.36978792815
-1.36457512928
-1.36222394184
-1.35314290715
-1.34356092314
-1.34221398719
-1.34142660791
-1.34141788532
-1.32724444726
-1.32501751231
-1.32416349802
-1.32289863878
-1.31072606956
-1.30912356091
-1.30138608887
-1.30013736593
-1.29638437959
-1.29591947729
-1.29101112052
-1.29060743185
-1.28116475641
-1.27961057177
-1.27062606566
-1.2395759792
-1.23845501066
-1.23686548968
-1.21703085149
-1.20710257774
-1.19714382825
-1.18800732668
-1.18236596733
-1.16687080313
-1.15752069979
-1.1364192328
-1.13579281021
-1.12714308048
-1.12059855256
-1.11991263389
-1.08494443196
-1.08468711717
-1.0786977167
-1.07123509763
-1.06590077609
-1.05225371989
-1.04166524285
-1.03373857234
-1.0230632734
-1.01468524541
-1.00998464709
-0.997707706345
-0.997603177655
-0.984090995449
-0.98298562443
-0.976387119056
-0.964331410808
-0.959937519911
-0.95754287562
-0.950927883793
-0.948759726996
-0.943950611724
-0.94330858376
-0.932904803417
-0.931578614497
-0.899864982714
-0.883759467962
-0.867991891586
-0.841718193587
-0.835868587098
-0.807577200796
-0.78962149442
-0.783181399493
-0.751159327547
-0.745496708044
-0.724349266338
-0.704085403885
-0.699797654454
-0.666119252005
-0.665336952492
-0.654795209083
-0.632499820018
-0.617630354888
-0.606286489537
-0.604320903133
-0.589759394691
-0.582863892117
-0.572292848291
-0.569530525474
-0.565670130699
-0.547375444825
-0.488828674986
-0.430934142365
-0.374063736627
-0.318699398552
-0.265462641242
-0.215140058227
-0.168686425446
-0.127171220494
-0.0916265294692
-0.0627872088394
-0.040810870879
-0.025155114741
-0.0147251806784
-0.0082026303294
-0.00435509063983
-0.00220546938722
-0.00106498352024
-0.000489771184814
-0.000214064563412
-8.86597010043e-05
-3.46652022458e-05
-1.27349897042e-05
-4.37049908092e-06
-1.39134661977e-06
-4.07370795979e-07
-1.08552499869e-07
-2.59874197983e-08
-5.49970876803e-09
-1.00802852149e-09
-1.55840604175e-10
-1.96250190035e-11
-1.92003589406e-12
-1.36564940129e-13
-6.40650997964e-15
-1.68905145946e-16
-2.3012191111e-17
-1.97866896479e-18
-8.13151629364e-19
-1.62630325873e-19
4.4723339615e-19
5.69206140555e-19
1.27393755267e-18
1.53550132678e-17
1.75627199415e-16
6.40466683594e-15
1.36562310939e-13
1.92003872653e-12
1.96250268776e-11
1.55840596179e-10
1.00802852388e-09
5.49970876419e-09
2.59874197985e-08
1.08552499871e-07
4.07370795985e-07
1.39134661978e-06
4.37049908092e-06
1.27349897042e-05
3.46652022458e-05
8.86597010043e-05
0.000214064563412
0.000489771184814
0.00106498352024
0.00220546938722
0.00435509063984
0.00820263032939
0.0147251806784
0.025155114741
0.040810870879
0.0627872088394
0.0916265294693
0.127171220494
0.168686425446
0.215140058226
0.265462641242
0.318699398551
0.374063736626
0.430934142365
0.488828674983
0.547375444825
0.565670130699
0.569530525474
0.572292848291
0.582863892116
0.589759394691
0.604320903133
0.606286489537
0.617630354888
0.632499820018
0.654795209083
0.665336952493
0.666119252005
0.699797654454
0.704085403884
0.724349266338
0.745496708044
0.751159327546
0.783181399493
0.78962149442
0.807577200796
0.835868587099
0.841718193587
0.867991891586
0.883759467962
0.899864982714
0.931578614497
0.932904803417
0.943308583761
0.943950611724
0.948759726996
0.950927883793
0.95754287562
0.959937519912
0.964331410808
0.976387119056
0.98298562443
0.984090995449
0.997603177655
0.997707706345
1.00998464709
1.01468524541
1.0230632734
1.03373857234
1.04166524285
1.05225371989
1.06590077609
1.07123509763
1.0786977167
1.08468711717
1.08494443196
1.11991263389
1.12059855256
1.12714308048
1.13579281021
1.1364192328
1.15752069979
1.16687080313
1.18236596733
1.18800732668
1.19714382825
1.20710257774
1.21703085149
1.23686548968
1.23845501066
1.2395759792
1.27062606566
1.27961057177
1.28116475641
1.29060743185
1.29101112052
1.29591947729
1.29638437959
1.30013736593
1.30138608887
1.30912356091
1.31072606956
1.32289863878
1.32416349802
1.32501751231
1.32724444726
1.34141788532
1.34142660791
1.34221398719
1.34356092314
1.35314290715
1.36222394184
1.36457512928
1.36978792815
1.38625460073
1.38651822218
1.39221020079
1.39309845161
1.39569787986
1.41321692274
1.41527724315
1.4241189683
1.42755964921
1.44281534823
1.44358888539
1.44699256245
1.44812337696
1.46006467611
1.46130993992
1.47476548151
1.49361843936
1.49742122123
1.49978934325
1.50274634926
1.5077307307
1.50879752635
1.511776802
1.54302423095
1.54312765102
1.54465835739
1.54696181136
1.55440189171
1.57723224787
1.57860787551
1.58211251361
1.58949873405
1.59206331049
1.59559376185
1.60120093358
1.61849610242
1.61883713819
1.62094238436
1.62195206026
1.62306481072
1.62908364654
1.63123396978
1.63894740152
1.63974191916
1.6403775321
1.64329778743
1.6433629612
1.64427588659
1.64801858173
1.65375521748
1.65506388351
1.65943344291
1.66094782284
1.67093435377
1.67939174309
1.68802699023
1.69005573433
1.69107778684
1.69111507454
1.69475703442
1.7019453777
1.70315162246
1.71272195114
1.71397649016
1.73059817285
1.73204546143
1.73497228726
1.73585045328
1.7394183087
1.74132846518
1.74376729092
1.74576032091
1.76159250003
1.76719168202
1.78066569445
1.78117742822
1.78240870538
1.78626037196
1.78765373742
1.79597680788
1.79708868543
1.80265744448
1.8094926224
1.82448601999
1.82660938222
1.82890739962
1.82928482676
1.83357952182
1.83366130207
1.85319485543
1.86159737847
1.86245365938
1.86729673108
1.87123771461
1.87271309553
1.87422014865
1.87928625195
1.88735241209
1.89754225654
1.90418127211
1.90499489965
1.90676889881
1.90908380676
1.90913848137
1.91280578682
1.91503427728
1.91642873428
1.91651922974
1.91771365095
1.92231551636
1.92238775527
1.92446951018
1.92495642913
1.92702522184
1.93399768285
1.93529685891
1.94052814457
1.94983385244
1.95172417329
1.95688626769
1.95797294681
1.96032536164
1.96387420013
1.96557746738
1.96915713282
1.9715485468
1.97165449904
1.97594748518
1.98485240547
1.98953405645
1.99469959508
1.99755228378
1.99758410451
2.00002940227
2.00430568229
2.0103574113
2.01251824996
2.0132997088
2.02108779157
2.0215365251
2.02817215323
2.041180936
2.04412490841
2.0477339591
2.0482805918
2.04883048942
2.04996112645
2.05060717071
2.05685184279
2.06346693524
2.06573639205
2.07098094539
2.075978418
2.08140629187
2.0831382401
2.09033004691
2.09216836306
2.09977170867
2.10221551043
2.10610566777
2.11417541675
2.11654784398
2.11855094423
2.12068552663
2.12295547957
2.13133785531
2.1358939114
2.13759871137
2.13795491707
2.14202066338
2.14506049435
2.14746945421
2.14747921989
2.1505441931
2.15062102724
2.15663859642
2.15670754242
2.15692414818
2.15899989069
2.16567187266
2.166399072
2.17137000089
2.17159623818
2.17187564393
2.1728670287
2.17754894549
2.17903746191
2.17938813417
2.18075366686
2.18356291209
2.19216234797
2.19481258627
2.19633172523
2.19746529214
2.20203287786
2.20503638656
2.20620026754
2.20939425274
2.21368019653
2.21480831318
2.21974517263
2.22258731905
2.22436521755
2.22845581061
2.22911854956
2.23266437327
2.23557979822
2.23707143277
2.24067886053
2.24230120421
2.24844358892
2.25120289048
2.2570601824
2.26043624108
2.2643966471
2.26543261542
2.26797167886
2.26798210251
2.27551063612
2.2795348391
2.28132322368
2.28620241801
2.28697906598
2.28816154221
2.29496494006
2.29772841328
2.29952829695
2.30190265212
2.30227003825
2.30362835206
2.30786956285
2.31713423316
2.31776995774
2.31865685115
2.32633330752
2.33023892069
2.33389139523
2.33551410495
2.34203337505
2.34212497704
2.34215164966
2.34240877265
2.34484762538
2.34558422874
2.34702740974
2.34984767113
2.35051614257
2.35162854123
2.35181446859
2.35377840821
2.35688216896
2.35916103567
2.360379947
2.36047842998
2.36079464076
2.36770097519
2.37065617333
2.37077058547
2.37205797076
2.37958648119
2.38005613035
2.38360390667
2.38476869646
2.38531790995
2.38627995195
2.38672424548
2.38751983932
2.39132004629
2.39218795322
2.39675385239
2.39881802497
2.40276166945
2.40304736911
2.40515925136
2.40847101771
2.4162640102
2.42225499671
2.42304704946
2.42552786362
2.42565345309
2.42738360333
2.42885329453
2.42908090605
2.43224305788
2.43520186032
2.43727401557
2.44041692033
2.44379097958
2.44610697174
2.44676072673
2.45181458224
2.45204374628
2.45712084318
2.45779545399
2.46026809168
2.46609260237
2.46753839285
2.46989907057
2.47118854867
2.47186347698
2.47257604285
2.47335411689
2.4783380844
2.48422873712
2.48543068302
2.48563377297
2.4858665866
2.48690480361
2.48855178347
2.48944527118
2.49035775768
2.49337672763
2.49369369289
2.49623217183
2.49628114582
2.49770196383
2.50022921874
2.50573857253
2.50788519254
2.50871296182
2.5122492775
2.51228104194
2.51235809402
2.5128278362
2.51790008502
2.51984764663
2.52016125098
2.52082752541
2.52088005975
2.52118326926
2.52322514459
2.52823887972
2.53075141341
2.53110900971
2.53264182529
2.53344407338
2.5350667505
2.53664641463
2.53795880895
2.54352540044
2.54745962961
2.54987962299
2.55083434492
2.55132256502
2.55338996915
2.5537933947
2.55437282278
2.55513216607
2.56171016467
2.5624268381
2.5629480266
2.56440136562
2.56952131355
2.57114194116
2.57135863221
2.57163876383
2.57370300901
2.5743625546
2.57627429365
2.57721248133
2.57901961713
2.58015029567
2.58220642637
2.5857536119
2.58578495535
2.5870571738
2.58870565882
2.58966738195
2.59024920455
2.59146806808
2.596212368
2.59776930508
