-46.0999996301
-46.0999995663
-46.0999995632
-46.0999994726
-46.0999994524
-46.0999993909
-46.0999993348
-46.0999993113
-46.0999992631
-46.0999992321
-46.0999991699
-46.0999991254
-46.0999991181
-46.0999991143
-7.60806618799
-7.37497971568
-7.27473096744
-7.04594354862
-6.99461580258
-6.73770898996
-6.67330291205
-6.51526116491
-6.47894523776
-6.16978594297
-6.1541191296
-6.02617210847
-5.84436603732
-5.8107422227
-5.66897089263
-5.55363320228
-5.46257772726
-5.18487073313
-5.11146011836
-5.08126442077
-4.99880153135
-4.97497996832
-4.8488555929
-4.63753551697
-4.44564497972
-4.42112910579
-4.30497137705
-4.2815275361
-4.19269895743
-4.08698906804
-4.07265229613
-3.84284636955
-3.73809042772
-3.73237300763
-3.67327004434
-3.45469270676
-3.4222228537
-3.31257457123
-3.30091099633
-3.25407456414
-3.20685592341
-3.13370010917
-3.08503575425
-2.86108277176
-2.80177868477
-2.78725114344
-2.77043815277
-2.67036193373
-2.6
-2.6
-2.6
-2.6
-2.54273870486
-2.44387288673
-2.40811188778
-2.31783945004
-2.17338215388
-2.09560819819
-2.00646727865
-1.89291355292
-1.81231646383
-1.67922850494
-1.42304754837
-1.30673068135
-1.09075718858
-0.479795469209
-0.0669060889243
-0.000483898705835
0.000483898705835
0.0669060889243
0.479795469209
1.09075718858
1.30673068135
1.42304754837
1.67922850494
1.81231646383
1.89291355292
2.00646727865
2.09560819819
2.17338215388
2.31783945004
2.40811188778
2.44387288673
2.54273870486
2.6
2.6
2.6
2.6
2.67036193373
2.77043815277
2.78725114344
2.80177868477
2.86108277176
3.08503575425
3.13370010917
3.20685592341
3.25407456414
3.30091099633
3.31257457123
3.4222228537
3.45469270676
3.67327004434
3.73237300763
3.73809042772
3.84284636955
4.07265229613
4.08698906804
4.19269895743
4.2815275361
4.30497137705
4.42112910579
4.44564497972
4.63753551697
4.8488555929
4.97497996832
4.99880153135
5.08126442077
5.11146011836
5.18487073313
5.46257772726
5.55363320228
5.66897089263
5.8107422227
5.84436603732
6.02617210847
6.1541191296
6.16978594297
6.47894523776
6.51526116491
6.67330291205
6.73770898996
6.99461580258
7.04594354862
7.27473096744
7.37497971568
7.60806618799
