-4.44298090364
-4.20688837075
-4.20688837075
-4.20688837075
-4.20688837075
-4.20688837075
-4.20688837075
-4.20688837075
-4.10353064886
-4.03369871166
-3.79063686259
-3.79063686259
-3.79063686259
-3.79063686259
-3.79063686259
-3.79063686259
-3.54927634474
-3.53706427654
-3.52186417245
-3.47947915307
-3.31460474669
-3.31460474669
-3.31460474669
-3.31460474669
-3.31460474669
-3.31460474669
-3.24214696967
-2.998737675
-2.84413042224
-2.78629933389
-2.78629933389
-2.78629933389
-2.78629933389
-2.78629933389
-2.78629933389
-2.6
-2.6
-2.6
-2.3923381962
-2.21405231614
-2.21405231614
-2.21405231614
-2.21405231614
-2.21405231614
-2.21405231614
-2.0888162082
-1.74137398329
-1.60688837075
-1.60688837075
-1.60688837075
-1.60688837075
-1.60688837075
-1.60688837075
-1.60688837075
-1.27652453313
-1.15710885657
-1.05797126787
-0.974382835846
-0.974382835846
-0.974382835846
-0.974382835846
-0.974382835846
-0.974382835846
-0.543548008992
-0.483301900709
-0.429412596456
-0.354860549496
-0.326510701552
-0.326510701552
-0.326510701552
-0.326510701552
-0.326510701552
-0.326510701552
0.326510701552
0.326510701552
0.326510701552
0.326510701552
0.326510701552
0.326510701552
0.354860549496
0.429412596456
0.483301900709
0.543548008992
0.974382835846
0.974382835846
0.974382835846
0.974382835846
0.974382835846
0.974382835846
1.05797126787
1.15710885657
1.27652453313
1.60688837075
1.60688837075
1.60688837075
1.60688837075
1.60688837075
1.60688837075
1.60688837075
1.74137398329
2.0888162082
2.21405231614
2.21405231614
2.21405231614
2.21405231614
2.21405231614
2.21405231614
2.3923381962
2.6
2.6
2.6
2.78629933389
2.78629933389
2.78629933389
2.78629933389
2.78629933389
2.78629933389
2.84413042224
2.998737675
3.24214696967
3.31460474669
3.31460474669
3.31460474669
3.31460474669
3.31460474669
3.31460474669
3.47947915307
3.52186417245
3.53706427654
3.54927634474
3.79063686259
3.79063686259
3.79063686259
3.79063686259
3.79063686259
3.79063686259
4.03369871166
4.10353064886
4.20688837075
4.20688837075
4.20688837075
4.20688837075
4.20688837075
4.20688837075
4.20688837075
4.44298090364
4.55679473623
4.55679473623
4.55679473623
4.55679473623
