-0.902970523868
-0.864912643832
-0.797636605369
-0.787424443024
-0.740037159021
-0.698012982252
-0.690172741875
-0.667671446762
-0.667671446762
-0.667671446762
-0.667671446762
-0.667671446762
-0.667671446762
-0.667671446762
-0.667671446762
-0.667671446762
-0.667671446762
-0.667671446762
-0.667671446762
-0.667671446762
-0.667671446762
-0.667671446762
-0.667671446762
-0.626790737328
-0.568730283565
-0.543548008992
-0.520497596445
-0.483301900709
-0.479795469209
-0.44499004409
-0.429412596456
-0.414887748876
-0.401312403059
-0.401312403059
-0.401312403059
-0.401312403059
-0.401312403059
-0.401312403059
-0.401312403059
-0.401312403059
-0.401312403059
-0.401312403059
-0.401312403059
-0.401312403059
-0.401312403059
-0.401312403059
-0.401312403059
-0.401312403059
-0.354860549496
-0.302353110334
-0.263375677961
-0.233297117823
-0.209382888569
-0.1899145199
-0.17375788044
-0.160134304492
-0.148491464127
-0.138426711476
-0.133889151006
-0.133889151006
-0.133889151006
-0.133889151006
-0.133889151006
-0.133889151006
-0.133889151006
-0.133889151006
-0.133889151006
-0.133889151006
-0.133889151006
-0.133889151006
-0.133889151006
-0.133889151006
-0.133889151006
-0.133889151006
0.133889151006
0.133889151006
0.133889151006
0.133889151006
0.133889151006
0.133889151006
0.133889151006
0.133889151006
0.133889151006
0.133889151006
0.133889151006
0.133889151006
0.133889151006
0.133889151006
0.133889151006
0.133889151006
0.138426711476
0.148491464127
0.160134304492
0.17375788044
0.1899145199
0.209382888569
0.233297117823
0.263375677961
0.302353110334
0.354860549496
0.401312403059
0.401312403059
0.401312403059
0.401312403059
0.401312403059
0.401312403059
0.401312403059
0.401312403059
0.401312403059
0.401312403059
0.401312403059
0.401312403059
0.401312403059
0.401312403059
0.401312403059
0.401312403059
0.414887748876
0.429412596456
0.44499004409
0.479795469209
0.483301900709
0.520497596445
0.543548008992
0.568730283565
0.626790737328
0.667671446762
0.667671446762
0.667671446762
0.667671446762
0.667671446762
0.667671446762
0.667671446762
0.667671446762
0.667671446762
0.667671446762
0.667671446762
0.667671446762
0.667671446762
0.667671446762
0.667671446762
0.667671446762
0.690172741875
0.698012982252
0.740037159021
0.787424443024
0.797636605369
0.864912643832
0.902970523868
0.932259945816
0.932259945816
