-53.9
-53.9
-53.9
-53.9
-53.9
-53.9
-53.9
-53.9
-53.9
-53.8281436408
-53.7946375426
-53.7946375426
-53.6342564075
-53.6315908976
-53.6315908976
-53.4026456567
-53.4026456567
-53.2800777408
-53.2800777408
-52.9936083291
-52.9936083291
-52.9936083291
-52.8706335333
-52.8559198148
-52.8559198148
-52.762148926
-52.762148926
-52.700340253
-52.3673088976
-52.3673088976
-52.3183174761
-52.3183174761
-52.3068092171
-52.0116944388
-52.0116944388
-51.938296023
-51.938296023
-51.800924608
-51.800924608
-51.6936083291
-51.6936083291
-51.6936083291
-51.4699950524
-51.4578420435
-51.258282874
-51.258282874
-50.762846525
-50.7040098032
-50.5003626536
-50.5003626536
-50.0
-50.0
-50.0
-50.0
-50.0
-50.0
-50.0
-50.0
-50.0
-50.0
-50.0
-50.0
-50.0
-50.0
-50.0
-50.0
-50.0
-50.0
-50.0
-50.0
-50.0
-50.0
-50.0
-50.0
-50.0
-50.0
-50.0
-50.0
-50.0
-50.0
-50.0
-50.0
-50.0
-50.0
-50.0
-50.0
-50.0
-50.0
-50.0
-50.0
-50.0
-50.0
-50.0
-50.0
-50.0
-50.0
-50.0
-50.0
-50.0
-50.0
-50.0
-50.0
-50.0
-50.0
-50.0
-50.0
-50.0
-50.0
-50.0
-50.0
-50.0
-50.0
-49.4996373464
-49.4996373464
-49.2959901968
-49.237153475
-48.741717126
-48.741717126
-48.5421579565
-48.5300049476
-48.3063916709
-48.3063916709
-48.3063916709
-48.199075392
-48.199075392
-48.061703977
-48.061703977
-47.9883055612
-47.9883055612
-47.6931907829
-47.6816825239
-47.6816825239
-47.6326911024
-47.6326911024
-47.299659747
-47.237851074
-47.237851074
-47.1440801852
-47.1440801852
-47.1293664667
-47.0063916709
-47.0063916709
-47.0063916709
-46.7199222592
-46.7199222592
-46.5973543433
-46.5973543433
-46.3684091024
-46.3684091024
-46.3657435925
-46.2053624574
-46.2053624574
-46.1718563592
-46.1
-46.1
-46.1
-46.1
-46.1
-46.1
-46.1
-46.1
-46.1
-6.4062802138
-6.4062802138
-6.10464563542
-5.59949398835
-5.48637572689
-5.48637572689
-4.79736550029
-4.57060675359
-4.57060675359
-3.801092837
-3.801092837
-3.76164340517
-3.47624394882
-3.47624394882
-2.824995864
-2.824995864
-2.6
-2.6
-2.6
-2.6
-2.05660802227
-2.05660802227
-1.56215907547
-1.56215907547
-1.54087374219
-1.40913136242
-1.40913136242
1.40913136242
1.40913136242
1.54087374219
1.56215907547
1.56215907547
2.05660802227
2.05660802227
2.6
2.6
2.6
2.6
2.824995864
2.824995864
3.47624394882
3.47624394882
3.76164340517
3.801092837
3.801092837
4.57060675359
4.57060675359
4.79736550029
5.48637572689
5.48637572689
5.59949398835
6.10464563542
6.4062802138
6.4062802138
400.0
400.0
400.0
400.0
400.0
400.0
400.0
400.0
400.0
400.0
400.0
400.0
400.0
400.0
400.0
400.0
400.0
400.0
400.0
400.0
400.0
400.0
400.0
400.0
400.0
400.0
400.0
400.0
400.0
400.0
400.0
400.0
400.0
400.0
400.0
400.0
400.0
400.0
400.0
400.0
400.0
400.0
400.0
400.0
400.0
400.0
400.0
400.0
400.0
400.0
400.0
400.0
400.0
400.0
400.0
400.0
400.0
400.0
400.0
400.0
400.0
400.0
400.0
400.0
400.0
400.0
400.0
400.0
400.0
400.0
400.0
400.0
400.0
400.0
400.0
400.0
400.0
400.0
400.0
400.0
400.0
400.0
400.0
400.0
400.0
400.0
400.0
400.0
400.0
400.0
400.0
400.0
400.0
400.0
400.0
400.0
400.0
400.0
400.0
400.0
400.0
400.0
400.0
400.0
400.0
400.0
400.0
400.0
400.0
400.0
400.0
400.0
400.0
400.0
400.0
400.0
400.0
400.0
400.0
400.0
400.0
400.0
400.0
400.0
400.0
400.0
400.0
400.0
400.0
400.0
400.0
400.0
400.0
400.0
400.0
400.0
400.0
400.0
400.0
400.0
400.0
400.0
400.0
400.0
400.0
400.0
400.0
400.0
400.0
400.0
400.0
400.0
400.0
400.0
400.0
400.0
400.0
400.0
400.0
400.0
400.0
400.0
400.0
400.0
400.0
400.0
400.0
400.0
400.0
400.0
400.0
400.0
400.0
400.0
400.0
400.0
400.0
400.0
400.0
400.0
400.0
400.0
400.0
400.0
400.0
400.0
400.0
400.0
400.0
400.0
400.0
400.0
400.0
400.0
400.0
400.0
400.0
400.0
400.0
400.0
400.0
400.0
400.0
400.0
400.0
400.0
400.0
400.0
400.0
400.0
400.0
400.0
400.0
400.0
400.0
400.0
400.0
400.0
400.0
400.0
400.0
400.0
400.0
400.0
400.0
400.0
400.0
400.0
400.0
400.0
400.0
400.0
400.0
400.0
400.0
400.0
400.0
400.0
400.0
400.0
400.0
400.0
400.0
400.0
400.0
400.0
400.0
400.0
400.0
400.0
400.0
400.0
400.0
400.0
400.0
400.0
400.0
400.0
400.0
400.0
400.0
400.0
400.0
400.0
400.0
400.0
400.0
400.0
400.0
400.0
400.0
400.0
400.0
400.0
400.0
400.0
400.0
400.0
400.0
400.0
400.0
400.0
400.0
400.0
