-5.00716989421
-4.9998255025
-4.9955629754
-4.9893634628
-4.97952311952
-4.97806138717
-4.96897859009
-4.96152413328
-4.95529840222
-4.95255557346
-4.95168900376
-4.95168900376
-4.95168900376
-4.95168900376
-4.95168900376
-4.95168900376
-4.95168900376
-4.95168900376
-4.95168900376
-4.95168900376
-4.95168900376
-4.95168900376
-4.95168900376
-4.95168900376
-4.95168900376
-4.95168900376
-4.95168900376
-4.95168900376
-4.95168900376
-4.95168900376
-4.93906468498
-4.93686756404
-4.93238949813
-4.92240151151
-4.91824965684
-4.91227927636
-4.91075712523
-4.89759069093
-4.88640162809
-4.88640162809
-4.88640162809
-4.88640162809
-4.88640162809
-4.88640162809
-4.88640162809
-4.88640162809
-4.88640162809
-4.88640162809
-4.88640162809
-4.88640162809
-4.88640162809
-4.88640162809
-4.88640162809
-4.88640162809
-4.88640162809
-4.88640162809
-4.88640162809
-4.88640162809
-4.88640162809
-4.88640162809
-4.8775987313
-4.870494191
-4.86842132733
-4.85688376541
-4.8488555929
-4.84294812275
-4.8384195408
-4.83483772662
-4.8137646402
-4.8137646402
-4.8137646402
-4.8137646402
-4.8137646402
-4.8137646402
-4.8137646402
-4.8137646402
-4.8137646402
-4.8137646402
-4.8137646402
-4.8137646402
-4.8137646402
-4.8137646402
-4.8137646402
-4.8137646402
-4.8137646402
-4.8137646402
-4.8137646402
-4.8137646402
-4.79422244459
-4.79309376057
-4.79167630173
-4.7898429962
-4.78737941072
-4.78389310703
-4.77858062043
-4.76949876783
-4.75043637974
-4.75043637974
-4.74380167386
-4.73530081885
-4.73388729302
-4.73388729302
-4.73388729302
-4.73388729302
-4.73388729302
-4.73388729302
-4.73388729302
-4.73388729302
-4.73388729302
-4.73388729302
-4.73388729302
-4.73388729302
-4.73388729302
-4.73388729302
-4.73388729302
-4.73388729302
-4.73388729302
-4.73388729302
-4.73388729302
-4.73388729302
-4.72401941346
-4.71037004706
-4.70833083496
-4.69920608371
-4.68503811309
-4.68503811309
-4.68503811309
-4.6664718292
-4.65770115324
-4.64688972968
-4.64688972968
-4.64688972968
-4.64688972968
-4.64688972968
-4.64688972968
-4.64688972968
-4.64688972968
-4.64688972968
-4.64688972968
-4.64688972968
-4.64688972968
-4.64688972968
-4.64688972968
-4.64688972968
-4.64688972968
-4.64688972968
-4.64688972968
-4.64688972968
-4.64688972968
-4.64688972968
-4.64109794647
-4.6387559013
-4.6190695863
-4.61423079029
-4.61401953871
-4.6043713334
-4.59611949028
-4.58126341029
-4.57326350627
-4.56675218153
-4.55679473623
-4.55290280277
-4.55290280277
-4.55290280277
-4.55290280277
-4.55290280277
-4.55290280277
-4.55290280277
-4.55290280277
-4.55290280277
-4.55290280277
-4.55290280277
-4.55290280277
-4.55290280277
-4.55290280277
-4.55290280277
-4.55290280277
-4.55290280277
-4.55290280277
-4.55290280277
-4.55290280277
-4.54660240395
-4.53465692235
-4.52787960102
-4.52351313653
-4.52046542709
-4.4840357771
-4.48008122325
-4.47408821215
-4.46393372673
-4.45206787756
-4.45206787756
-4.45206787756
-4.45206787756
-4.45206787756
-4.45206787756
-4.45206787756
-4.45206787756
-4.45206787756
-4.45206787756
-4.45206787756
-4.45206787756
-4.45206787756
-4.45206787756
-4.45206787756
-4.45206787756
-4.45206787756
-4.45206787756
-4.45206787756
-4.45206787756
-4.44789415283
-4.44298090364
-4.43711258449
-4.42112910579
-4.41471348288
-4.39832670815
-4.39498844483
-4.37451837072
-4.36317435333
-4.34453661935
-4.34453661935
-4.34453661935
-4.34453661935
-4.34453661935
-4.34453661935
-4.34453661935
-4.34453661935
-4.34453661935
-4.34453661935
-4.34453661935
-4.34453661935
-4.34453661935
-4.34453661935
-4.34453661935
-4.34453661935
-4.34453661935
-4.34453661935
-4.34453661935
-4.34453661935
-4.34453661935
-4.33678865303
-4.33323237923
-4.33119045169
-4.30198096922
-4.29644162644
-4.28709611378
-4.26796989428
-4.2634718031
-4.24422394425
-4.23377181086
-4.23047076537
-4.23047076537
-4.23047076537
-4.23047076537
-4.23047076537
-4.23047076537
-4.23047076537
-4.23047076537
-4.23047076537
-4.23047076537
-4.23047076537
-4.23047076537
-4.23047076537
-4.23047076537
-4.23047076537
-4.23047076537
-4.23047076537
-4.23047076537
-4.23047076537
-4.23047076537
-4.20688837075
-4.20688837075
-4.20688837075
-4.20688837075
-4.18244613941
-4.17410051724
-4.1571023697
-4.14508903756
-4.11924486174
-4.11578173983
-4.1100418815
-4.1100418815
-4.1100418815
-4.1100418815
-4.1100418815
-4.1100418815
-4.1100418815
-4.1100418815
-4.1100418815
-4.1100418815
-4.1100418815
-4.1100418815
-4.1100418815
-4.1100418815
-4.1100418815
-4.1100418815
-4.1100418815
-4.1100418815
-4.1100418815
-4.1100418815
-4.10353064886
-4.09608146125
-4.08095680345
-4.07520597809
-4.05629800256
-4.05121898753
-4.03369871166
-4.02553637532
-4.00313671384
-3.98343110422
-3.98343110422
-3.98343110422
-3.98343110422
-3.98343110422
-3.98343110422
-3.98343110422
-3.98343110422
-3.98343110422
-3.98343110422
-3.98343110422
-3.98343110422
-3.98343110422
-3.98343110422
-3.98343110422
-3.98343110422
-3.98343110422
-3.98343110422
-3.98343110422
-3.98343110422
-3.98343110422
-3.98343110422
-3.96596292617
-3.95037283983
-3.945542238
-3.93637428939
-3.92373602482
-3.91597162322
-3.89225589049
-3.87281535027
-3.85659094937
-3.85082886817
-3.85082886817
-3.85082886817
-3.85082886817
-3.85082886817
-3.85082886817
-3.85082886817
-3.85082886817
-3.85082886817
-3.85082886817
-3.85082886817
-3.85082886817
-3.85082886817
-3.85082886817
-3.85082886817
-3.85082886817
-3.85082886817
-3.85082886817
-3.85082886817
-3.85082886817
-3.84284636955
-3.83105391696
-3.82082558449
-3.81186973352
-3.80396294337
-3.79693117807
-3.79063686259
-3.78496981392
-3.7124346197
-3.7124346197
-3.7124346197
-3.7124346197
-3.7124346197
-3.7124346197
-3.7124346197
-3.7124346197
-3.7124346197
-3.7124346197
-3.7124346197
-3.7124346197
-3.7124346197
-3.7124346197
-3.7124346197
-3.7124346197
-3.7124346197
-3.7124346197
-3.7124346197
-3.7124346197
-3.64021878776
-3.63824937067
-3.63605684522
-3.63360102445
-3.63083145405
-3.6276839099
-3.62407535701
-3.61989651901
-3.61500062391
-3.60918581515
-3.60216663825
-3.59352577473
-3.58262797919
-3.56845651692
-3.56845651692
-3.56845651692
-3.56845651692
-3.56845651692
-3.56845651692
-3.56845651692
-3.56845651692
-3.56845651692
-3.56845651692
-3.56845651692
-3.56845651692
-3.56845651692
-3.56845651692
-3.56845651692
-3.56845651692
-3.56845651692
-3.56845651692
-3.56845651692
-3.56845651692
-3.56845651692
-3.54927634474
-3.53706427654
-3.52186417245
-3.48971182747
-3.47947915307
-3.47947915307
-3.46806476035
-3.45525166188
-3.4407663555
-3.42425917114
-3.41911111656
-3.41911111656
-3.41911111656
-3.41911111656
-3.41911111656
-3.41911111656
-3.41911111656
-3.41911111656
-3.41911111656
-3.41911111656
-3.41911111656
-3.41911111656
-3.41911111656
-3.41911111656
-3.41911111656
-3.41911111656
-3.41911111656
-3.41911111656
-3.41911111656
-3.41911111656
-3.40527581652
-3.38321516106
-3.35726482811
-3.33368691548
-3.32629971211
-3.31460474669
-3.29328377585
-3.2887159531
-3.26930690627
-3.2646230483
-3.2646230483
-3.2646230483
-3.2646230483
-3.2646230483
-3.2646230483
-3.2646230483
-3.26462304829
-3.26462304829
-3.26462304829
-3.26462304829
-3.26462304829
-3.26462304829
-3.26462304829
-3.26462304829
-3.26462304829
-3.26462304829
-3.26462304829
-3.26462304829
-3.26462304829
-3.24214696967
-3.24214696967
-3.24214696967
-3.21112799772
-3.18295110925
-3.1753689741
-3.17239075925
-3.14391539728
-3.13370010917
-3.11205603371
-3.10522467685
-3.10522467685
-3.10522467685
-3.10522467685
-3.10522467685
-3.10522467685
-3.10522467685
-3.10522467685
-3.10522467685
-3.10522467685
-3.10522467685
-3.10522467685
-3.10522467685
-3.10522467685
-3.10522467685
-3.10522467685
-3.10522467685
-3.10522467685
-3.10522467685
-3.10522467685
-3.10522467685
-3.08453467259
-3.07617550455
-3.03546709562
-3.0256663609
-3.00607840117
-2.998737675
-2.98889453311
-2.96771055196
-2.953936683
-2.94115575253
-2.94115575253
-2.94115575253
-2.94115575253
-2.94115575253
-2.94115575253
-2.94115575253
-2.94115575253
-2.94115575253
-2.94115575253
-2.94115575253
-2.94115575253
-2.94115575253
-2.94115575253
-2.94115575253
-2.94115575253
-2.94115575253
-2.94115575253
-2.94115575253
-2.94115575253
-2.93510473811
-2.92473629573
-2.87628200145
-2.87229785939
-2.86466430355
-2.84413042224
-2.83501281525
-2.8212405721
-2.79802823645
-2.78629933389
-2.77266305057
-2.77266305057
-2.77266305057
-2.77266305057
-2.77266305057
-2.77266305057
-2.77266305057
-2.77266305057
-2.77266305057
-2.77266305057
-2.77266305057
-2.77266305057
-2.77266305057
-2.77266305057
-2.77266305057
-2.77266305057
-2.77266305057
-2.77266305057
-2.77266305057
-2.77266305057
-2.75818872222
-2.7506128537
-2.73169124911
-2.70888977054
-2.68526680052
-2.67006580628
-2.65946449134
-2.6
-2.6
-2.6
-2.6
-2.6
-2.6
-2.6
-2.6
-2.6
-2.6
-2.6
-2.6
-2.6
-2.6
-2.6
-2.6
-2.6
-2.6
-2.6
-2.6
-2.6
-2.6
-2.6
-2.6
-2.6
-2.6
-2.6
-2.6
-2.5332987886
-2.51966452573
-2.49902512697
-2.47971100743
-2.46411704486
-2.45798022698
-2.42667008077
-2.42342630245
-2.42342630245
-2.42342630245
-2.42342630245
-2.42342630245
-2.42342630245
-2.42342630245
-2.42342630245
-2.42342630245
-2.42342630245
-2.42342630245
-2.42342630245
-2.42342630245
-2.42342630245
-2.42342630245
-2.42342630245
-2.42342630245
-2.42342630245
-2.42342630245
-2.42342630245
-2.40913938262
-2.3923381962
-2.37766008118
-2.37229541824
-2.32994727674
-2.31783945004
-2.29603659072
-2.2900495881
-2.27399806639
-2.24320754154
-2.24320754154
-2.24320754154
-2.24320754154
-2.24320754154
-2.24320754154
-2.24320754154
-2.24320754154
-2.24320754154
-2.24320754154
-2.24320754154
-2.24320754154
-2.24320754154
-2.24320754154
-2.24320754154
-2.24320754154
-2.24320754154
-2.24320754154
-2.24320754154
-2.24320754154
-2.24049147369
-2.2292013193
-2.21405231614
-2.18886076463
-2.16015806761
-2.13869293628
-2.12203478367
-2.10873166823
-2.0888162082
-2.0596147834
-2.0596147834
-2.0596147834
-2.0596147834
-2.0596147834
-2.0596147834
-2.0596147834
-2.0596147834
-2.0596147834
-2.0596147834
-2.0596147834
-2.0596147834
-2.0596147834
-2.0596147834
-2.0596147834
-2.0596147834
-2.0596147834
-2.0596147834
-2.0596147834
-2.0596147834
-2.0596147834
-2.0437301646
-2.03374454655
-2.02688654112
-2.02188571246
-2.0180776339
-2.01508104955
-1.91809240752
-1.90996830786
-1.89977332671
-1.88660006782
-1.87292416898
-1.87292416898
-1.87292416898
-1.87292416898
-1.87292416898
-1.87292416898
-1.87292416898
-1.87292416898
-1.87292416898
-1.87292416898
-1.87292416898
-1.87292416898
-1.87292416898
-1.87292416898
-1.87292416898
-1.87292416898
-1.87292416898
-1.87292416898
-1.87292416898
-1.87292416898
-1.86892041876
-1.84394541262
-1.81257464607
-1.80598731479
-1.79122762148
-1.76404210381
-1.74137398329
-1.72824495729
-1.72442024847
-1.69416297939
-1.6834164987
-1.6834164987
-1.6834164987
-1.6834164987
-1.6834164987
-1.6834164987
-1.6834164987
-1.6834164987
-1.6834164987
-1.6834164987
-1.6834164987
-1.6834164987
-1.6834164987
-1.6834164987
-1.6834164987
-1.6834164987
-1.6834164987
-1.6834164987
-1.6834164987
-1.6834164987
-1.67897810481
-1.65613058131
-1.60688837075
-1.60688837075
-1.60688837075
-1.60688837075
-1.560440102
-1.54063302061
-1.52802142656
-1.50119812617
-1.4913768101
-1.4913768101
-1.4913768101
-1.4913768101
-1.4913768101
-1.4913768101
-1.4913768101
-1.4913768101
-1.4913768101
-1.4913768101
-1.4913768101
-1.4913768101
-1.4913768101
-1.4913768101
-1.4913768101
-1.4913768101
-1.4913768101
-1.4913768101
-1.4913768101
-1.4913768101
-1.4913768101
-1.47504124734
-1.44673081237
-1.42304754837
-1.40837043434
-1.3983830672
-1.32920648869
-1.32622239652
-1.32193533781
-1.31525358844
-1.30339316775
-1.2970939491
-1.2970939491
-1.2970939491
-1.2970939491
-1.2970939491
-1.2970939491
-1.2970939491
-1.2970939491
-1.2970939491
-1.2970939491
-1.2970939491
-1.2970939491
-1.2970939491
-1.2970939491
-1.2970939491
-1.2970939491
-1.2970939491
-1.2970939491
-1.2970939491
-1.2970939491
-1.27652453313
-1.25303205277
-1.23409883933
-1.20546478139
-1.18742452458
-1.15710885657
-1.15710885657
-1.15710885657
-1.12828980215
-1.11245203267
-1.10086013559
-1.10086013559
-1.10086013559
-1.10086013559
-1.10086013559
-1.10086013559
-1.10086013559
-1.10086013559
-1.10086013559
-1.10086013559
-1.10086013559
-1.10086013559
-1.10086013559
-1.10086013559
-1.10086013559
-1.10086013559
-1.10086013559
-1.10086013559
-1.10086013559
-1.10086013559
-1.08908936638
-1.05797126787
-1.04013360764
-1.03267042656
-1.02856998912
-0.974382835846
-0.963501365253
-0.944511625093
-0.925589057523
-0.902970523868
-0.902970523868
-0.902970523868
-0.902970523868
-0.902970523868
-0.902970523868
-0.902970523868
-0.902970523868
-0.902970523868
-0.902970523868
-0.902970523868
-0.902970523868
-0.902970523868
-0.902970523868
-0.902970523868
-0.902970523868
-0.902970523868
-0.902970523868
-0.902970523868
-0.902970523868
-0.902970523868
-0.902970523868
-0.864912643832
-0.849562281456
-0.80209445142
-0.797636605369
-0.787424443024
-0.759631748525
-0.740037159021
-0.721424766343
-0.703722758701
-0.703722758701
-0.703722758701
-0.703722758701
-0.703722758701
-0.703722758701
-0.703722758701
-0.703722758701
-0.703722758701
-0.703722758701
-0.703722758701
-0.703722758701
-0.703722758701
-0.703722758701
-0.703722758701
-0.703722758701
-0.703722758701
-0.703722758701
-0.703722758701
-0.703722758701
-0.698012982252
-0.690172741875
-0.646587264167
-0.626790737328
-0.608167674255
-0.574048776159
-0.568730283565
-0.543548008992
-0.543548008992
-0.520497596445
-0.516119754322
-0.503416527657
-0.503416527657
-0.503416527657
-0.503416527657
-0.503416527657
-0.503416527657
-0.503416527657
-0.503416527657
-0.503416527657
-0.503416527657
-0.503416527657
-0.503416527657
-0.503416527657
-0.503416527657
-0.503416527657
-0.503416527657
-0.503416527657
-0.503416527657
-0.503416527657
-0.503416527657
-0.483301900709
-0.479795469209
-0.44499004409
-0.429412596456
-0.414887748876
-0.388596486649
-0.365436182516
-0.354860549496
-0.344879373463
-0.326510701552
-0.309998650883
-0.302353110334
-0.302353110334
-0.302353110334
-0.302353110334
-0.302353110334
-0.302353110334
-0.302353110334
-0.302353110334
-0.302353110334
-0.302353110334
-0.302353110334
-0.302353110334
-0.302353110334
-0.302353110334
-0.302353110334
-0.302353110334
-0.302353110334
-0.302353110334
-0.302353110334
-0.302353110334
-0.302353110334
-0.263375677961
-0.233297117823
-0.209382888569
-0.1899145199
-0.17375788044
-0.160134304492
-0.148491464127
-0.138426711476
-0.129639597038
-0.121901382737
-0.115034853197
-0.108900583393
-0.103387375858
-0.100834925213
-0.100834925213
-0.100834925213
-0.100834925213
-0.100834925213
-0.100834925213
-0.100834925213
-0.100834925213
-0.100834925213
-0.100834925213
-0.100834925213
-0.100834925213
-0.100834925213
-0.100834925213
-0.100834925213
-0.100834925213
-0.100834925213
-0.100834925213
-0.100834925213
-0.100834925213
0.100834925213
0.100834925213
0.100834925213
0.100834925213
0.100834925213
0.100834925213
0.100834925213
0.100834925213
0.100834925213
0.100834925213
0.100834925213
0.100834925213
0.100834925213
0.100834925213
0.100834925213
0.100834925213
0.100834925213
0.100834925213
0.100834925213
0.100834925213
0.103387375858
0.108900583393
0.115034853197
0.121901382737
0.129639597038
0.138426711476
0.148491464127
0.160134304492
0.17375788044
0.1899145199
0.209382888569
0.233297117823
0.263375677961
0.302353110334
0.302353110334
0.302353110334
0.302353110334
0.302353110334
0.302353110334
0.302353110334
0.302353110334
0.302353110334
0.302353110334
0.302353110334
0.302353110334
0.302353110334
0.302353110334
0.302353110334
0.302353110334
0.302353110334
0.302353110334
0.302353110334
0.302353110334
0.302353110334
0.309998650883
0.326510701552
0.344879373463
0.354860549496
0.365436182516
0.388596486649
0.414887748876
0.429412596456
0.44499004409
0.479795469209
0.483301900709
0.503416527657
0.503416527657
0.503416527657
0.503416527657
0.503416527657
0.503416527657
0.503416527657
0.503416527657
0.503416527657
0.503416527657
0.503416527657
0.503416527657
0.503416527657
0.503416527657
0.503416527657
0.503416527657
0.503416527657
0.503416527657
0.503416527657
0.503416527657
0.516119754322
0.520497596445
0.543548008992
0.543548008992
0.568730283565
0.574048776159
0.608167674255
0.626790737328
0.646587264167
0.690172741875
0.698012982252
0.703722758701
0.703722758701
0.703722758701
0.703722758701
0.703722758701
0.703722758701
0.703722758701
0.703722758701
0.703722758701
0.703722758701
0.703722758701
0.703722758701
0.703722758701
0.703722758701
0.703722758701
0.703722758701
0.703722758701
0.703722758701
0.703722758701
0.703722758701
0.721424766343
0.740037159021
0.759631748525
0.787424443024
0.797636605369
0.80209445142
0.849562281456
0.864912643832
0.902970523868
0.902970523868
0.902970523868
0.902970523868
0.902970523868
0.902970523868
0.902970523868
0.902970523868
0.902970523868
0.902970523868
0.902970523868
0.902970523868
0.902970523868
0.902970523868
0.902970523868
0.902970523868
0.902970523868
0.902970523868
0.902970523868
0.902970523868
0.902970523868
0.902970523868
0.925589057523
0.944511625093
0.963501365253
0.974382835846
1.02856998912
1.03267042656
1.04013360764
1.05797126787
1.08908936638
1.10086013559
1.10086013559
1.10086013559
1.10086013559
1.10086013559
1.10086013559
1.10086013559
1.10086013559
1.10086013559
1.10086013559
1.10086013559
1.10086013559
1.10086013559
1.10086013559
1.10086013559
1.10086013559
1.10086013559
1.10086013559
1.10086013559
1.10086013559
1.11245203267
1.12828980215
1.15710885657
1.15710885657
1.15710885657
1.18742452458
1.20546478139
1.23409883933
1.25303205277
1.27652453313
1.2970939491
1.2970939491
1.2970939491
1.2970939491
1.2970939491
1.2970939491
1.2970939491
1.2970939491
1.2970939491
1.2970939491
1.2970939491
1.2970939491
1.2970939491
1.2970939491
1.2970939491
1.2970939491
1.2970939491
1.2970939491
1.2970939491
1.2970939491
1.30339316775
1.31525358844
1.32193533781
1.32622239652
1.32920648869
1.3983830672
1.40837043434
1.42304754837
1.44673081237
1.47504124734
1.4913768101
1.4913768101
1.4913768101
1.4913768101
1.4913768101
1.4913768101
1.4913768101
1.4913768101
1.4913768101
1.4913768101
1.4913768101
1.4913768101
1.4913768101
1.4913768101
1.4913768101
1.4913768101
1.4913768101
1.4913768101
1.4913768101
1.4913768101
1.4913768101
1.50119812617
1.52802142656
1.54063302061
1.560440102
1.60688837075
1.60688837075
1.60688837075
1.60688837075
1.65613058131
1.67897810481
1.6834164987
1.6834164987
1.6834164987
1.6834164987
1.6834164987
1.6834164987
1.6834164987
1.6834164987
1.6834164987
1.6834164987
1.6834164987
1.6834164987
1.6834164987
1.6834164987
1.6834164987
1.6834164987
1.6834164987
1.6834164987
1.6834164987
1.6834164987
1.69416297939
1.72442024847
1.72824495729
1.74137398329
1.76404210381
1.79122762148
1.80598731479
1.81257464607
1.84394541262
1.86892041876
1.87292416898
1.87292416898
1.87292416898
1.87292416898
1.87292416898
1.87292416898
1.87292416898
1.87292416898
1.87292416898
1.87292416898
1.87292416898
1.87292416898
1.87292416898
1.87292416898
1.87292416898
1.87292416898
1.87292416898
1.87292416898
1.87292416898
1.87292416898
1.88660006782
1.89977332671
1.90996830786
1.91809240752
2.01508104955
2.0180776339
2.02188571246
2.02688654112
2.03374454655
2.0437301646
2.0596147834
2.0596147834
2.0596147834
2.0596147834
2.0596147834
2.0596147834
2.0596147834
2.0596147834
2.0596147834
2.0596147834
2.0596147834
2.0596147834
2.0596147834
2.0596147834
2.0596147834
2.0596147834
2.0596147834
2.0596147834
2.0596147834
2.0596147834
2.0596147834
2.0888162082
2.10873166823
2.12203478367
2.13869293628
2.16015806761
2.18886076463
2.21405231614
2.2292013193
2.24049147369
2.24320754154
2.24320754154
2.24320754154
2.24320754154
2.24320754154
2.24320754154
2.24320754154
2.24320754154
2.24320754154
2.24320754154
2.24320754154
2.24320754154
2.24320754154
2.24320754154
2.24320754154
2.24320754154
2.24320754154
2.24320754154
2.24320754154
2.24320754154
2.27399806639
2.2900495881
2.29603659072
2.31783945004
2.32994727674
2.37229541824
2.37766008118
2.3923381962
2.40913938262
2.42342630245
2.42342630245
2.42342630245
2.42342630245
2.42342630245
2.42342630245
2.42342630245
2.42342630245
2.42342630245
2.42342630245
2.42342630245
2.42342630245
2.42342630245
2.42342630245
2.42342630245
2.42342630245
2.42342630245
2.42342630245
2.42342630245
2.42342630245
2.42667008077
2.45798022698
2.46411704486
2.47971100743
2.49902512697
2.51966452573
2.5332987886
2.6
2.6
2.6
2.6
2.6
2.6
2.6
2.6
2.6
2.6
2.6
2.6
2.6
2.6
2.6
2.6
2.6
2.6
2.6
2.6
2.6
2.6
2.6
2.6
2.6
2.6
2.6
2.6
2.65946449134
2.67006580628
2.68526680052
2.70888977054
2.73169124911
2.7506128537
2.75818872222
2.77266305057
2.77266305057
2.77266305057
2.77266305057
2.77266305057
2.77266305057
2.77266305057
2.77266305057
2.77266305057
2.77266305057
2.77266305057
2.77266305057
2.77266305057
2.77266305057
2.77266305057
2.77266305057
2.77266305057
2.77266305057
2.77266305057
2.77266305057
2.78629933389
2.79802823645
2.8212405721
2.83501281525
2.84413042224
2.86466430355
2.87229785939
2.87628200145
2.92473629573
2.93510473811
2.94115575253
2.94115575253
2.94115575253
2.94115575253
2.94115575253
2.94115575253
2.94115575253
2.94115575253
2.94115575253
2.94115575253
2.94115575253
2.94115575253
2.94115575253
2.94115575253
2.94115575253
2.94115575253
2.94115575253
2.94115575253
2.94115575253
2.94115575253
2.953936683
2.96771055196
2.98889453311
2.998737675
3.00607840117
3.0256663609
3.03546709562
3.07617550455
3.08453467259
3.10522467685
3.10522467685
3.10522467685
3.10522467685
3.10522467685
3.10522467685
3.10522467685
3.10522467685
3.10522467685
3.10522467685
3.10522467685
3.10522467685
3.10522467685
3.10522467685
3.10522467685
3.10522467685
3.10522467685
3.10522467685
3.10522467685
3.10522467685
3.10522467685
3.11205603371
3.13370010917
3.14391539728
3.17239075925
3.1753689741
3.18295110925
3.21112799772
3.24214696967
3.24214696967
3.24214696967
3.26462304829
3.26462304829
3.26462304829
3.26462304829
3.26462304829
3.26462304829
3.26462304829
3.26462304829
3.26462304829
3.26462304829
3.26462304829
3.26462304829
3.26462304829
3.26462304829
3.26462304829
3.26462304829
3.26462304829
3.26462304829
3.2646230483
3.2646230483
3.26930690627
3.2887159531
3.29328377585
3.31460474669
3.32629971211
3.33368691548
3.35726482811
3.38321516106
3.40527581652
3.41911111656
3.41911111656
3.41911111656
3.41911111656
3.41911111656
3.41911111656
3.41911111656
3.41911111656
3.41911111656
3.41911111656
3.41911111656
3.41911111656
3.41911111656
3.41911111656
3.41911111656
3.41911111656
3.41911111656
3.41911111656
3.41911111656
3.41911111656
3.42425917114
3.4407663555
3.45525166188
3.46806476035
3.47947915307
3.47947915307
3.48971182747
3.52186417245
3.53706427654
3.54927634474
3.56845651692
3.56845651692
3.56845651692
3.56845651692
3.56845651692
3.56845651692
3.56845651692
3.56845651692
3.56845651692
3.56845651692
3.56845651692
3.56845651692
3.56845651692
3.56845651692
3.56845651692
3.56845651692
3.56845651692
3.56845651692
3.56845651692
3.56845651692
3.56845651692
3.58262797919
3.59352577473
3.60216663825
3.60918581515
3.61500062391
3.61989651901
3.62407535701
3.6276839099
3.63083145405
3.63360102445
3.63605684522
3.63824937067
3.64021878776
3.7124346197
3.7124346197
3.7124346197
3.7124346197
3.7124346197
3.7124346197
3.7124346197
3.7124346197
3.7124346197
3.7124346197
3.7124346197
3.7124346197
3.7124346197
3.7124346197
3.7124346197
3.7124346197
3.7124346197
3.7124346197
3.7124346197
3.7124346197
3.78496981392
3.79063686259
3.79693117807
3.80396294337
3.81186973352
3.82082558449
3.83105391696
3.84284636955
3.85082886817
3.85082886817
3.85082886817
3.85082886817
3.85082886817
3.85082886817
3.85082886817
3.85082886817
3.85082886817
3.85082886817
3.85082886817
3.85082886817
3.85082886817
3.85082886817
3.85082886817
3.85082886817
3.85082886817
3.85082886817
3.85082886817
3.85082886817
3.85659094937
3.87281535027
3.89225589049
3.91597162322
3.92373602482
3.93637428939
3.945542238
3.95037283983
3.96596292617
3.98343110422
3.98343110422
3.98343110422
3.98343110422
3.98343110422
3.98343110422
3.98343110422
3.98343110422
3.98343110422
3.98343110422
3.98343110422
3.98343110422
3.98343110422
3.98343110422
3.98343110422
3.98343110422
3.98343110422
3.98343110422
3.98343110422
3.98343110422
3.98343110422
3.98343110422
4.00313671384
4.02553637532
4.03369871166
4.05121898753
4.05629800256
4.07520597809
4.08095680345
4.09608146125
4.10353064886
4.1100418815
4.1100418815
4.1100418815
4.1100418815
4.1100418815
4.1100418815
4.1100418815
4.1100418815
4.1100418815
4.1100418815
4.1100418815
4.1100418815
4.1100418815
4.1100418815
4.1100418815
4.1100418815
4.1100418815
4.1100418815
4.1100418815
4.1100418815
4.11578173983
4.11924486174
4.14508903756
4.1571023697
4.17410051724
4.18244613941
4.20688837075
4.20688837075
4.20688837075
4.20688837075
4.23047076537
4.23047076537
4.23047076537
4.23047076537
4.23047076537
4.23047076537
4.23047076537
4.23047076537
4.23047076537
4.23047076537
4.23047076537
4.23047076537
4.23047076537
4.23047076537
4.23047076537
4.23047076537
4.23047076537
4.23047076537
4.23047076537
4.23047076537
4.23377181086
4.24422394425
4.2634718031
4.26796989428
4.28709611378
4.29644162644
4.30198096922
4.33119045169
4.33323237923
4.33678865303
4.34453661935
4.34453661935
4.34453661935
4.34453661935
4.34453661935
4.34453661935
4.34453661935
4.34453661935
4.34453661935
4.34453661935
4.34453661935
4.34453661935
4.34453661935
4.34453661935
4.34453661935
4.34453661935
4.34453661935
4.34453661935
4.34453661935
4.34453661935
4.34453661935
4.36317435333
4.37451837072
4.39498844483
4.39832670815
4.41471348288
4.42112910579
4.43711258449
4.44298090364
4.44789415283
4.45206787756
4.45206787756
4.45206787756
4.45206787756
4.45206787756
4.45206787756
4.45206787756
4.45206787756
4.45206787756
4.45206787756
4.45206787756
4.45206787756
4.45206787756
4.45206787756
4.45206787756
4.45206787756
4.45206787756
4.45206787756
4.45206787756
4.45206787756
4.46393372673
4.47408821215
4.48008122325
4.4840357771
4.52046542709
4.52351313653
4.52787960102
4.53465692235
4.54660240395
4.55290280277
4.55290280277
4.55290280277
4.55290280277
4.55290280277
4.55290280277
4.55290280277
4.55290280277
4.55290280277
4.55290280277
4.55290280277
4.55290280277
4.55290280277
4.55290280277
4.55290280277
4.55290280277
4.55290280277
4.55290280277
4.55290280277
4.55290280277
4.55679473623
4.56675218153
4.57326350627
4.58126341029
4.59611949028
4.6043713334
4.61401953871
4.61423079029
4.6190695863
4.6387559013
4.64109794647
4.64688972968
4.64688972968
4.64688972968
4.64688972968
4.64688972968
4.64688972968
4.64688972968
4.64688972968
4.64688972968
4.64688972968
4.64688972968
4.64688972968
4.64688972968
4.64688972968
4.64688972968
4.64688972968
4.64688972968
4.64688972968
4.64688972968
4.64688972968
4.64688972968
4.65770115324
4.6664718292
4.68503811309
4.68503811309
4.68503811309
4.69920608371
4.70833083496
4.71037004706
4.72401941346
4.73388729302
4.73388729302
4.73388729302
4.73388729302
4.73388729302
4.73388729302
4.73388729302
4.73388729302
4.73388729302
4.73388729302
4.73388729302
4.73388729302
4.73388729302
4.73388729302
4.73388729302
4.73388729302
4.73388729302
4.73388729302
4.73388729302
4.73388729302
4.73530081885
4.74380167386
4.75043637974
4.75043637974
4.76949876783
4.77858062043
4.78389310703
4.78737941072
4.7898429962
4.79167630173
4.79309376057
4.79422244459
4.8137646402
4.8137646402
4.8137646402
4.8137646402
4.8137646402
4.8137646402
4.8137646402
4.8137646402
4.8137646402
4.8137646402
4.8137646402
4.8137646402
4.8137646402
4.8137646402
4.8137646402
4.8137646402
4.8137646402
4.8137646402
4.8137646402
4.8137646402
4.83483772662
4.8384195408
4.84294812275
4.8488555929
4.85688376541
4.86842132733
4.870494191
4.8775987313
4.88640162809
4.88640162809
4.88640162809
4.88640162809
4.88640162809
4.88640162809
4.88640162809
4.88640162809
4.88640162809
4.88640162809
4.88640162809
4.88640162809
4.88640162809
4.88640162809
4.88640162809
4.88640162809
4.88640162809
4.88640162809
4.88640162809
4.88640162809
4.88640162809
4.88640162809
4.89759069093
4.91075712523
4.91227927636
4.91824965684
4.92240151151
4.93238949813
4.93686756404
4.93906468498
4.95168900376
4.95168900376
4.95168900376
4.95168900376
4.95168900376
4.95168900376
4.95168900376
4.95168900376
4.95168900376
4.95168900376
4.95168900376
4.95168900376
4.95168900376
4.95168900376
4.95168900376
4.95168900376
4.95168900376
4.95168900376
4.95168900376
4.95168900376
4.95255557346
4.95529840222
4.96152413328
4.96897859009
4.97806138717
4.97952311952
4.9893634628
4.9955629754
4.9998255025
5.00716989421
5.0095285688
5.0095285688
5.0095285688
5.0095285688
