-50.0
-50.0
-50.0
-50.0
-49.5959643688
-49.2705859573
-49.003778138
-48.6708265656
-48.567948943
-48.5011591498
-48.3696409551
-48.3063916709
-48.3063916709
-47.9992384039
-47.7269511287
-47.5065642462
-47.4480111507
-47.3073893126
-47.0978282878
-47.0063916709
-47.0063916709
-46.6627810131
-46.661264069
-46.5957716805
-46.2637728075
-46.2536133013
-46.1
-46.1
-46.1
-46.1
-46.1
-6.43995783951
-5.92387538469
-5.39918631676
-4.91717160665
-3.95428536226
-3.88056348651
-3.42531958075
-3.22765042351
-2.6
-2.6
-2.32133500926
-2.11979550817
-1.83202335879
-0.246430446925
0.246430446925
1.83202335879
2.11979550817
2.32133500926
2.6
2.6
3.22765042351
3.42531958075
3.88056348651
3.95428536226
4.91717160665
5.39918631676
5.92387538469
6.43995783951
