-3.74671228672
-3.74578676748
-3.74082416372
-3.70714997273
-3.70312852521
-3.69994347241
-3.69920487413
-3.69390005384
-3.6888683014
-3.68719354755
-3.67976144063
-3.67959099654
-3.67523721713
-3.67312022188
-3.66206478829
-3.6520480812
-3.64661511578
-3.64491422641
-3.63837574647
-3.63720612817
-3.62901662805
-3.62679933184
-3.62593265702
-3.62072814215
-3.6179689242
-3.60719952581
-3.60358625587
-3.60265388249
-3.58096209226
-3.57934245685
-3.57422375505
-3.56735026868
-3.56486734631
-3.55542263744
-3.54945120923
-3.54711105925
-3.54422579421
-3.54156276374
-3.52203107247
-3.51700238898
-3.51694272909
-3.51493757931
-3.51044900477
-3.5047339065
-3.50212307476
-3.48335709924
-3.48049651538
-3.47650700856
-3.47073806002
-3.46380980424
-3.45969364086
-3.4570101726
-3.45133435105
-3.445149577
-3.42945657565
-3.422909299
-3.42283980717
-3.41887323623
-3.39028657879
-3.390056639
-3.38550431566
-3.38522890449
-3.38269191161
-3.37437149088
-3.37001778902
-3.36831509687
-3.36536608151
-3.34984014138
-3.3491124489
-3.34823180716
-3.34132307391
-3.33612976876
-3.33195905501
-3.33136762326
-3.32933994814
-3.31803625864
-3.31734864004
-3.31120865049
-3.3076978973
-3.30223779789
-3.28197146607
-3.28161705916
-3.27514439886
-3.2729903221
-3.2714135557
-3.26203779892
-3.2609835024
-3.25727213596
-3.25406471816
-3.25301456974
-3.24424589061
-3.24102697849
-3.23709865548
-3.23282022165
-3.22818288149
-3.22398380892
-3.21785547937
-3.21429966991
-3.20105376345
-3.19475527257
-3.18368680446
-3.18316472553
-3.17946170378
-3.16498658531
-3.16328784953
-3.16059947145
-3.16044279722
-3.15704974684
-3.15237213703
-3.14304838569
-3.1414177198
-3.14136725429
-3.13927140075
-3.1377058571
-3.11513607188
-3.09653725557
-3.08800628481
-3.08788822755
-3.08197519558
-3.07774215515
-3.07658768112
-3.07488117905
-3.07110291971
-3.06909391509
-3.06600900532
-3.06020864227
-3.05395734919
-3.05323756353
-3.04620736231
-3.03693937378
-3.03598953633
-3.02995887023
-3.02396637437
-3.0190135432
-3.01833619367
-3.01380541633
-3.00257892297
-3.00208865554
-3.00152014326
-3.0015052742
-3.00142679021
-2.99469481285
-2.99183658963
-2.98259753439
-2.98124062943
-2.96848315593
-2.9649966793
-2.96047868029
-2.95582369513
-2.95445777326
-2.95049863582
-2.93571371987
-2.9288804295
-2.92587683358
-2.92072399709
-2.91956317736
-2.91837776479
-2.91664349765
-2.91034234636
-2.90788202139
-2.90715755243
-2.90628262634
-2.90285252883
-2.89144668071
-2.88921057958
-2.88334086957
-2.86857656002
-2.86572202258
-2.8630477165
-2.85369085092
-2.85298134201
-2.8525878509
-2.84843240782
-2.84645547285
-2.84562418441
-2.83647279742
-2.83623049174
-2.8275419867
-2.82655126001
-2.80936334404
-2.80166072556
-2.80126912341
-2.79907924182
-2.79662354164
-2.79448047849
-2.78937240844
-2.78566612358
-2.78252328816
-2.78053997065
-2.77950452033
-2.77611267335
-2.76580402595
-2.7618450545
-2.76149113842
-2.75828721838
-2.7574818927
-2.75278341926
-2.7526630806
-2.74858025716
-2.74434359213
-2.74373497846
-2.73727200817
-2.73132763639
-2.73087612309
-2.72066583633
-2.71816900079
-2.71766964107
-2.71631008462
-2.71581915103
-2.71206562715
-2.71011440556
-2.69753681763
-2.69643243175
-2.69352625259
-2.68731349592
-2.68581660103
-2.68482200347
-2.67687399172
-2.67476821476
-2.67069607902
-2.66860054447
-2.65428540257
-2.6542631401
-2.65181670443
-2.65004801586
-2.64819360464
-2.64304539512
-2.64271140204
-2.64038159608
-2.63655118101
-2.63571440968
-2.63049212092
-2.63028100748
-2.6215764364
-2.61497380533
-2.61340279232
-2.61172483381
-2.60967794169
-2.60597407746
-2.60541811618
-2.6
-2.6
-2.6
-2.6
-2.6
-2.6
-2.6
-2.6
-2.6
-2.6
-2.59439430734
-2.59146109854
-2.58743215655
-2.58632944486
-2.58481195279
-2.5802915201
-2.57347580334
-2.57142390572
-2.56709092498
-2.56569102804
-2.56468980046
-2.55804766837
-2.55552140812
-2.54701425378
-2.54310790006
-2.53311676065
-2.53210394918
-2.53173895258
-2.53062349785
-2.52144643933
-2.51797517381
-2.51607630425
-2.50956961978
-2.5018929889
-2.49822259352
-2.49677497538
-2.49529143201
-2.48961450113
-2.48822349263
-2.48711547872
-2.48611563382
-2.48518794503
-2.48414305626
-2.47292730197
-2.47243026349
-2.4644453396
-2.46308039538
-2.45850864666
-2.45570261836
-2.44825673772
-2.44824113709
-2.44197945359
-2.43895484236
-2.4271966764
-2.42432742444
-2.42051755414
-2.41491141179
-2.40994309976
-2.40823961162
-2.40657726441
-2.39956390266
-2.39191073618
-2.38658200185
-2.38559272287
-2.36981989003
-2.36386393217
-2.36016846835
-2.35954514547
-2.35384540618
-2.35133577057
-2.35049311682
-2.34941149628
-2.345360009
-2.34445553547
-2.34219975513
-2.34144717315
-2.32603686353
-2.31984694177
-2.31727879673
-2.30456290309
-2.29792473767
-2.29445825733
-2.29045457241
-2.28894911095
-2.28443654074
-2.27952208222
-2.27817433355
-2.26553956523
-2.24535692201
-2.24505608342
-2.24195687617
-2.23937057179
-2.23788730256
-2.23185369773
-2.20783852574
-2.20511066952
-2.2007677349
-2.196872823
-2.19584926004
-2.19375483219
-2.18470578654
-2.18109014946
-2.17475192143
-2.16794686121
-2.1583978623
-2.15639460647
-2.15520923331
-2.15140020989
-2.14943767739
-2.14724545807
-2.13356508275
-2.12760060023
-2.12715691329
-2.12217274904
-2.12079634497
-2.11357758824
-2.11273656916
-2.07460357148
-2.06980990114
-2.06690704088
-2.05548493133
-2.05428046928
-2.05390799719
-2.04007315465
-2.03355352943
-2.01741416701
-2.01424513244
-2.00331410598
-1.99813205862
-1.98826861892
-1.98274202914
-1.97374539716
-1.97172693064
-1.97045485706
-1.96318451948
-1.956754077
-1.95461079005
-1.93680924981
-1.92844043221
-1.92435449705
-1.92300945613
-1.91449698418
-1.90767965415
-1.9045349678
-1.89972103798
-1.89582785079
-1.88851345896
-1.88430111332
-1.88216269902
-1.86018905063
-1.83898190216
-1.81747018361
-1.8171084967
-1.80982428204
-1.80948939674
-1.80934804062
-1.7999801316
-1.79710799904
-1.7667661818
-1.75768776772
-1.72563550645
-1.7208589024
-1.71761213857
-1.70836644374
-1.70813016763
-1.70773091622
-1.70650879368
-1.69847394659
-1.66556474542
-1.66409449389
-1.66304268321
-1.6443447544
-1.63647440977
-1.63351516503
-1.62507282957
-1.62071674486
-1.61947960388
-1.61535003308
-1.61393170236
-1.59706535984
-1.58634472616
-1.56724900366
-1.53241591351
-1.51890182447
-1.51698509315
-1.51312070126
-1.50717169309
-1.49589201904
-1.45797946948
-1.44049318862
-1.43208594765
-1.43085684623
-1.41893651289
-1.41790223632
-1.37790381142
-1.37016328664
-1.36476081919
-1.35037596861
-1.33752136274
-1.335616252
-1.32683226983
-1.3171492506
-1.31562671154
-1.30754219998
-1.30197318883
-1.29579778587
-1.26342612341
-1.22728253089
-1.21981650927
-1.21531843611
-1.2091740148
-1.18138693948
-1.13022602277
-1.11318234821
-1.10648995393
-1.09982025595
-1.07948105847
-1.04991468129
-1.04155650908
-1.01177766601
-0.990120712744
-0.990033767656
-0.987865245385
-0.955840461949
-0.953967407334
-0.945645138802
-0.942851404198
-0.912538418331
-0.873695565259
-0.821466993341
-0.817512301773
-0.757832847688
-0.729716059495
-0.712341671914
-0.65370511344
-0.641017472034
-0.626965338162
-0.596353812072
-0.576308797892
-0.567242219007
-0.524358184011
-0.409604351562
-0.299630192433
-0.199174215188
-0.115333869583
-0.0556222835758
-0.0218262928901
-0.00701175124221
-0.00186630640927
-0.000411502363758
-7.40950102737e-05
-1.05989295371e-05
-1.15416189631e-06
-8.98084912696e-08
-4.54031144174e-09
-1.28434144626e-10
-1.58024065838e-12
-5.26821967127e-15
-3.14418630021e-18
-1.54498809579e-18
-4.4723339615e-19
3.17129135452e-18
5.26674244581e-15
1.5802413089e-12
1.28434147364e-10
4.54031144116e-09
8.9808491267e-08
1.15416189631e-06
1.05989295371e-05
7.40950102737e-05
0.000411502363758
0.00186630640927
0.00701175124222
0.0218262928901
0.0556222835758
0.115333869583
0.199174215188
0.299630192432
0.40960435156
0.524358184011
0.567242219007
0.576308797892
0.596353812072
0.626965338162
0.641017472034
0.65370511344
0.712341671914
0.729716059494
0.757832847688
0.817512301773
0.821466993341
0.87369556526
0.912538418331
0.942851404198
0.945645138802
0.953967407334
0.955840461949
0.987865245385
0.990033767656
0.990120712744
1.01177766601
1.04155650908
1.04991468129
1.07948105847
1.09982025595
1.10648995393
1.11318234821
1.13022602277
1.18138693948
1.2091740148
1.21531843611
1.21981650927
1.22728253089
1.26342612341
1.29579778587
1.30197318883
1.30754219998
1.31562671154
1.3171492506
1.32683226984
1.335616252
1.33752136274
1.35037596861
1.36476081919
1.37016328664
1.37790381142
1.41790223632
1.41893651289
1.43085684623
1.43208594765
1.44049318862
1.45797946948
1.49589201904
1.50717169309
1.51312070126
1.51698509315
1.51890182447
1.53241591351
1.56724900366
1.58634472616
1.59706535984
1.61393170236
1.61535003308
1.61947960388
1.62071674486
1.62507282957
1.63351516503
1.63647440977
1.6443447544
1.66304268321
1.66409449389
1.66556474542
1.69847394659
1.70650879368
1.70773091622
1.70813016763
1.70836644374
1.71761213857
1.7208589024
1.72563550645
1.75768776772
1.7667661818
1.79710799904
1.7999801316
1.80934804062
1.80948939674
1.80982428204
1.8171084967
1.81747018361
1.83898190216
1.86018905063
1.88216269902
1.88430111332
1.88851345896
1.89582785079
1.89972103798
1.9045349678
1.90767965415
1.91449698418
1.92300945613
1.92435449705
1.92844043221
1.93680924981
1.95461079005
1.956754077
1.96318451948
1.97045485706
1.97172693064
1.97374539716
1.98274202914
1.98826861892
1.99813205862
2.00331410598
2.01424513244
2.01741416701
2.03355352943
2.04007315465
2.05390799719
2.05428046928
2.05548493133
2.06690704088
2.06980990114
2.07460357148
2.11273656916
2.11357758824
2.12079634497
2.12217274904
2.12715691329
2.12760060023
2.13356508275
2.14724545807
2.14943767739
2.15140020989
2.15520923331
2.15639460647
2.1583978623
2.16794686121
2.17475192143
2.18109014946
2.18470578654
2.19375483219
2.19584926004
2.196872823
2.2007677349
2.20511066952
2.20783852574
2.23185369773
2.23788730256
2.23937057179
2.24195687617
2.24505608342
2.24535692201
2.26553956523
2.27817433355
2.27952208222
2.28443654074
2.28894911095
2.29045457241
2.29445825733
2.29792473767
2.30456290309
2.31727879673
2.31984694177
2.32603686353
2.34144717315
2.34219975513
2.34445553547
2.345360009
2.34941149628
2.35049311682
2.35133577057
2.35384540618
2.35954514547
2.36016846835
2.36386393217
2.36981989003
2.38559272287
2.38658200185
2.39191073618
2.39956390266
2.40657726441
2.40823961162
2.40994309976
2.41491141179
2.42051755414
2.42432742444
2.4271966764
2.43895484236
2.44197945359
2.44824113709
2.44825673772
2.45570261836
2.45850864666
2.46308039538
2.4644453396
2.47243026349
2.47292730197
2.48414305626
2.48518794503
2.48611563382
2.48711547872
2.48822349263
2.48961450113
2.49529143201
2.49677497538
2.49822259352
2.5018929889
2.50956961978
2.51607630425
2.51797517381
2.52144643933
2.53062349785
2.53173895258
2.53210394918
2.53311676065
2.54310790006
2.54701425378
2.55552140812
2.55804766837
2.56468980046
2.56569102804
2.56709092498
2.57142390572
2.57347580334
2.5802915201
2.58481195279
2.58632944486
2.58743215655
2.59146109854
2.59439430734
2.6
2.6
2.6
2.6
2.6
2.6
2.6
2.6
2.6
2.6
2.60541811618
2.60597407746
2.60967794169
2.61172483381
2.61340279232
2.61497380533
2.6215764364
2.63028100748
2.63049212092
2.63571440968
2.63655118101
2.64038159608
2.64271140204
2.64304539512
2.64819360464
2.65004801586
2.65181670443
2.6542631401
2.65428540257
2.66860054447
2.67069607902
2.67476821476
2.67687399172
2.68482200347
2.68581660103
2.68731349593
2.69352625259
2.69643243175
2.69753681763
2.71011440556
2.71206562715
2.71581915103
2.71631008462
2.71766964107
2.71816900079
2.72066583633
2.73087612309
2.73132763639
2.73727200817
2.74373497846
2.74434359213
2.74858025716
2.7526630806
2.75278341926
2.7574818927
2.75828721838
2.76149113842
2.7618450545
2.76580402595
2.77611267335
2.77950452033
2.78053997065
2.78252328816
2.78566612358
2.78937240844
2.79448047849
2.79662354164
2.79907924182
2.80126912341
2.80166072556
2.80936334404
2.82655126001
2.8275419867
2.83623049174
2.83647279742
2.84562418441
2.84645547285
2.84843240782
2.8525878509
2.85298134201
2.85369085092
2.8630477165
2.86572202258
2.86857656002
2.88334086957
2.88921057958
2.89144668071
2.90285252883
2.90628262634
2.90715755243
2.90788202139
2.91034234636
2.91664349765
2.91837776479
2.91956317736
2.92072399709
2.92587683358
2.9288804295
2.93571371987
2.95049863582
2.95445777326
2.95582369513
2.96047868029
2.9649966793
2.96848315593
2.98124062943
2.98259753439
2.99183658963
2.99469481285
3.00142679021
3.0015052742
3.00152014326
3.00208865554
3.00257892297
3.01380541633
3.01833619367
3.0190135432
3.02396637437
3.02995887023
3.03598953633
3.03693937378
3.04620736231
3.05323756353
3.05395734919
3.06020864227
3.06600900532
3.06909391509
3.07110291971
3.07488117905
3.07658768112
3.07774215515
3.08197519558
3.08788822755
3.08800628481
3.09653725557
3.11513607188
3.1377058571
3.13927140075
3.14136725429
3.1414177198
3.14304838569
3.15237213703
3.15704974684
3.16044279722
3.16059947145
3.16328784953
3.16498658531
3.17946170378
3.18316472553
3.18368680446
3.19475527257
3.20105376345
3.21429966991
3.21785547937
3.22398380892
3.22818288149
3.23282022165
3.23709865548
3.24102697849
3.24424589061
3.25301456974
3.25406471816
3.25727213596
3.2609835024
3.26203779892
3.2714135557
3.2729903221
3.27514439886
3.28161705916
3.28197146607
3.30223779789
3.3076978973
3.31120865049
3.31734864004
3.31803625864
3.32933994814
3.33136762326
3.33195905501
3.33612976876
3.34132307391
3.34823180716
3.3491124489
3.34984014138
3.36536608151
3.36831509687
3.37001778902
3.37437149088
3.38269191161
3.38522890449
3.38550431566
3.390056639
3.39028657879
3.41887323623
3.42283980717
3.422909299
3.42945657565
3.445149577
3.45133435105
3.4570101726
3.45969364086
3.46380980424
3.47073806002
3.47650700856
3.48049651538
3.48335709924
3.50212307476
3.5047339065
3.51044900477
3.51493757931
3.51694272909
3.51700238898
3.52203107247
3.54156276374
3.54422579421
3.54711105925
3.54945120923
3.55542263744
3.56486734631
3.56735026868
3.57422375505
3.57934245685
3.58096209226
3.60265388249
3.60358625587
3.60719952581
3.6179689242
3.62072814215
3.62593265702
3.62679933184
3.62901662805
3.63720612817
3.63837574647
3.64491422641
3.64661511578
3.6520480812
3.66206478829
3.67312022188
3.67523721713
3.67959099654
3.67976144063
3.68719354755
3.6888683014
3.69390005384
3.69920487413
3.69994347241
3.70312852521
3.70714997273
3.74082416372
3.74578676748
3.74671228672
