-50.0
-50.0
-50.0
-50.0
-50.0
-50.0
-50.0
-50.0
-50.0
-50.0
-50.0
-50.0
-50.0
-50.0
-50.0
-50.0
-50.0
-50.0
-50.0
-48.9204741718
-48.6867185111
-48.6616641014
-48.6216006909
-48.4711709327
-48.3312124479
-48.2865948629
-48.1036988084
-47.8287159562
-47.6715748804
-47.5649111851
-47.3069273086
-47.0123228109
-46.8103658994
-46.6888178203
-46.4835848818
-46.3392182859
-46.2791679646
-46.1305737417
-5.19773702552
-5.07987661435
-4.49952214455
-4.20688946327
-3.85376871664
-3.38377575432
-2.49073325831
-1.60688847499
-1.50285023989
-0.709632116943
0.682716533361
1.60688848184
1.6664569407
2.44987768771
3.46172341451
4.15248398962
4.20688920213
4.37596768642
4.92298037246
5.36094919373
49.9584128552
