-2.38794979429
-2.38574555544
-2.38149198745
-2.38130374504
-2.37870618275
-2.3718696691
-2.37142742534
-2.37055156811
-2.36922335969
-2.36244304411
-2.36189337205
-2.36093749215
-2.36063447495
-2.35973622808
-2.35302500022
-2.35289722651
-2.34992597993
-2.34499452802
-2.34444607487
-2.34361668068
-2.34252476053
-2.33654666825
-2.33421924189
-2.33390198386
-2.33383590138
-2.32961994028
-2.3292054011
-2.32483385356
-2.32437815543
-2.32242829009
-2.3207016209
-2.31622095382
-2.31546169877
-2.31058859343
-2.30964401405
-2.30805107984
-2.30684545518
-2.30619579754
-2.30610397406
-2.30553597436
-2.30106740925
-2.29718674227
-2.29676188958
-2.29634530212
-2.29389733495
-2.29120205362
-2.29000893588
-2.28910325857
-2.28797884747
-2.28760279506
-2.28743666909
-2.28670198624
-2.28238849789
-2.27977016196
-2.2781295501
-2.2719262372
-2.27072560164
-2.26972848948
-2.26884178395
-2.25957463581
-2.25685512893
-2.2526784342
-2.25180505851
-2.25144593233
-2.25032938485
-2.24744509337
-2.24110732418
-2.23325849373
-2.23313241031
-2.23190976098
-2.23145819478
-2.2255726804
-2.22290253957
-2.22273801653
-2.2150972219
-2.2147891842
-2.2135934262
-2.20620517522
-2.20447733951
-2.19845539219
-2.19829924641
-2.1973326707
-2.19641754236
-2.19539112013
-2.18633614589
-2.18110381775
-2.1799763651
-2.17801880183
-2.17731380877
-2.17363588616
-2.17132914932
-2.16832551487
-2.1630399099
-2.15959430951
-2.1593726844
-2.15616214752
-2.15045675163
-2.14891313272
-2.14653497059
-2.14419662496
-2.14157916481
-2.14114544338
-2.13274138613
-2.1313884773
-2.13047325255
-2.12413166163
-2.12394489163
-2.12267361381
-2.11706059143
-2.11519117109
-2.11486647852
-2.10679141763
-2.10648172789
-2.10418026488
-2.09972636432
-2.09929215003
-2.09781807895
-2.08992392632
-2.08920175448
-2.08566687588
-2.08506459289
-2.0823798869
-2.0806342979
-2.07439527664
-2.07211726558
-2.07089278673
-2.06713496273
-2.06365222669
-2.06278961906
-2.05816312141
-2.05722247857
-2.05524076291
-2.04944172175
-2.04858607965
-2.04688446822
-2.04406508072
-2.03858494863
-2.03566077798
-2.03415068536
-2.03143185281
-2.03034382184
-2.03002182074
-2.0244321672
-2.02216271697
-2.01933386835
-2.01404327415
-2.0114438218
-2.01035248057
-2.00854063791
-2.00778198007
-2.00598714421
-1.99936729636
-1.99799598824
-1.99678678434
-1.99285376212
-1.99007147718
-1.98677875601
-1.98635858482
-1.98221529134
-1.98143256828
-1.97650735555
-1.97442911997
-1.97425336648
-1.97424779411
-1.96724270377
-1.96671466067
-1.96344011687
-1.95907361889
-1.95857383273
-1.95564440712
-1.95434008194
-1.95150770737
-1.95050950482
-1.94907434683
-1.94401864548
-1.94305800523
-1.94034753315
-1.93702870597
-1.93660815862
-1.93622710657
-1.93002403473
-1.92927797753
-1.92726684453
-1.92445543628
-1.92384764236
-1.9220298376
-1.91952734783
-1.91840813686
-1.91751234761
-1.91524516754
-1.91486547808
-1.91161362921
-1.90863677919
-1.90778664137
-1.90631795629
-1.90465977514
-1.90366411288
-1.90079507217
-1.90021668465
-1.89978462793
-1.89856837
-1.89494628295
-1.89389251665
-1.88708072154
-1.88116016417
-1.88036143326
-1.87373639695
-1.87323722051
-1.87319360479
-1.87266144798
-1.86720735547
-1.86253679001
-1.8607760484
-1.85444421097
-1.85067034272
-1.84821357299
-1.84785488603
-1.84620179304
-1.84391661218
-1.84208585772
-1.83606278069
-1.83014604856
-1.82898586213
-1.82530180261
-1.82433735788
-1.82242206011
-1.8192456358
-1.81863839383
-1.81305082896
-1.80762129825
-1.80757632188
-1.80669460154
-1.80221651595
-1.79697303788
-1.79693943771
-1.79232973142
-1.79184749643
-1.78809732081
-1.78684148093
-1.78659034064
-1.78195655993
-1.77719427975
-1.77255616303
-1.7714077151
-1.76951234729
-1.76804370727
-1.76590707464
-1.76545890491
-1.76365838341
-1.75940163432
-1.75527487333
-1.75127948281
-1.75094214652
-1.74741681265
-1.74582758993
-1.74558597744
-1.74368817883
-1.74009486198
-1.73863822384
-1.73663810591
-1.73331911626
-1.73238926653
-1.73013905903
-1.72709905929
-1.72564191143
-1.72420019975
-1.72144351955
-1.72019976116
-1.71883001291
-1.71636062793
-1.71403626539
-1.71385634186
-1.71187301541
-1.71185777762
-1.7098259674
-1.70794158689
-1.7062053367
-1.70609011471
-1.70461786491
-1.70317976627
-1.70189158132
-1.70075379573
-1.69976683962
-1.69893108696
-1.69824685506
-1.69771440414
-1.69733393697
-1.6971055986
-1.69534609787
-1.69452492906
-1.68694618834
-1.68516888498
-1.67686135515
-1.66880379516
-1.66822608006
-1.65853173592
-1.65840503427
-1.64994606416
-1.64303706229
-1.63998016075
-1.63212271713
-1.63196779119
-1.6215898703
-1.6172254345
-1.61477288888
-1.60548361645
-1.60323741431
-1.59791366918
-1.59136961708
-1.58492616566
-1.58156234904
-1.57908614515
-1.56665962481
-1.56573637691
-1.56547031652
-1.55278270544
-1.55045330942
-1.54844142623
-1.53952824051
-1.53573075667
-1.53027534509
-1.5265810493
-1.52158632196
-1.51354409789
-1.51216530439
-1.50803753606
-1.50048938385
-1.4951017862
-1.49411538232
-1.48751859866
-1.48279623998
-1.47612982009
-1.47451640513
-1.47113776479
-1.46145245396
-1.46014284296
-1.45821303004
-1.44982748369
-1.44867133437
-1.4403696042
-1.44020713223
-1.43534637602
-1.43129657739
-1.42310985851
-1.422963957
-1.42260432312
-1.41566017287
-1.40920107818
-1.40895978499
-1.40492216526
-1.40301993895
-1.39785077528
-1.39740466462
-1.39346125364
-1.3898590826
-1.38732831658
-1.38705065791
-1.38504101024
-1.38383376346
-1.38301727484
-1.37200449979
-1.36982818065
-1.35679568145
-1.35242738908
-1.34677520412
-1.33513181229
-1.3305370145
-1.32172926952
-1.3179475707
-1.3042419915
-1.30088104622
-1.29687999278
-1.28393889398
-1.27791133093
-1.2722415334
-1.26712805435
-1.25154575227
-1.2504557652
-1.24782897487
-1.23392957421
-1.22514597594
-1.22365838898
-1.21755735128
-1.20134730089
-1.19974690316
-1.19871272329
-1.18530797428
-1.17611277044
-1.1722467166
-1.16944828139
-1.15377750224
-1.15277544155
-1.14574867903
-1.13830529783
-1.12975563835
-1.12304171999
-1.11921933462
-1.10799722035
-1.10707542786
-1.09318265777
-1.09265940828
-1.08475829543
-1.07860930419
-1.06606962573
-1.06428884845
-1.06282921569
-1.05023339766
-1.04131471908
-1.03945071352
-1.0364554758
-1.02296801907
-1.02024295181
-1.012803399
-1.00978436743
-0.999643726038
-0.996918251906
-0.986128410286
-0.984383777166
-0.97954855697
-0.972195398683
-0.960367894097
-0.959990682634
-0.959426476255
-0.948916328178
-0.941005061695
-0.937856010918
-0.932698326522
-0.927202448344
-0.922628343959
-0.91697128568
-0.907178242647
-0.905944691414
-0.90489880774
-0.897839040787
-0.888969322883
-0.887856257868
-0.880584564764
-0.879166301958
-0.872699979954
-0.871541877944
-0.865330417944
-0.858490257064
-0.85599803058
-0.852363889856
-0.852193293252
-0.846452626243
-0.841280544987
-0.841267999925
-0.836688414284
-0.83268656482
-0.829284188884
-0.827395671835
-0.826489244062
-0.825538187467
-0.824308367185
-0.822746800626
-0.821808332841
-0.814425148777
-0.802400298911
-0.798689927784
-0.791364241896
-0.781358777718
-0.772423769059
-0.771819844419
-0.764596492202
-0.757910975792
-0.752397350541
-0.748081235614
-0.744983188556
-0.74492867158
-0.743118244861
-0.718017144051
-0.691085997171
-0.664135966817
-0.63716778938
-0.610182201749
-0.583179941286
-0.556161745812
-0.529128353581
-0.502080503262
-0.47501893392
-0.447944384996
-0.420857596283
-0.393759307911
-0.366650260323
-0.339531194254
-0.312402850718
-0.285265970977
-0.258121296529
-0.230969569085
-0.203811530548
-0.176647922994
-0.149479488651
-0.122306969878
-0.0951311091462
-0.0679526490193
-0.0407723321305
-0.0135909011643
-1.28749007983e-18
-1.62630325873e-19
3.52365706058e-19
1.5720931501e-18
0.0135909011643
0.0407723321305
0.0679526490193
0.0951311091462
0.122306969877
0.149479488651
0.176647922994
0.203811530548
0.230969569085
0.258121296529
0.285265970977
0.312402850718
0.339531194254
0.366650260322
0.393759307911
0.420857596283
0.447944384996
0.47501893392
0.502080503262
0.529128353581
0.556161745812
0.583179941286
0.610182201749
0.63716778938
0.664135966817
0.691085997171
0.718017144051
0.743118244861
0.74492867158
0.744983188556
0.748081235614
0.752397350541
0.757910975792
0.764596492202
0.771819844419
0.772423769059
0.781358777718
0.791364241896
0.798689927784
0.802400298911
0.814425148777
0.821808332841
0.822746800626
0.824308367185
0.825538187467
0.826489244062
0.827395671835
0.829284188884
0.83268656482
0.836688414284
0.841267999925
0.841280544987
0.846452626243
0.852193293252
0.852363889856
0.85599803058
0.858490257064
0.865330417944
0.871541877944
0.872699979954
0.879166301958
0.880584564764
0.887856257868
0.888969322883
0.897839040787
0.90489880774
0.905944691414
0.907178242647
0.91697128568
0.922628343959
0.927202448344
0.932698326522
0.937856010918
0.941005061695
0.948916328178
0.959426476255
0.959990682634
0.960367894097
0.972195398683
0.97954855697
0.984383777166
0.986128410286
0.996918251906
0.999643726038
1.00978436743
1.012803399
1.02024295181
1.02296801907
1.0364554758
1.03945071352
1.04131471908
1.05023339766
1.06282921569
1.06428884845
1.06606962573
1.07860930419
1.08475829543
1.09265940828
1.09318265777
1.10707542786
1.10799722035
1.11921933462
1.12304171999
1.12975563835
1.13830529783
1.14574867903
1.15277544155
1.15377750224
1.16944828139
1.1722467166
1.17611277044
1.18530797428
1.19871272329
1.19974690316
1.20134730089
1.21755735128
1.22365838898
1.22514597594
1.23392957421
1.24782897487
1.2504557652
1.25154575227
1.26712805435
1.2722415334
1.27791133093
1.28393889398
1.29687999278
1.30088104622
1.3042419915
1.3179475707
1.32172926952
1.3305370145
1.33513181229
1.34677520412
1.35242738908
1.35679568145
1.36982818065
1.37200449979
1.38301727484
1.38383376346
1.38504101024
1.38705065791
1.38732831658
1.3898590826
1.39346125364
1.39740466462
1.39785077528
1.40301993895
1.40492216526
1.40895978499
1.40920107818
1.41566017287
1.42260432312
1.422963957
1.42310985851
1.43129657739
1.43534637602
1.44020713223
1.4403696042
1.44867133437
1.44982748369
1.45821303004
1.46014284296
1.46145245396
1.47113776479
1.47451640513
1.47612982009
1.48279623998
1.48751859866
1.49411538232
1.4951017862
1.50048938385
1.50803753606
1.51216530439
1.51354409789
1.52158632196
1.5265810493
1.53027534509
1.53573075667
1.53952824051
1.54844142623
1.55045330942
1.55278270544
1.56547031652
1.56573637691
1.56665962481
1.57908614515
1.58156234904
1.58492616566
1.59136961708
1.59791366918
1.60323741431
1.60548361645
1.61477288888
1.6172254345
1.6215898703
1.63196779119
1.63212271713
1.63998016075
1.64303706229
1.64994606416
1.65840503427
1.65853173592
1.66822608006
1.66880379516
1.67686135515
1.68516888498
1.68694618834
1.69452492906
1.69534609787
1.6971055986
1.69733393697
1.69771440414
1.69824685506
1.69893108696
1.69976683962
1.70075379573
1.70189158132
1.70317976627
1.70461786491
1.70609011471
1.7062053367
1.70794158689
1.7098259674
1.71185777762
1.71187301541
1.71385634186
1.71403626539
1.71636062793
1.71883001291
1.72019976116
1.72144351955
1.72420019975
1.72564191143
1.72709905929
1.73013905903
1.73238926653
1.73331911626
1.73663810591
1.73863822384
1.74009486198
1.74368817883
1.74558597744
1.74582758993
1.74741681265
1.75094214652
1.75127948281
1.75527487333
1.75940163432
1.76365838341
1.76545890491
1.76590707464
1.76804370727
1.76951234729
1.7714077151
1.77255616303
1.77719427975
1.78195655993
1.78659034064
1.78684148093
1.78809732081
1.79184749643
1.79232973142
1.79693943771
1.79697303788
1.80221651595
1.80669460154
1.80757632188
1.80762129825
1.81305082896
1.81863839383
1.8192456358
1.82242206011
1.82433735788
1.82530180261
1.82898586213
1.83014604856
1.83606278069
1.84208585772
1.84391661218
1.84620179304
1.84785488603
1.84821357299
1.85067034272
1.85444421097
1.8607760484
1.86253679001
1.86720735547
1.87266144798
1.87319360479
1.87323722051
1.87373639695
1.88036143326
1.88116016417
1.88708072154
1.89389251665
1.89494628295
1.89856837
1.89978462793
1.90021668465
1.90079507217
1.90366411288
1.90465977514
1.90631795629
1.90778664137
1.90863677919
1.91161362921
1.91486547808
1.91524516754
1.91751234761
1.91840813686
1.91952734783
1.9220298376
1.92384764236
1.92445543628
1.92726684453
1.92927797753
1.93002403473
1.93622710657
1.93660815862
1.93702870597
1.94034753315
1.94305800523
1.94401864548
1.94907434683
1.95050950482
1.95150770737
1.95434008194
1.95564440712
1.95857383273
1.95907361889
1.96344011687
1.96671466067
1.96724270377
1.97424779411
1.97425336648
1.97442911997
1.97650735555
1.98143256828
1.98221529134
1.98635858482
1.98677875601
1.99007147718
1.99285376212
1.99678678434
1.99799598824
1.99936729636
2.00598714421
2.00778198007
2.00854063791
2.01035248057
2.0114438218
2.01404327415
2.01933386835
2.02216271697
2.0244321672
2.03002182074
2.03034382184
2.03143185281
2.03415068536
2.03566077798
2.03858494863
2.04406508072
2.04688446822
2.04858607965
2.04944172175
2.05524076291
2.05722247857
2.05816312141
2.06278961906
2.06365222669
2.06713496273
2.07089278673
2.07211726558
2.07439527664
2.0806342979
2.0823798869
2.08506459289
2.08566687588
2.08920175448
2.08992392632
2.09781807895
2.09929215003
2.09972636432
2.10418026488
2.10648172789
2.10679141763
2.11486647852
2.11519117109
2.11706059143
2.12267361381
2.12394489163
2.12413166163
2.13047325255
2.1313884773
2.13274138613
2.14114544338
2.14157916481
2.14419662496
2.14653497059
2.14891313272
2.15045675163
2.15616214752
2.1593726844
2.15959430951
2.1630399099
2.16832551487
2.17132914932
2.17363588616
2.17731380877
2.17801880183
2.1799763651
2.18110381775
2.18633614589
2.19539112013
2.19641754236
2.1973326707
2.19829924641
2.19845539219
2.20447733951
2.20620517522
2.2135934262
2.2147891842
2.2150972219
2.22273801653
2.22290253957
2.2255726804
2.23145819478
2.23190976098
2.23313241031
2.23325849373
2.24110732418
2.24744509337
2.25032938485
2.25144593233
2.25180505851
2.2526784342
2.25685512893
2.25957463581
2.26884178395
2.26972848948
2.27072560164
2.2719262372
2.2781295501
2.27977016196
2.28238849789
2.28670198624
2.28743666909
2.28760279506
2.28797884747
2.28910325857
2.29000893588
2.29120205362
2.29389733495
2.29634530212
2.29676188958
2.29718674227
2.30106740925
2.30553597436
2.30610397406
2.30619579754
2.30684545518
2.30805107984
2.30964401405
2.31058859343
2.31546169877
2.31622095382
2.3207016209
2.32242829009
2.32437815543
2.32483385356
2.3292054011
2.32961994028
2.33383590138
2.33390198386
2.33421924189
2.33654666825
2.34252476053
2.34361668068
2.34444607487
2.34499452802
2.34992597993
2.35289722651
2.35302500022
2.35973622808
2.36063447495
2.36093749215
2.36189337205
2.36244304411
2.36922335969
2.37055156811
2.37142742534
2.3718696691
2.37870618275
2.38130374504
2.38149198745
2.38574555544
2.38794979429
