-2.99
-2.99
-2.99
-2.99
-2.99
-2.99
-2.99
-2.99
-2.99
-2.99
-2.99
-2.99
-2.99
-2.99
-2.99
-2.99
-2.99
-2.99
-2.99
-2.99
-2.99
-2.99
-2.99
-2.99
-2.99
-2.99
-2.99
-2.99
-2.99
-2.99
-2.99
-2.99
-2.99
-2.99
-2.99
-2.99
-2.99
-2.99
-2.99
-2.99
-2.99
-2.99
-2.99
-2.99
-2.99
-2.99
-2.99
-2.99
-2.99
-2.99
-2.99
-2.99
-2.99
-2.99
-2.99
-2.99
-2.99
-2.99
-2.99
-2.99
-2.99
-2.99
-2.99
-2.99
-2.99
-2.99
-2.99
-2.99
-2.99
-2.99
-2.99
-2.99
-2.99
-2.99
-2.99
-2.99
-2.99
-2.99
-2.99
-2.99
-2.99
-2.99
-2.99
-2.99
-2.99
-2.99
-2.99
-2.99
-2.99
-2.99
-2.99
-2.99
-2.99
-2.99
-2.99
-2.99
-2.99
-2.99
-2.99
-2.99
-2.99
-2.99
-2.99
-2.99
-2.99
-2.99
-2.99
-2.99
-2.99
-2.99
-2.99
-2.99
-2.99
-2.99
-2.99
-2.99
-2.99
-2.99
-2.99
-2.99
-2.99
-2.99
-2.99
-2.99
-2.99
-2.99
-2.99
-2.99
-2.99
-2.99
-2.99
-2.99
-2.99
-2.99
-2.99
-2.99
-2.99
-2.99
-2.99
-2.99
-2.99
-2.99
-1.14644772394
-1.14631396759
-1.13314786621
-1.1222864937
-1.11932529733
-1.08308202664
-1.07593214311
-1.07567781882
-1.03313279575
-1.01918556017
-1.01603506723
-1.00149196263
-0.976293322593
-0.972871003002
-0.968194339577
-0.953713581828
-0.951284156341
-0.9452603502
-0.942290601385
-0.933017981335
-0.932079874062
-0.916365690179
-0.912742544001
-0.906179868893
-0.90056989289
-0.887793723607
-0.857585108731
-0.856404872777
-0.847796720336
-0.842800141241
-0.841922104098
-0.838223163094
-0.836664540134
-0.834504787465
-0.816475581327
-0.811172080982
-0.783138205044
-0.776445486973
-0.762045864709
-0.761673462279
-0.756936034772
-0.753938405462
-0.753360701775
-0.742010996166
-0.734534539666
-0.725631417283
-0.720156781539
-0.717967508092
-0.715313318108
-0.70482601071
-0.680461216446
-0.676679729485
-0.675255072815
-0.672766148064
-0.670771738692
-0.669838246919
-0.667535132115
-0.665880698214
-0.663732318378
-0.661056829002
-0.659534008502
-0.658629160994
-0.65122515942
-0.647876879667
-0.647585232397
-0.635007927356
-0.63312886277
-0.622100432367
-0.620046936201
-0.61809200431
-0.616647588241
-0.607685861564
-0.603524953988
-0.595993396772
-0.584731230239
-0.584472622889
-0.579588318583
-0.575582151915
-0.574096410422
-0.57099683617
-0.56646874143
-0.556239073636
-0.554146262744
-0.551790486423
-0.546003140923
-0.544435273376
-0.542183503118
-0.542010334762
-0.537486736607
-0.535427261624
-0.53116601042
-0.530489744178
-0.529602571252
-0.52925682459
-0.524196799815
-0.508595053418
-0.502192142591
-0.494220731433
-0.488882801983
-0.488114065929
-0.48786224333
-0.485905021483
-0.469483858786
-0.465010422665
-0.454404713997
-0.437616005923
-0.423783902792
-0.41912899684
-0.418135411638
-0.416666954678
-0.409094666633
-0.403731581881
-0.403487747389
-0.39913799982
-0.398771973227
-0.396037164041
-0.395275364216
-0.393076428402
-0.391787020586
-0.381359048616
-0.378071374495
-0.376503362784
-0.373757973373
-0.367915771921
-0.367112562818
-0.366234425426
-0.364109963939
-0.356680651624
-0.351833284118
-0.348156962494
-0.347338632911
-0.344060494171
-0.343287716192
-0.340673126677
-0.340251830503
-0.331175991268
-0.329687171724
-0.329278023658
-0.327088719498
-0.323181386265
-0.32287696563
-0.32075189846
-0.319181738782
-0.317049298554
-0.315323083797
-0.313950463558
-0.312982791367
-0.311475572277
-0.309467424852
-0.308836336073
-0.30416167756
-0.30077520551
-0.293242146638
-0.288889107216
-0.28574833453
-0.284138953819
-0.281813128872
-0.276643106408
-0.276070731929
-0.267595195172
-0.263066432365
-0.259512074903
-0.255356187357
-0.250367076839
-0.248862480612
-0.24786076298
-0.245958010293
-0.241405133064
-0.23946368694
-0.234560100462
-0.227721342271
-0.226044092103
-0.223407678098
-0.220728461607
-0.22034137748
-0.218171586212
-0.214638886185
-0.209441766703
-0.208669689974
-0.199085757122
-0.197723383169
-0.193866261311
-0.186612565194
-0.178286730844
-0.178044509221
-0.175680049534
-0.174311672689
-0.172047236618
-0.171768121791
-0.170630316683
-0.16507239047
-0.16507239047
-0.160753216317
-0.159418374843
-0.155114546628
-0.151823658072
-0.150628121419
-0.149716311279
-0.14341442009
-0.140926712836
-0.138815766536
-0.137547957451
-0.135752505134
-0.123021106802
-0.122513053478
-0.121598557761
-0.118371415947
-0.113879955432
-0.112055053028
-0.109918171583
-0.104074260334
-0.0997328003347
-0.0930245799073
-0.0928068842138
-0.0928068842138
-0.0928068842138
-0.0928068842138
-0.0928068842138
-0.0928068842138
-0.0928068842138
-0.0928068842138
-0.0928068842138
-0.0928068842138
-0.0928068842138
-0.0928068842138
-0.0928068842138
-0.0928068842138
-0.0928068842138
-0.0928068842138
-0.0928068842138
-0.0928068842138
-0.0928068842138
-0.0928068842138
-0.0928068842138
-0.0928068842138
-0.0928068842138
-0.0928068842138
-0.0928068842138
-0.0928068842138
-0.0928068842138
-0.0928068842138
-0.0928068842138
-0.0928068842138
-0.0928068842138
-0.0928068842138
-0.0928068842138
-0.0928068842138
-0.0928068842138
-0.0928068842138
-0.0928068842138
-0.0928068842138
-0.0928068842138
-0.0928068842138
-0.0928068842138
-0.0928068842138
-0.0928068842138
-0.0924261217075
-0.090032793048
-0.0825194314962
-0.0821941510302
-0.0819108173022
-0.0759100389563
-0.0672694558351
-0.0656691449753
-0.0649081481177
-0.0645579384712
-0.0639291095663
-0.0634347195983
-0.0630126333807
-0.0603293657179
-0.0530539279595
-0.0493334745633
-0.0481657064655
-0.043481163875
-0.0430703710322
-0.0347187138846
-0.0322583166068
-0.0307844647889
-0.0307387064978
-0.0276979447748
-0.0264380323268
-0.0206493525527
-0.0196650414828
-0.0183468067809
-0.016573764297
-0.016324679301
-0.015327964465
-0.0150102788802
-0.014664911643
-0.014664911643
-0.014664911643
-0.0112806728701
-0.0104640458087
-0.00979380713148
-0.00793864747146
0.000159237682571
0.00150743089548
0.00215118696875
0.00266998307103
0.00345887750563
0.0082898408839
0.0108019272251
0.0140732009424
0.0179852333072
0.0179852333072
0.0181712791042
0.0198101591063
0.0222106970753
0.0255180568949
0.0270840921025
0.0279756967299
0.0304168383725
0.0311935434638
0.0343510628958
0.0353725232939
0.0391172035089
0.0488145571789
0.0504720344533
0.0514810541285
0.0558743434421
0.0578933238914
0.0591485835918
0.060498947444
0.0612703635786
0.0612761193157
0.0620611851274
0.0621986044379
0.0634151320177
0.0639017574669
0.0652553872074
0.0662985072751
0.0677385395242
0.0679484594546
0.06807288773
0.0699561766704
0.0699659631408
0.0700820858546
0.070177081279
0.0730798549496
0.0736762412416
0.0736762412416
0.0736762412416
0.0738425824059
0.0740335129049
0.0744151197721
0.0744811927825
0.0745925718726
0.0748932538446
0.0758584030148
0.0759769116668
0.0760285315158
0.0764908735463
0.0775698679647
0.0805741162904
0.0812799700719
0.0812799700719
0.0812799700719
0.0826961717475
0.0874157202961
0.0881029030459
0.0889524360831
0.0894739619005
0.0895939500124
0.0937124219241
0.0942180660068
0.094495468056
0.0963691754589
0.0967852787639
0.0977250711544
0.0982700911293
0.0983569341569
0.0990547888541
0.100124251085
0.101158478075
0.101158478075
0.101158478075
0.101158478075
0.101392820846
0.101534517729
0.101894328871
0.102454466854
0.102571389032
0.103921344891
0.104872309759
0.105605649672
0.105814213154
0.107026109747
0.107151612365
0.107707818522
0.108319401839
0.108422935937
0.11184896118
0.112110209614
0.112282158375
0.112796584834
0.113808973148
0.1152852838
0.11606973245
0.11606973245
0.117315968999
0.117508157972
0.117822657223
0.118661233129
0.119467423758
0.120182458608
0.120838238475
0.120921943795
0.122288827283
0.123812823636
0.123900543553
0.124346331448
0.124413559497
0.126097349688
0.126911711294
0.126917197654
0.127372842188
0.127496333848
0.128749940469
0.12906633187
0.129947953535
0.13012097857
0.13017671055
0.131200685535
0.131213764324
0.131306037739
0.131643147333
0.131664602039
0.131743327452
0.131891462004
0.132243776184
0.132423547232
0.132517555894
0.132517555894
0.133041784037
0.135956442401
0.136172952473
0.136408381016
0.13777872037
0.139718485523
0.141615147882
0.142387391079
0.142526533683
0.143365585701
0.143409825
0.143421674178
0.145517061393
0.145517061393
0.145517061393
0.145517061393
0.145517061393
0.14598982732
0.146067049294
0.146266490788
0.146305142059
0.146774987939
0.147884876412
0.147884876412
0.147884876412
0.147884876412
0.147884876412
0.147884876412
0.148130371146
0.148688367981
0.149984447254
0.150250487247
0.150404687307
0.150458805105
0.151094339715
0.151207057389
0.151545089749
0.152200742011
0.152940305956
0.152942327338
0.153502023707
0.15792356841
0.158255801226
0.158293971809
0.15845656425
0.158678957535
0.158691876348
0.158691876348
0.158691876348
0.158691876348
0.158691876348
0.158691876348
0.158691876348
0.158691876348
0.158691876348
0.158691876348
0.158691876348
0.158691876348
0.158691876348
0.158865692714
0.159014122111
0.159034515341
0.159200669081
0.159227762312
0.160231545778
0.160238239281
0.160462505888
0.160512665952
0.161476732048
0.161767845642
0.161845588316
0.163260401827
0.163803731581
0.163805671858
0.163819149644
0.164547943842
0.164940417206
0.165583390297
0.165662520895
0.16583096023
0.16596807614
0.16637501322
0.166394302183
0.166613697883
0.166736710144
0.168077596051
0.168336699286
0.168535828212
0.168857969299
0.168925201309
0.168994812753
0.169185358349
0.169249796318
0.169566745229
0.169949598603
0.170809754698
0.171029129133
0.171138808838
0.171349883939
0.172133770101
0.172574554044
0.172774819919
0.173148858607
0.173167916534
0.173483076199
0.174569691364
0.17463782944
0.174828043875
0.176009202384
0.177556713285
0.178216957141
0.178216983984
0.178313980594
0.178332223733
0.17867026827
0.179136615114
0.179621088224
0.179783329817
0.179832041227
0.179899260914
0.179980187302
0.181312263554
0.181531833053
0.184559904344
0.185142846021
0.185592916077
0.186029225895
0.187645148846
0.188157710753
0.188205380472
0.188237432743
0.18838840455
0.188470474671
0.188681184963
0.189151728322
0.189647066766
0.189743798312
0.190122126949
0.19053412359
0.191036936879
0.191678231686
0.191707042568
0.192292847972
0.193032846848
0.1932147573
0.193739836352
0.193773484631
0.193955332403
0.195091911988
0.195880063373
0.196036869109
0.196082314498
0.196352951354
0.19694346327
0.196995105848
0.197537745216
0.197821683401
0.197894196738
0.198023992372
0.198056402094
0.198715321576
0.1988353404
0.198893499491
0.198940008035
0.19920388273
0.199282847299
0.19958350852
0.199594778505
0.199670924501
0.19974858964
0.199777059362
0.199953576963
0.200025634155
0.20005496827
0.200128007939
0.200161568212
0.200167113484
0.200227494639
0.200267381278
0.200275205403
0.20065642911
0.200691703461
0.200697476011
0.20070375351
0.201024236088
0.201089614448
0.201102233191
0.201133732746
0.201253347103
0.201490482596
0.201636558935
0.202066223004
0.202384434181
0.202824285145
0.203311134965
0.203684544625
0.203684544625
0.203684544625
0.203684544625
0.203684544625
0.203684544625
0.205093715282
0.206046991604
0.207344927045
0.209060409326
0.209329689459
0.20956330105
0.211126167501
0.21120889332
0.211763120811
0.212443484189
0.213135693872
0.213159168859
0.213176202917
0.213204330388
0.213501198468
0.21381478795
0.214415681131
0.21529475425
0.2163844038
0.216642250731
0.216664400812
0.216719072391
0.216809370649
0.216890522287
0.216916991429
0.216943767588
0.216947938472
0.21698084775
0.217036317223
0.21707930018
0.217095899154
0.21724545532
0.217259887252
0.217467450883
0.217475449242
0.217515932351
0.217520262643
0.217520762688
0.217593629499
0.217617996836
0.217684427504
0.217726552144
0.217780975844
0.217788568044
0.217794361663
0.217815319405
0.217835400368
0.217843557799
0.217844039038
0.217928062609
0.218123138551
0.218167054831
0.218299868445
0.218311279038
0.218930167693
0.219263794689
0.219594430124
0.219601174892
0.219768891277
0.219794893492
0.219839545225
0.219839545225
0.219856087271
0.220162623419
0.220289088371
0.220332559798
0.220517366962
0.220755939168
0.22084169865
0.220888361123
0.221027266059
0.221138098988
0.221257594536
0.221325805585
0.221591970517
0.221665985416
0.221816499941
0.22204132153
0.222043233359
0.222394895188
0.222476923426
0.222500813172
0.222693699259
0.222708639264
0.22275925074
0.223135400523
0.223380788344
0.223678443301
0.223846812765
0.223850251279
0.223913353843
0.224088114935
0.224131202873
0.224170004657
0.22426743972
0.224367304557
0.224639852023
0.224974204702
0.224988913022
0.225054986957
0.225065811305
0.225092053359
0.225116726269
0.22512278842
0.225161594604
0.225166541626
0.225530859715
0.225654055498
0.225709079651
0.225764807669
0.225813764576
0.225838901802
0.225844172494
0.225876873724
0.226014937494
0.226128107066
0.226141352544
0.226490042729
0.226507095826
0.226559167696
0.226565631216
0.226574251587
0.226620023132
0.226620330273
0.226896197941
0.226955131417
0.226981873905
0.226982346691
0.227084753657
0.227087985275
0.227235202404
0.227303145915
0.227340334906
0.227394415978
0.227423650043
0.227725205618
0.227773651139
0.227831289461
0.227939731956
0.22804956865
0.228063614916
0.228137809478
0.228224328972
0.22841001985
0.228713076126
0.229139644815
0.229409242255
0.229477518413
0.229490024083
0.229543841137
0.229653071929
0.22969609572
0.229699725581
0.229758390344
0.229805047225
0.229805047225
0.229829279101
0.229925239722
0.229925696579
0.229939943106
0.229945098217
0.229980346444
0.230081760672
0.230097732415
0.230145998805
0.230184185791
0.230232923414
0.230350439091
0.230460814663
0.230474797833
0.230491155427
0.230549075688
0.230557304452
0.230582954103
0.230605655412
0.230710560027
0.230824033894
0.23085343117
0.230890510384
0.230908118367
0.230909040355
0.230939218445
0.23127200462
0.23137192805
0.23172452982
0.231775961619
0.231796336093
0.231837651134
0.231998359138
0.23200699581
0.232361732475
0.232382524642
0.23239167087
0.232675362901
0.232828007555
0.233153866073
0.233172733516
0.23325114298
0.233473919492
0.233585903148
0.233815043513
0.234317471012
0.234320203819
0.234529966979
0.234545642953
0.23466693855
0.234694394626
0.235191325078
0.235210886676
0.235439958114
0.235440235649
0.235442568744
0.235442568744
0.235581856537
0.235699643038
0.235731488972
0.236120183061
0.236270650458
0.236373465093
0.236420150196
0.236467252096
0.236494196928
0.236584887897
0.236963410593
0.237205674997
0.237579447997
0.238254745901
0.238410100043
0.238517813066
0.238981225391
0.239274999118
0.239321974053
0.23979804288
0.240866802454
0.240930757125
0.241864201699
0.242613990828
0.24283778817
0.24304590838
0.243206369174
0.243261594179
0.244617214166
0.245130124862
0.246555256718
0.246888255113
0.247521752284
0.24762008038
0.247725639187
0.247879957886
0.247886342798
0.25070256441
0.251999767291
0.252725439601
0.252839048404
0.252856764123
0.253616900261
0.253700558016
0.253791959781
0.254265124876
0.254801883647
0.254817332415
0.255169999576
0.255183119908
0.255543858659
0.255691054042
0.256190780915
0.256273260083
0.258286444881
0.258395699187
0.258882169726
0.258882169726
0.258882169726
0.259085746997
0.259357675419
0.259470454227
0.259854280765
0.259897055916
0.259936341326
0.260021510557
0.260194572595
0.260307109913
0.260521353922
0.260569299531
0.261000375313
0.261122876793
0.261270704677
0.261541209202
0.26225695904
0.262331022669
0.262692984907
0.262704788247
0.262710028693
0.263603305503
0.26406080566
0.26431222077
0.264348776324
0.264348776324
0.264348776324
0.264348776324
0.264348776324
0.264348776324
0.264348776324
0.264348776324
0.264348776324
0.264348776324
0.264348776324
0.264348776324
0.264348776324
0.264497831961
0.264741317753
0.264839439888
0.264909639562
0.264979399034
0.265072159181
0.265406704995
0.265554062074
0.265939346354
0.266084025016
0.266685710954
0.266701459937
0.266779869819
0.266779869819
0.266821473356
0.266827060356
0.266869324365
0.266904248761
0.266998624164
0.267000387598
0.26700976547
0.267142656214
0.267591051333
0.267816913381
0.268180400539
0.268348685998
0.268382326495
0.269477400729
0.269499977503
0.269765502982
0.269772243342
0.270440556447
0.271253764381
0.271874397052
0.272472092544
0.273756198704
0.274154928783
0.274220942355
0.275691400541
0.275778921098
0.277667063371
0.277887974233
0.278136572821
0.278809902257
0.279821834971
0.279821834971
0.279821834971
0.279821834971
0.279821834971
0.281866627154
0.286437584495
0.286800301467
0.288205428272
0.288456177411
0.288505760073
0.288514867149
0.288542697297
0.288715263103
0.288956121864
0.289988190025
0.290560993431
0.291168558562
0.291679436828
0.291847599834
0.293605064862
0.29534446644
0.295556775473
0.303774114218
0.304004044128
0.304601899191
0.308567335529
0.309254057054
0.310807011745
0.310992235903
0.312136368275
0.312331089775
0.312603523045
0.312830100698
0.318276887113
0.319002729292
0.320110193233
0.320181124345
0.32115587012
0.322624274825
0.325289550126
0.326403893677
0.331478927017
0.33176698538
0.331781547333
0.331957164899
0.332318266449
0.332852807677
0.33402798694
0.334033917793
0.334491762096
0.341300947796
0.343173658861
0.343777778122
0.344485020386
0.346177114533
0.347625884492
0.347818150858
0.348690599279
0.350690715748
0.351665662831
0.354238454245
0.35489058092
0.35508020014
0.35653327085
0.357499835136
0.357499835136
0.358727227851
0.359360123686
0.360957927979
0.361098775716
0.361635939678
0.362366226387
0.364757297669
0.366892533369
0.366948680989
0.367522942181
0.369121293255
0.369604920362
0.372096567523
0.375774564447
0.379958567405
0.380494156801
0.381354785646
0.381710611436
0.383952329945
0.384661745591
0.389697092947
0.3900598158
0.390422075213
0.393880012199
0.393902373388
0.393927203917
0.396092753502
0.398184441708
0.399239297377
0.399478098169
0.402289670534
0.405113410425
0.407148766734
0.412854183263
0.415756564891
0.417451055787
0.417559475786
0.421139055072
0.423145044776
0.423171831714
0.423943264899
0.425916388984
0.429131907644
0.429372253397
0.429404421637
0.430704719662
0.432260184634
0.436050853237
0.436784546359
0.438678277497
0.439035743804
0.440378910083
0.440636222701
0.440821331292
0.441727757473
0.441947550552
0.447306672888
0.447401214556
0.450004657157
0.450742278477
0.450805352542
0.452705259284
0.452739406524
0.453633806628
0.454127123803
0.457323623987
0.461593166444
0.463783435788
0.464025501227
0.467212552816
0.467249652672
0.467249652672
0.470077863886
0.472680544383
0.476385675174
0.478770521722
0.479348880673
0.483795890281
0.485156311723
0.485875947385
0.486832633887
0.489773494114
0.490837326865
0.492632473633
0.493796431806
0.495009664337
0.499572748643
0.49989712644
0.500401492419
0.500487152925
0.501402959203
0.503494879315
0.50381652239
0.504596388447
0.504837877857
0.507992003509
0.507992003509
0.507992003509
0.507992003509
0.507992003509
0.508643471814
0.508643471814
0.508643471814
0.508643471814
0.508643471814
0.508643471814
0.508643471814
0.508643471814
0.508643471814
0.508643471814
0.508643471814
0.508643471814
0.508643471814
0.508643471814
0.508643471814
0.508643471814
0.508643471814
0.508643471814
0.508643471814
0.508643471814
0.508643471814
0.508643471814
0.508643471814
0.508643471814
0.508643471814
0.508643471814
0.508643471814
0.508643471814
0.508643471814
0.508643471814
0.508643471814
0.508643471814
0.508643471814
0.508643471814
0.508643471814
0.508643471814
0.508643471814
0.508643471814
0.508643471814
0.508643471814
0.508643471814
0.508643471814
0.508643471814
0.513275971728
0.513447672308
0.514117290151
0.514466400665
0.514583337356
0.515703559642
0.518575940675
0.519085757201
0.52088596122
0.523680620758
0.524185873014
0.526933906439
0.530960321246
0.535809550311
0.536529848769
0.539677521641
0.540801527987
0.542105018643
0.543755753805
0.543881617689
0.544142088907
0.550138263491
0.550737715773
0.552618193311
0.558771037457
0.559185155468
0.563240059855
0.567436270861
0.567436270861
0.567436270861
0.567436270861
0.567436270861
0.567436270861
0.567436270861
0.567436270861
0.56772447664
0.575283529996
0.577596300417
0.581687928837
0.583969070316
0.584188980072
0.585634695652
0.586534817438
0.586898440457
0.586989203193
0.587922311598
0.588530939829
0.591029989978
0.591512574203
0.591758925647
0.591923153642
0.592497710547
0.59301067346
0.593149377597
0.593245880619
0.600893977809
0.601448571147
0.605480908841
0.608797305758
0.610092933096
0.613344897805
0.616020347142
0.617647193073
0.617809256034
0.619341184322
0.619493364833
0.624167017549
0.624978356698
0.62526060665
0.626967451357
0.629963117828
0.630506584299
0.634677001213
0.637109695049
0.637769745069
0.644799471394
0.645300563965
0.646564403183
0.64739781004
0.647724318097
0.649794777856
0.649794777856
0.652223325348
0.655201403253
0.65617241093
0.658380772785
0.65923461657
0.661778184695
0.662120211253
0.666024269315
0.666413611525
0.666961017766
0.667304294218
0.668448463924
0.669270832838
0.669486994216
0.674969862186
0.675829120277
0.676480503327
0.678261041073
0.678968788236
0.681372112592
0.683268213181
0.686214615708
0.687493910956
0.687497975231
0.688301720252
0.68871307199
0.688972519625
0.689208745875
0.690075316347
0.690648890924
0.691661011216
0.691857365367
0.692084152051
0.69289270303
0.693634533234
0.69370184297
0.69370184297
0.69370184297
0.69370184297
0.69370184297
0.69370184297
0.693738553541
0.694324178284
0.696990369217
0.697641065258
0.698452451916
0.698762808367
0.699066309639
0.699904028793
0.700443142174
0.702110206469
0.702188903807
0.70361058759
0.706262596974
0.707076543078
0.707715967569
0.70784853778
0.708069291175
0.709406653633
0.709678980798
0.710594945939
0.712695720048
0.713204053828
0.713434794973
0.713629305441
0.71427642253
0.714296376959
0.714762424644
0.715306554107
0.71632027834
0.716472337221
0.718200196063
0.718266529153
0.71966504986
0.719746590687
0.720754806883
0.72105896191
0.721931531165
0.723217055465
0.723398453993
0.723488994027
0.724894468631
0.726719203469
0.729682106381
0.73071258958
0.732797499907
0.737486703372
0.739783137053
0.743282444032
0.743375709693
0.744850451391
0.74716833749
0.749001344103
0.751653949868
0.752017489668
0.75296757132
0.753047160121
0.753790800322
0.754059374689
0.754441348942
0.75519178269
0.756654550785
0.757081427299
0.757730841666
0.758356919855
0.758831411183
0.759550687152
0.760195223076
0.760621272737
0.760991915394
0.76163003262
0.761659424465
0.761939598617
0.762216310305
0.763138343055
0.763564717768
0.764275593911
0.764652152264
0.766751640473
0.767665510648
0.7679558598
0.768199806163
0.769589723602
0.770204924102
0.772394901854
0.772631275032
0.772852315032
0.774303827959
0.774303827959
0.774303827959
0.774303827959
0.774303827959
0.774303827959
0.774303827959
0.774303827959
0.774303827959
0.774303827959
0.774303827959
0.774303827959
0.774594873802
0.775446925821
0.776566782809
0.777647397558
0.778034755635
0.778667725275
0.778908717139
0.779505865904
0.780934873179
0.781076642414
0.782600498787
0.783320733524
0.784835279321
0.785924783989
0.786659231329
0.787613524112
0.787689615783
0.788912352627
0.790686030552
0.794572196883
0.799687145027
0.800547778796
0.800632247223
0.800699130389
0.800860336037
0.801070423674
0.801253805886
0.802003057764
0.802743372112
0.806556262692
0.808555424902
0.808688303527
0.810952655653
0.811712155999
0.81185834586
0.812039671531
0.812137459407
0.812548509175
0.812765599836
0.814000778152
0.814726098793
0.816464103389
0.816925208774
0.816945593504
0.81695073622
0.816963107009
0.818890384623
0.819317520379
0.819721898405
0.820535125921
0.821006251101
0.821149023734
0.821405601882
0.821667522736
0.821698589412
0.822244458918
0.822388183653
0.822882798668
0.822938841189
0.823064737603
0.823205089697
0.823350444229
0.82368612117
0.823997778063
0.82423666689
0.824312777071
0.824530002425
0.825479319062
0.825764935957
0.825992123281
0.826134197516
0.827810366369
0.828385380392
0.828438854623
0.832022173803
0.832455122943
0.832873101308
0.833107164424
0.833312881525
0.833774396368
0.833926905025
0.834304203532
0.834897529061
0.835103454388
0.836529856979
0.83692145857
0.837321349806
0.838782225698
0.840708990741
0.840764540736
0.842839456772
0.842885956739
0.843893485463
0.850759456776
0.851916213436
0.85212234228
0.854013076667
0.8572163674
0.863688843057
0.864017432936
0.864017432936
0.864843000457
0.868994819851
0.8690499723
0.874921798184
0.876315353019
0.878922184496
0.879017270818
0.880831364814
0.880831364814
0.880831364814
0.880831364814
0.880831364814
0.880831364814
0.880831364814
0.880831364814
0.880831364814
0.880831364814
0.880831364814
0.880831364814
0.880831364814
0.887662565628
0.889464033045
0.89038208661
0.890902178053
0.8921861541
0.892193114792
0.893012340116
0.89411457043
0.89429976358
0.895290574342
0.895624331413
0.900625312287
0.905723190686
0.907980457908
0.908666501407
0.91261672365
0.916156090811
0.916573595724
0.920215989389
0.922873119739
0.923420098583
0.924030173195
0.924255644173
0.925254509905
0.927428124601
0.928675544971
0.930554988736
0.930626095411
0.931166622362
0.93185996979
0.932499311969
0.932816564453
0.939442721511
0.942942483378
0.942990697078
0.946748145589
0.949216911738
0.953322730455
0.95364312306
0.95670532442
0.958465195408
0.959935354572
0.964818471658
0.96545443067
0.966388076169
0.96659411312
0.966787046459
0.966988842522
0.968312637873
0.968754436033
0.973860266248
0.975449966341
0.975534402778
0.976266916164
0.978186775502
0.98217861265
0.984291153362
0.984394184722
0.984685812209
0.988666267788
0.992801859534
0.994450712579
0.994800602108
0.998291115236
0.998474159091
1.00071775423
1.00181739909
1.00278562678
1.00861979358
1.00986320311
1.01333548665
1.01333548665
1.01333548665
1.01333548665
1.01340700875
1.01379495774
1.01628245659
1.01743887178
1.01822025155
1.02182297295
1.02214757153
1.02649361729
1.02675869009
1.02956228208
1.03093393741
1.03096180033
1.031735089
1.03423363155
1.03547947593
1.03640782469
1.03767418304
1.0379162971
1.04010577435
1.04387737854
1.0475964607
1.04788791536
1.05004786679
1.05058098788
1.05172636074
1.05248297916
1.05370180097
1.05440437668
1.05455247279
1.05657988942
1.05659869732
1.05688975391
1.05846699795
1.06072760226
1.06570427108
1.0663659721
1.06660483915
1.06688566093
1.06696677164
1.06746336179
1.06790681968
1.06979980607
1.07031119278
1.07055934246
1.07139578265
1.0724012021
1.07645552982
1.07703553949
1.07777949557
1.07804343394
1.07810709817
1.08130716051
1.08252926444
1.08461942795
1.0881822661
1.08931724287
1.08941037467
1.08962044843
1.09022919837
1.09081240187
1.09100104353
1.09125212661
1.09198606368
1.09251562
1.09344888786
1.09456644251
1.09494515888
1.0951491532
1.09699081427
1.09815086503
1.09855503087
1.09961135212
1.10157495176
1.10166694286
1.10327110599
1.1033696409
1.10877198854
1.11057639065
1.11100862455
1.11105752365
1.11115209754
1.11618974781
1.11658522378
1.11915322
1.12196530778
1.1223680749
1.12340171739
1.1261404623
1.12622478074
1.12661296336
1.12917273247
1.13007833202
1.13053582597
1.13302593971
1.13448410461
1.13653934317
1.13661338158
1.13877145901
1.13903401635
1.14220371978
1.14284647185
1.14410745981
1.14410745981
1.14410745981
1.14410745981
1.14410745981
1.14410745981
1.14410745981
1.14410745981
1.14410745981
1.14410745981
1.14410745981
1.14410745981
1.14410745981
1.14410745981
1.14410745981
1.14410745981
1.14410745981
1.14410745981
1.14410745981
1.14410745981
1.14410745981
1.14410745981
1.14410745981
1.14410745981
1.14410745981
1.14410745981
1.14410745981
1.14410745981
1.14410745981
1.14410745981
1.14410745981
1.14410745981
1.14410745981
1.14410745981
1.1490725279
1.14936371667
1.15004867985
1.15068849837
1.15074811332
1.15177616862
1.15270491547
1.15439474653
1.15662445194
1.15709936799
1.1577599512
1.1590342683
1.15922912719
1.16700590693
1.16816852058
1.17042512059
1.1708269214
1.1720662981
1.1727513244
1.17337036329
1.17425529585
1.17492676918
1.17803645748
1.17887420237
1.1806416307
1.18096427611
1.18237620384
1.18378742422
1.18450824239
1.18479427866
1.18488640939
1.18544352817
1.18607119282
1.18652702602
1.18673714322
1.1867889415
1.18797250137
1.19041308444
1.19112829327
1.19281808269
1.19297548432
1.19475618741
1.19505654234
1.19509527922
1.19545355172
1.19768633718
1.1978721638
1.20019369164
1.20106579497
1.20399298422
1.20402947997
1.20459478273
1.20555505162
1.20645458139
1.20849032208
1.20950296687
1.2126560162
1.21533628296
1.21644129677
1.21648184383
1.21655169955
1.21659394973
1.21720892314
1.21720892314
1.218221894
1.21903360041
1.21922218315
1.21922814192
1.21961995392
1.21987415625
1.22006502284
1.22027237298
1.22078507421
1.22320646794
1.22605348877
1.22781984707
1.22886613625
1.22963931244
1.23009590825
1.23021624139
1.23536648622
1.23744435078
1.23779537245
1.24034916489
1.2409247205
1.24219802973
1.24322211838
1.24601271243
1.24680956178
1.24683801921
1.2487107656
1.25110585608
1.25111806682
1.25117601479
1.25134445539
1.25250243999
1.25495480007
1.25805411079
1.25959194629
1.26022189215
1.26148214112
1.26247675833
1.26309742282
1.26450734869
1.2679428468
1.26805253282
1.27001218871
1.27143140884
1.27178218693
1.27573363816
1.27697419731
1.27709880583
1.27772001925
1.27882685498
1.28113253919
1.28177365169
1.2818317276
1.28214950828
1.28225606739
1.28247837421
1.2825782265
1.28267175605
1.2845892267
1.28482246304
1.28508115598
1.28759267008
1.28833459182
1.28980055856
1.28981281002
1.2911704434
1.29128259906
1.29201865206
1.29342758115
1.29672731462
1.29697702215
1.29963104085
1.30015748188
1.30136757462
1.30150363336
1.30439410714
1.30974018887
1.30985884574
1.31089558365
1.31404898748
1.31510624443
1.31567820273
1.31776207081
1.31938508742
1.3204203094
1.32274009185
1.32395859178
1.32440628308
1.32479325168
1.32597730506
1.32826102528
1.32938647602
1.33095996877
1.33153504707
1.33177193068
1.33424070977
1.34114539952
1.34320085373
1.34459853613
1.34646754915
1.34861106989
1.34914445106
1.35092982498
1.35108840034
1.35131027362
1.35141878421
1.35208593955
1.35311225638
1.35324285832
1.35347347093
1.35530493668
1.35761012102
1.35797666803
1.35911573288
1.36175262432
1.3625195689
1.36513862041
1.3657221571
1.36611649801
1.36646420866
1.36677306795
1.36723975516
1.36733474399
1.36780615598
1.36825835107
1.36850369797
1.36909158909
1.36978702647
1.37046735434
1.37094578083
1.37194198323
1.37194198323
1.37197602619
1.37211992577
1.37296956646
1.3735450486
1.37425846996
1.37496851915
1.37670856142
1.37699145882
1.37750372574
1.37762450676
1.37872272066
1.38013591856
1.38057733145
1.38068725717
1.38187182992
1.38196476308
1.38226722714
1.38243173297
1.38277367277
1.38450507558
1.38493888491
1.38603547004
1.38729586402
1.38753884836
1.38795900549
1.38828311401
1.38838328398
1.38845320188
1.38859914156
1.38863586427
1.38870747899
1.38919104777
1.39050830795
1.39094887463
1.39129776488
1.3916094874
1.39253664797
1.39318433691
1.39381643495
1.39382876263
1.39427616524
1.39460354763
1.39491709567
1.39512345329
1.39542741718
1.39545369625
1.39549162942
1.39635774965
1.39649553034
1.39665582932
1.39667641931
1.39748626325
1.3975592367
1.397605389
1.39887415334
1.39903114194
1.39907305774
1.39923968397
1.3994333991
1.39985159823
1.400020841
1.40007935477
1.40022803788
1.40147453162
1.40386758217
1.40407444541
1.40438880118
1.40482851206
1.40688251615
1.40801036638
1.40803922854
1.40808114076
1.40880503292
1.40886858348
1.40913522402
1.40925804951
1.4094005614
1.4099928095
1.41069673647
1.41111184538
1.41166266193
1.41411442426
1.41420715546
1.41601458749
1.41738206081
1.41756261098
1.41805069142
1.41844595668
1.41857869986
1.42009906718
1.42063473175
1.42073819901
1.42073819901
1.42095635365
1.42100525629
1.42266104519
1.42530614107
1.42776892345
1.42865114902
1.42874472393
1.42936201571
1.42975287137
1.43010231244
1.43149621907
1.43221150726
1.43223829724
1.43242214497
1.43345375869
1.43366220438
1.43415638479
1.43676716364
1.43747480463
1.43887799112
1.4393406741
1.44000630261
1.44118864615
1.44195288517
1.44228860364
1.44242039027
1.44271899916
1.44287403698
1.44405110563
1.44424708994
1.44427267691
1.4443535099
1.44478357912
1.44579076172
1.44628777515
1.44753006754
1.44835734833
1.44951024716
1.44966178589
1.44992359914
1.4505143515
1.45197934694
1.452930029
1.45306234002
1.45333962323
1.45364222658
1.45612900895
1.45642179787
1.45646950011
1.45698610409
1.45882395004
1.4593332642
1.45937613366
1.46033875174
1.46053349861
1.46087160396
1.46135905444
1.46194605755
1.46217508706
1.46307389304
1.46328103321
1.46460710408
1.46462732893
1.4674758248
1.46877793443
1.47033043856
1.47040945153
1.47043225412
1.47294862873
1.47465046164
1.47650330051
1.47696629291
1.47701123436
1.47760444587
1.47830969788
1.47876424414
1.48127505884
1.48149060017
1.48195656263
1.48398183534
1.48471955078
1.48497233508
1.48519623042
1.48649068999
1.48673176856
1.48849600674
1.49063384933
1.49297485008
1.49646204583
1.49810468178
1.49815607011
1.49922845022
1.50201491851
1.50202819506
1.50214270772
1.50284894623
1.50303501461
1.50334516391
1.50472523115
1.50563211849
1.50591134816
1.50659559736
1.50812443701
1.50904476438
1.50922371971
1.50951056204
1.50962366038
1.50971342975
1.51010849069
1.5104318793
1.51048742991
1.51297651368
1.51557095751
1.51646281969
1.51709155305
1.51709155305
1.51709155305
1.51783443754
1.5183688631
1.51946226142
1.52346051915
1.52388594706
1.52482938768
1.52856548835
1.52948661788
1.52978408184
1.53012819246
1.53686288029
1.53765290119
1.53790935378
1.53826041799
1.5403831261
1.54131622577
1.54254425977
1.54303351224
1.54710858878
1.54831431901
1.55106875342
1.55175732482
1.5590252935
1.56234998436
1.56265466521
1.56411279481
1.56603042466
1.56742200305
1.56786578018
1.56849588379
1.57383221527
1.57417450629
1.57524887644
1.57709188171
1.57709188171
1.57709188171
1.58174838398
1.58234457547
1.58270368521
1.58601315625
1.58973725332
1.59096853244
1.59145046328
1.59525058393
1.59605549974
1.59807701238
1.59957023858
1.60082998949
1.60237807897
1.6028258621
1.60612560436
1.60614902149
1.61033832642
1.61094769214
1.61443885276
1.61633187091
1.61827448029
1.61863906802
1.6204505678
1.62745308757
1.63002595109
1.63154236459
1.63206168182
1.63380985046
1.63486054563
1.63674923843
1.63710163727
1.64048097638
1.64124313279
1.6454630452
1.64777299959
1.65533623533
1.66122040379
1.66129213137
1.66586560051
1.66630608197
1.66646637503
1.66716409842
1.66718238783
1.6679641378
1.66838688045
1.66961987791
1.67017665947
1.67095519598
1.67133726548
1.67282722005
1.67339268911
1.67382775707
1.67654361054
1.67777383651
1.6792686844
1.68091658002
1.68287161956
1.68381239716
1.68495087253
1.68515891672
1.68578568132
1.69263686004
1.69345038639
1.69394623031
1.69512881316
1.7037905526
1.70627569478
1.70658489665
1.70932316221
1.70988515327
1.71139150333
1.71147668299
1.71221138813
1.7123945711
1.71361201012
1.71455882027
1.71518872581
1.71689119019
1.71880800437
1.72016947941
1.7205257121
1.72124542261
1.72127927512
1.72167912305
1.72190311866
1.72253207583
1.72367051907
1.72436398554
1.72725115629
1.72734424201
1.7327705061
1.73369280218
1.73699154664
1.73767708411
1.7380867445
1.73935105721
1.74041480825
1.74177982697
1.74287472875
1.7451249033
1.74544733812
1.74548369129
1.74725460728
1.7475074163
1.74905819821
1.75135484725
1.75263872111
1.75367540413
1.7570490648
1.75796787426
1.76195010474
1.76306750616
1.76589432583
1.77634331067
1.77644163524
1.77665583582
1.77870852403
1.78038344258
1.78276163601
1.78500996984
1.78508972586
1.78926713528
1.79294219135
1.79362877385
1.79433891268
1.79541869379
1.79706159807
1.79709119491
1.80288949759
1.80574249364
1.80721856203
1.80747670927
1.80752252146
1.81068440766
1.8152402849
1.81567130362
1.81593396793
1.82350141447
1.82363911579
1.82695290142
1.82781325912
1.82987732889
1.83089178908
1.83138901503
1.83395427131
1.83553600615
1.83669413113
1.83796782076
1.8401601535
1.84024267569
1.8424147908
1.84352461832
1.84414862819
1.84430416541
1.846029612
1.84645205755
1.84664075661
1.847621458
1.85039378828
1.85387196225
1.85468435183
1.85938445846
1.85948878457
1.86162472651
1.86539828097
1.86782572095
1.87161307404
1.87377312126
1.87469850918
1.88034512233
1.89422741499
1.89443320205
1.89563998504
1.89563998504
1.89563998504
1.89563998504
1.89563998504
1.89563998504
1.89563998504
1.89563998504
1.89563998504
1.89563998504
1.89563998504
1.89563998504
1.89563998504
1.89563998504
1.89563998504
1.89563998504
1.89563998504
1.89563998504
1.89563998504
1.89563998504
1.89563998504
1.89563998504
1.89563998504
1.89563998504
1.89563998504
1.89563998504
1.89563998504
1.89563998504
1.89563998504
1.89563998504
1.89563998504
1.89563998504
1.89563998504
1.89563998504
1.89563998504
1.89563998504
1.89563998504
1.89563998504
1.89563998504
1.89563998504
1.89563998504
1.89563998504
1.89563998504
1.89563998504
1.89563998504
1.89563998504
1.89563998504
1.89563998504
1.89563998504
1.89563998504
1.89563998504
1.89563998504
1.89563998504
1.89563998504
1.89563998504
1.89563998504
1.89563998504
1.89563998504
1.89563998504
1.89563998504
1.89563998504
1.89563998504
1.89563998504
1.89563998504
1.89563998504
1.89563998504
1.89563998504
1.89563998504
1.89563998504
1.89563998504
1.89563998504
1.89563998504
1.89563998504
1.89563998504
1.89563998504
1.89563998504
1.89563998504
1.89563998504
1.89563998504
1.89563998504
1.89563998504
1.89563998504
1.89563998504
1.89563998504
1.89563998504
1.89563998504
1.89563998504
1.89563998504
1.89563998504
1.89563998504
1.89563998504
1.89563998504
1.89563998504
1.89563998504
1.89563998504
1.89563998504
1.89563998504
1.89563998504
1.89563998504
1.89563998504
1.89563998504
1.89563998504
1.89563998504
1.89563998504
1.89563998504
1.89563998504
1.89563998504
1.89563998504
1.89563998504
1.89563998504
1.89563998504
1.89563998504
1.89563998504
1.89563998504
1.89563998504
1.89563998504
1.89563998504
1.89563998504
1.89563998504
1.89563998504
1.89563998504
1.89563998504
1.89563998504
1.89563998504
1.89563998504
1.89563998504
1.89563998504
1.89563998504
1.89563998504
1.89563998504
1.89563998504
1.89563998504
1.89563998504
1.89563998504
1.89563998504
1.89563998504
1.89563998504
1.89563998504
1.89563998504
1.89563998504
1.89563998504
1.89563998504
1.89563998504
1.89563998504
1.89563998504
1.89563998504
1.89563998504
1.89563998504
1.89563998504
1.89563998504
1.89563998504
1.89563998504
1.89563998504
1.89563998504
1.90432313411
1.90842543105
1.91094289615
1.91275304505
1.91754480527
1.91849581475
1.92543469538
1.92678569395
1.92977192444
1.93185884491
1.94768453153
1.95288303228
1.95560418531
1.95657038943
1.95783322048
1.96115261197
1.96170526843
1.96364795546
1.9668224453
1.96805950942
1.96894561497
1.97017477188
1.9737664174
1.97938698217
1.98255798696
1.98275231731
1.98317638832
1.98478121658
1.98511321944
1.98749352618
1.98843112552
1.98843342306
1.99003493294
1.99003493294
1.99003493294
1.99003493294
1.99003493294
1.99003493294
1.9914917739
1.99297065462
1.99361622589
1.99647626071
2.00067986572
2.00644010927
2.00893269553
2.01003939354
2.01099239179
2.01222239749
2.01290631776
2.01893917205
2.01920006784
2.01951588336
2.0205481868
2.02224084101
2.02276943941
2.02460522173
2.02664397593
2.02759137704
2.02820223514
2.02959855558
2.03008567249
2.03414562751
2.03502395404
2.03793095368
2.04010621489
2.04090980342
2.04378391903
2.04546795199
2.04622325338
2.04690425879
2.04751387525
2.04791968188
2.05049629022
2.05284906956
2.05396584344
2.0540697726
2.05430057339
2.05792130087
2.05897301464
2.05941293439
2.06252570638
2.06369023498
2.06387096524
2.06403659076
2.06420698836
2.06440014307
2.06904091963
2.070897645
2.07224719815
2.07336733095
2.07450129868
2.07543076403
2.07603549416
2.08126590887
2.08475273815
2.08508250244
2.08614307367
2.08634656284
2.08636127409
2.09002177051
2.09058290146
2.09114908139
2.09267126219
2.09323189622
2.09385210368
2.09528689992
2.09583578662
2.09630438905
2.0963668131
2.09694263299
2.09869015974
2.10286955849
2.10342247497
2.10438002765
2.10520830462
2.10540373188
2.10572193756
2.106774847
2.10714257976
2.10806038056
2.1081131228
2.10836475033
2.10888223706
2.10911951507
2.10913976504
2.11076892572
2.11097837128
2.11106224748
2.11310345858
2.1146475211
2.1166534662
2.11718988771
2.11765537656
2.11855637923
2.11867755454
2.11871099997
2.12062920371
2.1222201069
2.12249342268
2.12275665285
2.12385983512
2.12411785383
2.12480183152
2.1254449232
2.12582924885
2.1261978563
2.12649667722
2.12714133736
2.12868451088
2.12902815334
2.12978044534
2.13069342711
2.13119460072
2.13165691881
2.13226591056
2.13278076597
2.13487582883
2.13530392871
2.13590506064
2.13643106256
2.13779274181
2.1380815315
2.13880073509
2.14008265877
2.14020606955
2.14074978935
2.14137515437
2.14149342746
2.14150361801
2.14181386138
2.14245898646
2.14279015872
2.14529396401
2.1454057373
2.14691130717
2.14723581222
2.14769992811
2.14792580425
2.14832834599
2.15010013503
2.15289321879
2.15326289287
2.15635057767
2.15731951066
2.15911766089
2.16074678145
2.16152648329
2.16197212711
2.1621400293
2.16343228255
2.16348952025
2.16442908968
2.16498350168
2.1652824456
2.16640103397
2.1665136843
2.16704740346
2.16715264814
2.16751260758
2.16857431622
2.16901297853
2.16917676252
2.17194251445
2.17270764294
2.17280398799
2.17524193632
2.17535526405
2.17555584697
2.17684601575
2.17748779614
2.177552496
2.17793970155
2.17820740617
2.17822240399
2.17845813175
2.17988067055
2.17989330081
2.18084728651
2.18118235689
2.18132075235
2.18157417024
2.18176873989
2.18208877778
2.18252906584
2.18298410844
2.18353834757
2.18415212721
2.18418285035
2.18482883975
2.18610283644
2.18745250602
2.18766812291
2.18799448655
2.19074615671
2.19100727823
2.19187981243
2.19283002966
2.19294560308
2.1945955094
2.1951660235
2.19519265533
2.19592638768
2.19700997854
2.19730850826
2.1974890508
2.19751400444
2.19799818865
2.19837772202
2.19895448648
2.19941155749
2.20134395749
2.20148500939
2.20172819625
2.20207221644
2.20232514117
2.20290736255
2.20625271735
2.21042006188
2.21059729783
2.210762624
2.21111914642
2.21151517674
2.2119094318
2.21328760083
2.21402798777
2.21432939891
2.21470231359
2.21479809403
2.21523487904
2.2162302312
2.21759825263
2.21761690359
2.21960964061
2.21962719264
2.22004728761
2.22006045439
2.22017694051
2.22083541617
2.22083541617
2.22083541617
2.22083541617
2.22083541617
2.22242987495
2.22478079621
2.22504116591
2.22564973102
2.22614554326
2.22651185778
2.22696883412
2.22765778944
2.22775709011
2.2296052565
2.23079115969
2.23098659779
2.2315714806
2.23230033035
2.23261341622
2.23406659637
2.23406659637
2.23406659637
2.23406659637
2.23510078382
2.23642333495
2.23773286859
2.23879061942
2.23885999007
2.23989999794
2.24105627652
2.24181780894
2.24276189012
2.24323145567
2.24469102667
2.24524680667
2.24567182141
2.24576382458
2.2472673353
2.24729480422
2.24778157214
2.24936994641
2.25045991898
2.25143901089
2.25309959902
2.25468273277
2.25607231914
2.25784573059
2.25935317469
2.26072783429
2.26222944596
2.26296434988
2.26339234205
2.26416111273
2.26513184453
2.26527524152
2.26625340398
2.26925054232
2.26956785748
2.27036923936
2.27328773729
2.27423428377
2.27486801625
2.27656647674
2.27658712655
2.27869416401
2.28100266164
2.28191940991
2.28291102885
2.28303058788
2.28319620311
2.28546845721
2.28659391829
2.28705000807
2.28810975703
2.28821268179
2.28935055033
2.28980710907
2.28996026513
2.29471668305
2.29503441806
2.29630087531
2.29642437046
2.29697174867
2.29753770515
2.29946580422
2.30374016034
2.30567009414
2.30827501768
2.31001648798
2.31206798852
2.32134896386
2.32134896386
2.32851400491
2.3306569804
2.33212290911
2.33259974492
2.33370343599
2.33714730555
2.33887369232
2.3398027176
2.34245491516
2.34350423771
2.34660072607
2.34792665108
2.34837167377
2.35335366947
2.35703184583
2.357687655
2.36148565599
2.36316427273
2.36634832557
2.37012111312
2.37101992461
2.3711106162
2.37153543111
2.37166361024
2.37452039723
2.37630551231
2.37782363651
2.37879991339
2.38165820992
2.38395789429
2.38591002134
2.38807221147
2.39098251199
2.39254000207
2.3926620599
2.39316609003
2.3936269292
2.39505053258
2.39908704549
2.39996202131
2.40148647228
2.40260512901
2.40532891522
2.40638370911
2.40650220591
2.40700665004
2.40764122474
2.41043493469
2.4114911253
2.41270802836
2.41709319646
2.41738343459
2.41834782711
2.42107711102
2.42268632732
2.42359339989
2.42455435492
2.42502960837
2.4262067022
2.42656727766
2.42743622413
2.42888901085
2.43027042889
2.43089434223
2.43160901467
2.43170112659
2.43337344995
2.43375579756
2.43431155876
2.43562021113
2.43864615825
2.44451578112
2.44452645771
2.44469230387
2.44711152067
2.44729325641
2.44874447585
2.4513448137
2.45140695099
2.45261729824
2.45340197888
2.45679619282
2.45691603356
2.45842383464
2.45867733563
2.45871814717
2.45903702909
2.4605978333
2.46229315515
2.46338255768
2.46476048445
2.46697374524
2.46867059804
2.46890465528
2.46940326897
2.47058237745
2.47135827979
2.47466863696
2.47596018435
2.47741002527
2.48024746971
2.48280372724
2.48376482502
2.48423521074
2.48452416627
2.4849316172
2.48531040457
2.4869185229
2.48759308625
2.48839461118
2.48893839208
2.48965845365
2.49022340878
2.49201868005
2.49405434727
2.49647431002
2.49789747198
2.49881246633
2.49945042395
2.49993591222
2.50015877891
2.50087427572
2.50514073641
2.5066698728
2.50745834222
2.50861526224
2.50861526224
2.51060628821
2.51061409353
2.51093813433
2.51190463792
2.51566000212
2.51728269094
2.51815219384
2.51819157665
2.51927155062
2.52068951379
2.52081556946
2.52296292036
2.52424005451
2.52540017371
2.53227731929
2.53382080266
2.53388882339
2.53686127431
2.53948856043
2.54249340741
2.54340726551
2.54407801047
2.54609399231
2.54769723941
2.54858423887
2.54880010074
2.55033652757
2.55098957472
2.55328488274
2.55583554308
2.55738679205
2.5595018635
2.56005748622
2.56224955743
2.56267619285
2.56344567439
2.56390624076
2.56554054323
2.56986117655
2.5701939494
2.57061352782
2.57300186126
2.57482334453
2.57976959263
2.58275429833
2.58693610725
2.58866384292
2.58866384292
2.58866384292
2.58866384292
2.58866384292
2.58866384292
2.58866384292
2.58866384292
2.58866384292
2.58866384292
2.58866384292
2.58866384292
2.59298461543
2.60370826234
2.60420735038
2.61412848989
2.61646038641
2.61646038641
2.61659648626
2.61817163889
2.62275590016
2.62352794494
2.62378605012
2.62386866545
2.62450344704
2.62679616874
2.62822307003
2.63432084588
2.6360876434
2.63693820511
2.63749058852
2.63755562504
2.63761325357
2.63960098732
2.64042894658
2.64043537886
2.64133052817
2.64365460378
2.64423830782
2.64453313342
2.6485212747
2.65155950673
2.65229686083
2.6539375729
2.65480566497
2.65663429691
2.66340832428
2.66547068114
2.66841505412
2.67107613223
2.67480436496
2.6758639245
2.6758639245
2.6758639245
2.68003740551
2.68031310371
2.68072096053
2.68303833491
2.68392950103
2.69203127627
2.69374230684
2.69376693004
2.69408059126
2.69567138523
2.6982747985
2.69841957597
2.69997602515
2.70276150026
2.70431951576
2.70526707114
2.70556728418
2.7061869012
2.70848052395
2.70890393772
2.7095069276
2.71497389376
2.71588798666
2.71629762194
2.71682517006
2.72033224319
2.72217635616
2.72373862896
2.72684759935
2.72736181999
2.72831260499
2.73272389472
2.7340303386
2.73435890114
2.73456461013
2.73456461013
2.73533664374
2.73899507372
2.73915946404
2.73979568893
2.74145734767
2.74385235766
2.74402836761
2.74444452909
2.74651269424
2.74691895568
2.74831672076
2.74929893226
2.75005017021
2.75099166632
2.75197148849
2.7523602331
2.7526041468
2.75500459022
2.75637462817
2.76007244586
2.76115366792
2.76314888841
2.76885045096
2.77137921756
2.77160836938
2.7753787496
2.77630898545
2.77858965193
2.78038029253
2.78051247293
2.78204948828
2.78428035918
2.78444006043
2.78502738163
2.78664673203
2.787795786
2.78847246638
2.78923210516
2.79319463475
2.79428174531
2.79535010629
2.79658561949
2.79665039595
2.79723064975
2.79725539909
2.79853448708
2.79888933973
2.80167183401
2.80192562638
2.80389759097
2.80442255671
2.80444254059
2.80484977157
2.80688006714
2.80873869018
2.81025238331
2.81190815624
2.81206905887
2.81278430813
2.81401286987
2.81407996346
2.81568638253
2.81900719501
2.81989842095
2.82138598006
2.83284505845
2.83341710095
2.83421430582
2.83671073858
2.8369604291
2.84342958041
2.84371450307
2.84895332699
2.84966625146
2.85207623265
2.85207623265
2.85280446946
2.85283491119
2.87241012865
2.87271662815
2.87399543308
2.87635558716
2.87934039507
2.88248358303
2.88555683118
2.88590529357
2.88591343348
2.88826619918
2.89100125713
2.89217124203
2.89298886844
2.89414632089
2.89644395731
2.89824728611
2.90101516151
2.90253382987
2.90280844355
2.9085956521
2.92599873113
2.92839108764
2.93090225213
2.93416722778
2.9347637441
2.93585528637
2.94230825393
2.94418919483
2.94593475184
2.94704264919
2.95254200496
2.95554668307
2.95554668307
2.95554668307
2.95554668307
2.95638602848
2.96120920043
2.96393959125
2.96519119507
2.96697289089
2.96751712922
2.96834254622
2.9711668797
2.97476093034
2.97644721031
2.9796812634
2.98489732824
2.98560351247
2.98713101535
2.98728892205
2.99004030048
2.9914329242
2.99359995042
2.99395222195
2.99636020505
2.99640255428
2.99674670533
2.99971799959
3.00059369169
3.003369532
3.00603378862
3.00700038177
3.00816372854
3.01047982519
3.01050502924
3.0107018433
3.01189979226
3.01296664775
3.01411224684
3.0177599391
3.01779956548
3.02196960094
3.02298059603
3.02545054847
3.02609947024
3.02646016163
3.02689090703
3.02832520096
3.02931298727
3.0295380958
3.03091562331
3.03254459875
3.03305156355
3.03316228115
3.03371279711
3.0339790842
3.03445714128
3.03568221482
3.03967625458
3.04248299291
3.04454932823
3.04603882357
3.04765665428
3.04918328989
3.05211080169
3.05448862055
3.05482033541
3.05617399634
3.05770006457
3.05879790902
3.06197377738
3.06324656665
3.06635199103
3.06680937917
3.06712549072
3.06738965024
3.0692927504
3.07600873341
3.07659570185
3.07814743187
3.07945714494
3.07950939531
3.08406012358
3.08427787934
3.08471942469
3.08538784095
3.0867510741
3.08912308098
3.09038329455
3.09142701414
3.09263336195
3.09378894646
3.09496311898
3.09497463509
3.09725344488
3.09839730834
3.09850293776
3.09867690527
3.10206768327
3.10350961157
3.10392368295
3.10919396165
3.10964054424
3.110387788
3.11133548686
3.11182376276
3.11252980794
3.11270147249
3.11279301512
3.11421276781
3.11428164979
3.11991512408
3.12092027964
3.12166319293
3.12329451968
3.12455239482
3.12603392764
3.12949291954
3.12951020213
3.12978754862
3.13036432092
3.13117634485
3.1334368692
3.13484494089
3.13681103198
3.14002613245
3.14283620846
3.14910748084
3.14923939614
3.14924719542
3.14968413409
3.15410000414
3.15545880561
3.15674042015
3.15700772659
3.15701576796
3.15747293097
3.16269608813
3.16361259192
3.16384402807
3.16651411639
3.16707149164
3.16739747414
3.16986265318
3.17317795485
3.17408173984
3.17483356708
3.17487335286
3.17583406124
3.17804988642
3.17826104902
3.18437453162
3.18744187703
3.18747123486
3.1881879112
3.18894267658
3.19154781403
3.19318466271
3.19734952819
3.19863227043
3.19882157444
3.2034078263
3.20357409035
3.20397817906
3.20531936384
3.20675640295
3.21025568025
3.21047556447
3.21644831565
3.21645585682
3.22123578585
3.22754839098
3.22800814661
3.22802164497
3.22864546315
3.22943975998
3.22984998411
3.23020090681
3.23218399042
3.23280760244
3.23337336089
3.23365599703
3.23677977613
3.23771423918
3.23776995883
3.23975730115
3.24060162951
3.24229946309
3.24913231523
3.25403584996
3.25506686984
3.2579694397
3.25921347172
3.25981163641
3.26096195348
3.26245126663
3.26268153528
3.26268275272
3.26443868253
3.26535038592
3.26609789016
3.26926358397
