-3.70853499031
-3.68155255207
-3.67974281919
-3.67843479051
-3.65603110875
-3.6452703245
-3.62726652544
-3.6243434731
-3.60151718081
-3.5914083373
-3.58782484375
-3.53566974529
-3.53376977898
-3.52086494683
-3.50465298837
-3.50038953208
-3.47806779697
-3.44390728106
-3.4283890092
-3.37912342089
-3.36024646556
-3.29053124106
-3.21896202661
-2.99
-2.99
-2.99
-2.99
-2.99
-2.99
-2.99
-2.99
-2.99
-2.99
-2.99
-2.99
-2.99
-2.99
-2.99
-2.99
-2.99
-2.99
-2.99
-2.99
-2.99
-2.99
-2.99
-2.99
-2.99
-2.99
-2.99
-2.99
-2.99
-2.99
-2.99
-2.99
-2.99
-2.99
-2.99
-2.99
-2.99
-2.99
-2.99
-2.99
-2.99
-2.99
-2.99
-2.99
-2.99
-2.99
-2.99
-2.99
-2.99
-2.99
-2.99
-2.99
-2.99
-2.99
-2.99
-2.99
-2.99
-2.99
-2.99
-2.99
-2.99
-2.99
-2.99
-2.99
-2.99
-2.99
-2.99
-2.99
-2.99
-2.99
-2.99
-2.99
-2.99
-2.99
-2.99
-2.99
-2.99
-2.99
-2.99
-2.99
-2.99
-2.99
-2.99
-2.99
-2.99
-2.99
-2.99
-2.99
-2.99
-2.99
-2.99
-2.99
-2.99
-2.99
-2.99
-2.99
-2.99
-2.99
-2.99
-2.99
-2.99
-2.99
-2.99
-2.99
-2.99
-2.99
-2.99
-2.99
-2.99
-2.99
-2.99
-2.99
-2.99
-2.99
-2.99
-2.99
-2.99
-2.99
-2.99
-2.99
-2.99
-2.99
-2.99
-2.99
-2.99
-2.99
-2.99
-0.538767527094
-0.455747349321
-0.418705073934
-0.416515061632
-0.412694439706
-0.373661629824
-0.333706186522
-0.312925329509
-0.310304046246
-0.310304046246
-0.310304046246
-0.310304046246
-0.310304046246
-0.310304046246
-0.310304046246
-0.310304046246
-0.310304046246
-0.310304046246
-0.310304046246
-0.310304046246
-0.310304046246
-0.310304046246
-0.310304046246
-0.310304046246
-0.310304046246
-0.310304046246
-0.310304046246
-0.310304046246
-0.310304046246
-0.310304046246
-0.310304046246
-0.310304046246
-0.310304046246
-0.310304046246
-0.310304046246
-0.310304046246
-0.310304046246
-0.310304046246
-0.310304046246
-0.310304046246
-0.310304046246
-0.310304046246
-0.310304046246
-0.310304046246
-0.310304046246
-0.310304046246
-0.310304046246
-0.310304046246
-0.310304046246
-0.310304046246
-0.310304046246
-0.310304046246
-0.310304046246
-0.310304046246
-0.310304046246
-0.310304046246
-0.310304046246
-0.310304046246
-0.310304046246
-0.310304046246
-0.310304046246
-0.310304046246
-0.310304046246
-0.310304046246
-0.310304046246
-0.301344080083
-0.280915094643
-0.279546278642
-0.264483320955
-0.25897159607
-0.25737221594
-0.254959440661
-0.253672888415
-0.240699348245
-0.223152651807
-0.215118487846
-0.211055250209
-0.200523405253
-0.196073085562
-0.195552780442
-0.194152421663
-0.179924918831
-0.178075331782
-0.177752920901
-0.173767909705
-0.15054725415
-0.148421568638
-0.141835133816
-0.140793076398
-0.129258432488
-0.121131309464
-0.10713687589
-0.103427169879
-0.102029289117
-0.0871056578795
-0.0866093873558
-0.0818444442618
-0.0691754071338
-0.0678290738431
-0.0654666177625
-0.0637539743749
-0.0631880873136
-0.0610830191735
-0.0437688056007
-0.034598510075
-0.0339592620494
-0.0221357259611
-0.0144897379442
-0.00531687997696
-0.00364131154656
-0.00301725142087
-0.00211228657772
0.000481299037523
0.00341928651795
0.00646145403213
0.00670571332951
0.0181075711786
0.0341250475042
0.0370307011622
0.041321024721
0.0469065014606
0.0649259572352
0.0649404172444
0.0654386140604
0.0680278683905
0.0777177443077
0.0800064586578
0.0860033123904
0.0869878420833
0.0941816029081
0.0945041071508
0.0977634002989
0.0981898610622
0.0990497581156
0.0999082983153
0.103999728517
0.104782513779
0.105885966763
0.108943752628
0.109101627406
0.113359367468
0.125361849551
0.128225987067
0.128773540564
0.130786548355
0.132334185169
0.135544258698
0.135845598353
0.13658697344
0.137193688139
0.13815661919
0.139382707867
0.141019299855
0.142748310582
0.143531987387
0.145745575705
0.147518938423
0.147518938423
0.14810255869
0.148878360973
0.153453287259
0.154013711575
0.154781547163
0.15649760391
0.156556517282
0.156556517282
0.156902431579
0.156947710838
0.157452033854
0.158344049317
0.16022400112
0.162158260918
0.163403014503
0.163420050457
0.165633970886
0.166840905358
0.167439916178
0.169178617894
0.171370837971
0.171643359114
0.171829703176
0.172602676699
0.173197408141
0.173666383858
0.173777013651
0.174131579246
0.17432888697
0.174828540631
0.176460941773
0.178201162721
0.178215778794
0.180775558311
0.180867828366
0.181114292106
0.18182501306
0.18182772892
0.182158246874
0.183492150298
0.184222542492
0.18513982988
0.188683287248
0.188790921022
0.189012693183
0.189012693183
0.189012693183
0.189012693183
0.189012693183
0.189012693183
0.189012693183
0.189012693183
0.189012693183
0.189012693183
0.189012693183
0.189012693183
0.189012693183
0.189012693183
0.189012693183
0.189012693183
0.189012693183
0.189012693183
0.189012693183
0.190897757996
0.193280279844
0.193637811913
0.193871197131
0.196472628864
0.196698169853
0.19776088905
0.199505387142
0.200003796271
0.200248934498
0.201423306085
0.201554136709
0.201694496193
0.201694496193
0.201694496193
0.201694496193
0.201694496193
0.201694496193
0.203448059891
0.203657384707
0.203839171021
0.204452090359
0.204500652279
0.204501435377
0.205059665313
0.205060889687
0.206090236588
0.208290693905
0.209204788168
0.21008323326
0.21066175069
0.211176769005
0.211963737498
0.212109745363
0.212209869447
0.212209869447
0.21248496451
0.21310381228
0.213385625011
0.213476673986
0.214012745589
0.214165364179
0.21423675509
0.214335717989
0.214335717989
0.214335717989
0.214335717989
0.214335717989
0.214335717989
0.215174675779
0.215465917815
0.215801284667
0.216020272536
0.216321205979
0.216394443437
0.216395602734
0.216803637731
0.218474690912
0.219937827324
0.22025048542
0.220294636386
0.220294636386
0.220294636386
0.220294636386
0.220304299123
0.220361807816
0.221341811879
0.222039339065
0.222039339065
0.222039339065
0.222259969987
0.223144322924
0.2244109392
0.225475305058
0.225483517984
0.22570644551
0.22570644551
0.22570644551
0.22570644551
0.22570644551
0.225916244009
0.226258697034
0.226310081742
0.22632356478
0.226588508294
0.226588508294
0.226731491357
0.22683244134
0.226857924811
0.226905405456
0.227008230451
0.227232760402
0.227232760402
0.227507382995
0.227561306385
0.22760915047
0.227710802293
0.227820211871
0.227820211871
0.227833874178
0.228094843533
0.228331889528
0.228455540313
0.228831706043
0.228983087325
0.229033697527
0.229043094503
0.229050253205
0.229061362825
0.229062212924
0.229151295554
0.22922852256
0.229311074791
0.229318850202
0.229389938476
0.229401754524
0.229411025798
0.229535071901
0.229552340868
0.229553357554
0.229595795504
0.229819310614
0.230016288791
0.230090728641
0.230091340765
0.230123003273
0.230294823605
0.230330044471
0.230449184565
0.230470556134
0.230509397709
0.230652628757
0.230686495138
0.230751187
0.230874085616
0.230945898572
0.23097261271
0.23099534883
0.230995904655
0.2310530277
0.231074234998
0.231096623538
0.231122404023
0.231162592345
0.2311643113
0.231184739174
0.231194814688
0.231196845843
0.231197884212
0.23122348331
0.231227286744
0.231238730066
0.231263367108
0.231271520761
0.231277245804
0.23127994259
0.231312601475
0.231315955483
0.231319247405
0.231328463893
0.23132930495
0.231330986655
0.231331668415
0.231338738411
0.231345795724
0.231352513511
0.231356771675
0.23135895601
0.231361795506
0.23138172755
0.2315824371
0.231824150506
0.232011424122
0.232053025532
0.232082414051
0.232178386264
0.232283823197
0.232355086798
0.23241189455
0.232431695634
0.232446312567
0.232450109223
0.232455683117
0.232484253623
0.232576020134
0.232576020134
0.232576020134
0.232591712193
0.232655248227
0.232665263584
0.232690729909
0.232773891098
0.232806007905
0.232859861163
0.232971002424
0.233202387271
0.233450098423
0.233587230866
0.233837953169
0.233936768483
0.234518458677
0.234552376468
0.234777882023
0.234979168108
0.235323567703
0.235439356562
0.236032737381
0.236040523672
0.236192126594
0.236303539929
0.237035885395
0.237312649349
0.237312649349
0.237312649349
0.237312649349
0.237312649349
0.237630678447
0.237639044364
0.237810203386
0.237824338829
0.237843645117
0.237921523091
0.237933858642
0.238180921072
0.238251595195
0.238413184236
0.238537368573
0.238603568321
0.23918805693
0.239235779847
0.239304996456
0.23940280005
0.23940280005
0.23940280005
0.23940280005
0.239422788919
0.239649694872
0.239712871261
0.239723049715
0.239766209564
0.239772561565
0.239820297617
0.239858924924
0.239932758121
0.240065805115
0.240272375689
0.240707090448
0.240826164608
0.241038966736
0.241050394059
0.241134871522
0.241257617618
0.241333378389
0.241383042727
0.241395863224
0.241677201191
0.241745465998
0.241846449977
0.242171038088
0.242223930532
0.242274888884
0.242730683895
0.242771466559
0.243001935913
0.243393116887
0.243841367271
0.243947324368
0.244029668874
0.244094634875
0.24415022101
0.244255654596
0.244372349605
0.244428202442
0.244507078476
0.24451062099
0.244518601803
0.244590679942
0.244670240729
0.244911412962
0.244911412962
0.244911412962
0.244911412962
0.244911412962
0.244911412962
0.24500829902
0.24503627572
0.245143568994
0.245144269481
0.245181601953
0.24521629667
0.245426165883
0.245491797598
0.245501677098
0.24587414664
0.246906138154
0.247186262066
0.247402577777
0.247757247338
0.247817900555
0.248389945699
0.248490996505
0.248716934218
0.248844670042
0.248958459985
0.248963731247
0.2495993997
0.250017710908
0.250353726583
0.251130364215
0.251305349509
0.251326927062
0.251650381246
0.252058504495
0.252443972878
0.252824190065
0.253348958154
0.253564442497
0.253649847535
0.254280803474
0.254419608303
0.25488894835
0.255184175687
0.255242932867
0.255470649609
0.255983171413
0.256291802789
0.256377396142
0.256557516208
0.256769877044
0.256831090431
0.257116661376
0.257182759682
0.258093594276
0.258178822246
0.258416647784
0.259083438218
0.260224468139
0.260224468139
0.260224468139
0.260224468139
0.260224468139
0.260224468139
0.261653531375
0.262212053673
0.262235693833
0.262472406945
0.262779410327
0.262804625599
0.263019416805
0.263021853922
0.263035801395
0.263154471375
0.263211481091
0.263273624345
0.264031931159
0.26433780762
0.264389796947
0.264539543416
0.264707752727
0.26473665104
0.264754131924
0.264756705998
0.264768923705
0.264791996057
0.264868846943
0.264894227308
0.26492951383
0.265050730338
0.265319264842
0.265619724906
0.265710146038
0.267128486769
0.267171557109
0.267181352146
0.268011380748
0.26923956989
0.26923956989
0.270268349405
0.270268349405
0.270388195965
0.270452641354
0.270778220824
0.271036879477
0.271169213718
0.271256171343
0.271415246375
0.271518397591
0.271693163379
0.271834465249
0.271864834595
0.272235945467
0.272473037013
0.272716444632
0.272797053349
0.272947750059
0.272985051873
0.273712711413
0.274068373129
0.274131710218
0.275357627082
0.275947369031
0.276189273989
0.276342815604
0.276496673713
0.276857583508
0.27686531216
0.277757108555
0.278007505538
0.278007505538
0.278007505538
0.278007505538
0.278007505538
0.278007505538
0.278007505538
0.278007505538
0.278007505538
0.278007505538
0.278007505538
0.278007505538
0.278007505538
0.278007505538
0.278007505538
0.278007505538
0.278007505538
0.278007505538
0.278007505538
0.278015496435
0.278163921195
0.278391104841
0.278409301368
0.278433925788
0.279194692074
0.279674430837
0.279802592161
0.279958357024
0.280439406416
0.28056812306
0.280633647204
0.281029124437
0.281195061927
0.281645023405
0.282653381343
0.284426531959
0.285340412081
0.286588407846
0.288441461345
0.289993799478
0.290106592461
0.29020865589
0.29081542253
0.291792703965
0.293292614127
0.293704877034
0.294393427902
0.294722897397
0.294929234008
0.296922633211
0.297174941225
0.297468645419
0.297714357106
0.297714357106
0.298505008523
0.29889993965
0.299407841248
0.299742089837
0.299842168028
0.301025753296
0.301424074628
0.302850288267
0.303625180249
0.304366905058
0.304397462711
0.305632743113
0.306566887112
0.309187937563
0.311814312869
0.312665341961
0.312954209848
0.31375811998
0.315793107453
0.315901258395
0.315901258395
0.316258374613
0.316809171941
0.316991518399
0.317381278065
0.317528571308
0.317629971507
0.319407766218
0.320079276895
0.320281548447
0.320730470514
0.321027373278
0.321171808189
0.322704497082
0.322958430519
0.323283964465
0.323501015805
0.324158909533
0.32459421408
0.33031560593
0.331311255754
0.331620123857
0.332383892162
0.333060276109
0.333409218343
0.333572812943
0.335103465338
0.335717335581
0.336566000231
0.33711500312
0.3382419919
0.3382419919
0.342384653318
0.343244726816
0.345318468565
0.346301582614
0.351739815542
0.353031130756
0.35350550134
0.353922880624
0.354851821716
0.36053268772
0.361022212022
0.364950693588
0.36646972336
0.367288566895
0.369957348538
0.371454962616
0.37393585036
0.378274016898
0.381319528965
0.382859867238
0.383317618329
0.392573583031
0.396563599865
0.400489043109
0.40157524384
0.402427151677
0.404234532966
0.407501955523
0.408505349682
0.409100300301
0.410168795368
0.412633780718
0.413969924456
0.41449548405
0.418200559001
0.42177567758
0.424403200477
0.425175265765
0.42891648167
0.429278632556
0.432564825751
0.435865511269
0.436414358808
0.440375789401
0.441397290878
0.441722666187
0.443896903799
0.44660208136
0.446789660113
0.448562776469
0.453445366096
0.453445366096
0.454707009042
0.456362565003
0.456597942367
0.45746003547
0.458398487552
0.467923912082
0.468570985517
0.469005916998
0.469284275816
0.478302155087
0.47854437257
0.491790931083
0.492700592422
0.49481439577
0.49481439577
0.494836055059
0.497432111811
0.497439155232
0.503648936535
0.505110562115
0.505530600463
0.508007456431
0.5081217844
0.514511110119
0.515728800191
0.515728800191
0.51589376284
0.519024746737
0.521939188358
0.522970805869
0.526153157102
0.530751560081
0.535007131783
0.535349879603
0.538508677985
0.541831226265
0.546043912773
0.550736847184
0.551647179283
0.552270065537
0.552308547772
0.55254474516
0.553740817812
0.554128668555
0.564462546358
0.565788593558
0.566418753722
0.567723228825
0.574322904053
0.57785401517
0.578868602262
0.579391590389
0.579913295261
0.58251289012
0.582749279181
0.583663949198
0.584114614085
0.587253250776
0.589468211794
0.593005410479
0.595333109926
0.59647183676
0.59738681028
0.599901479282
0.600656643321
0.600999036704
0.602827594702
0.604207214144
0.605811305168
0.606325373148
0.606426477122
0.606592561012
0.606662729827
0.606678924802
0.607012901843
0.61
0.61
0.610114949288
0.61115372758
0.612840585445
0.614374880175
0.614374880175
0.614374880175
0.614695748806
0.614861940015
0.614884612165
0.615485440053
0.616260401167
0.620686380217
0.624298084102
0.629221303848
0.630679512456
0.630757748547
0.633286230156
0.635361592982
0.636367258157
0.641382965314
0.647289291184
0.650627430755
0.654344775009
0.655467352112
0.657095965662
0.657319500768
0.658550520231
0.659475472935
0.660558148323
0.660689824255
0.660774851003
0.660937171695
0.662496993256
0.663072337161
0.663353875026
0.663466560575
0.663539874557
0.663798157268
0.664012169985
0.664350567065
0.664555793757
0.665188296867
0.668373821553
0.66894416091
0.669160484967
0.66956563075
0.673677101068
0.674732892946
0.678173111853
0.682418481778
0.682418481778
0.682418481778
0.682418481778
0.684459764455
0.690206159447
0.695582948805
0.695582948805
0.695582948805
0.695582948805
0.695582948805
0.695582948805
0.698172734754
0.699691997771
0.702581038112
0.703441561133
0.706349595454
0.706495840859
0.70887547437
0.712303539923
0.713898643129
0.715629938504
0.715629938504
0.715629938504
0.716460450945
0.717103139875
0.717660509131
0.728249141547
0.733243511909
0.734698917907
0.734814204789
0.737240717173
0.737878702089
0.73913555254
0.739211011114
0.740275304104
0.740275304104
0.740275304104
0.740275304104
0.740275304104
0.740275304104
0.740275304104
0.740275304104
0.740275304104
0.740275304104
0.740275304104
0.740275304104
0.740275304104
0.740275304104
0.740275304104
0.740275304104
0.740275304104
0.740275304104
0.740275304104
0.740275304104
0.740275304104
0.740275304104
0.740275304104
0.740275304104
0.740275304104
0.740275304104
0.740275304104
0.740275304104
0.740275304104
0.740275304104
0.740275304104
0.740275304104
0.740275304104
0.740275304104
0.740275304104
0.740275304104
0.740275304104
0.740275304104
0.740275304104
0.740275304104
0.740275304104
0.740275304104
0.740275304104
0.740275304104
0.740275304104
0.740275304104
0.740275304104
0.740275304104
0.740275304104
0.740275304104
0.740275304104
0.740275304104
0.740275304104
0.740275304104
0.740275304104
0.740275304104
0.740275304104
0.740322627961
0.742643186544
0.747761559454
0.754097297718
0.756702403516
0.758026879737
0.761724799485
0.761724799485
0.761724799485
0.761724799485
0.761755727738
0.766276798663
0.767618003505
0.767814234378
0.768821952362
0.772499721999
0.775103490971
0.776810316538
0.777277581278
0.778467206062
0.782181549057
0.783282508748
0.785169561193
0.785785537341
0.789125406956
0.78920203777
0.790958954101
0.791895936963
0.793848183708
0.793885884098
0.795908492421
0.796952875564
0.796969589956
0.798150540301
0.799126197777
0.799797867235
0.800393272398
0.800487370407
0.800537973238
0.8007167929
0.801630916399
0.802078690585
0.802497515066
0.805114677385
0.806071981783
0.806705131081
0.808425236852
0.80875649961
0.811478085136
0.81233355397
0.81258349693
0.815956864496
0.816079076315
0.817676592955
0.818124511031
0.820387760678
0.820951678156
0.822918210603
0.823002147468
0.823173874302
0.823884715928
0.824411093095
0.824413522429
0.827232879374
0.833937822273
0.833937822273
0.833937822273
0.833937822273
0.833937822273
0.834856904216
0.838552692742
0.839317112985
0.843048366221
0.845973449215
0.845973449215
0.845973449215
0.845973449215
0.845973449215
0.845973449215
0.846875432538
0.848818455723
0.848818455723
0.848818455723
0.848818455723
0.848818455723
0.848818455723
0.853892934019
0.856504879389
0.857720657853
0.857772913577
0.865071527661
0.866477714236
0.872703009542
0.877982763492
0.880156952839
0.880787934894
0.885294819918
0.886462775279
0.887204443156
0.888105290071
0.888796513399
0.888991266675
0.893085111483
0.893396247214
0.894321665181
0.894333259346
0.894481923544
0.897083122808
0.897597078514
0.899732268242
0.90079298779
0.903814065681
0.905843180406
0.912613660738
0.91486251427
0.915776422169
0.916287090162
0.916899520091
0.916996509502
0.916996509503
0.916996509503
0.916996509503
0.916996509503
0.917472546101
0.919338855753
0.921801065129
0.922274625573
0.923280321125
0.924085519898
0.927943288189
0.927998659658
0.928690545318
0.930898469633
0.932103000122
0.933975365779
0.937402998042
0.937728082821
0.93798756337
0.938468366413
0.938877094151
0.939652044316
0.939652731545
0.941168716959
0.941462431546
0.942244683688
0.943199479917
0.944821184849
0.946817152545
0.947865737438
0.948467365467
0.948572755321
0.948677403078
0.949247068055
0.951842309732
0.952154220254
0.952592910992
0.952620943425
0.953133781388
0.95317060748
0.953606225662
0.953983754391
0.954716026846
0.955432456072
0.956482300264
0.960447405935
0.963197876965
0.963533404269
0.96444019273
0.965852627683
0.966932046445
0.967053195972
0.967232356157
0.969862498977
0.970141065937
0.970188485308
0.970803801952
0.972935617811
0.973168411106
0.973623495932
0.973742876547
0.974671375073
0.976834907304
0.979317157249
0.979555716928
0.979882962316
0.980293635334
0.980704041327
0.981430288
0.985057587124
0.986308765249
0.986382792654
0.987064668113
0.987121621311
0.987712551904
0.989888314284
0.991438089378
0.992879335895
0.993100858325
0.993705766434
0.993795295897
0.994048880032
0.994053540023
0.994201604899
0.999916214544
1.00120257285
1.00478365136
1.00541413192
1.00738708066
1.0076652935
1.00793941505
1.01025774498
1.0117638653
1.01260511277
1.01348985331
1.01371919994
1.01467753729
1.01636444189
1.01733548556
1.01773378686
1.01793890879
1.02004492935
1.02232771095
1.02236853742
1.0248551566
1.02532124827
1.02532124827
1.02532124827
1.02532124827
1.02532124827
1.02532124827
1.02532124827
1.02532124827
1.02532124827
1.02532124827
1.02532124827
1.02532124827
1.03076525183
1.03355032953
1.0336983997
1.03674899679
1.03717380398
1.0387014983
1.04167144558
1.04204320925
1.04471151707
1.04642939261
1.04713723147
1.0480576036
1.04983836916
1.05063298705
1.05188826392
1.05316947543
1.05381539659
1.056363876
1.05640986225
1.06214786117
1.06317759088
1.06372121282
1.06524261628
1.06692438237
1.06834784861
1.06845107949
1.06847921506
1.06873835447
1.07018692143
1.07179687226
1.07183786013
1.0739780029
1.07517052733
1.07722366142
1.07866254919
1.08186734771
1.08199194027
1.08304335387
1.08329824031
1.08357381024
1.08366752141
1.08443371374
1.08478985426
1.08693935168
1.08817158703
1.08847301548
1.09007190714
1.09076013077
1.09148493779
1.09152045649
1.09235188622
1.09262725704
1.09427280934
1.09578363141
1.09688478378
1.09863457004
1.10022320278
1.10130053788
1.10272124942
1.10590003522
1.10670389966
1.10692561951
1.10736762104
1.10848687682
1.10871909676
1.10963226293
1.11014088973
1.1106174906
1.11164133593
1.11184694633
1.11752172208
1.11803940345
1.11969839219
1.12149344475
1.12149727436
1.1233203439
1.12343404415
1.12355302634
1.12423473808
1.12455389458
1.12496699564
1.12609574127
1.12613909519
1.12740559349
1.12802796462
1.12805540267
1.12917668593
1.12989181102
1.13074799684
1.13228513895
1.13244420186
1.13268083998
1.13292444873
1.13411768427
1.13471850211
1.13592834908
1.13672122798
1.1380930605
1.14021056344
1.14258738157
1.1459160974
1.14690601466
1.1470498506
1.14822737928
1.15173819054
1.15222737357
1.15465311409
1.15499220857
1.15499220857
1.15499220857
1.15499220857
1.15499220857
1.15499220857
1.15499220857
1.15499220857
1.15499220857
1.15499220857
1.15499220857
1.15499220857
1.15499220857
1.15499220857
1.15499220857
1.15499220857
1.15499220857
1.15499220857
1.15499220857
1.15510335296
1.15657113888
1.15675604571
1.15675604571
1.15931619834
1.16558752156
1.16560528319
1.16720508446
1.1684361701
1.16912836091
1.16996478821
1.1700389979
1.17016105274
1.17312272483
1.17318522488
1.17634485212
1.17669298268
1.17819959806
1.17837717894
1.18237798264
1.18508479694
1.18683458754
1.18695496179
1.1872046322
1.18741158217
1.18790788277
1.19108444404
1.1937150968
1.19456091815
1.19963021791
1.20204731744
1.20204731744
1.20204731744
1.20204731744
1.20204731744
1.20204731744
1.20204731744
1.20204731744
1.20204731744
1.20204731744
1.20204731744
1.20204731744
1.20204731744
1.20204731744
1.20204731744
1.20411672206
1.20590168744
1.20697286228
1.20744990526
1.210619434
1.21361170861
1.21424107247
1.21598728423
1.21716338476
1.21775064179
1.22558424205
1.22809334981
1.22848225851
1.23113191401
1.23199207791
1.2324433584
1.2324433584
1.23347766436
1.23480461883
1.23484662053
1.23842848227
1.23927496195
1.2407406062
1.24697504954
1.24954499047
1.25030827465
1.25031666254
1.25359446717
1.25465871421
1.26008115657
1.26027554967
1.26034161076
1.26034161076
1.26034161076
1.26072857873
1.26255085546
1.26955528834
1.27147108688
1.27587083349
1.27752397536
1.27978315686
1.27995179187
1.28127204359
1.28857340458
1.29026971106
1.29040415828
1.2939759073
1.29702352529
1.30103923484
1.30173381106
1.30181614292
1.30200556245
1.30350020413
1.3072205809
1.30753061472
1.30763175462
1.30885939636
1.31344000478
1.31465193482
1.31582227033
1.31820575162
1.32245319026
1.32333093757
1.32427333189
1.32699555255
1.32790102748
1.32906604673
1.32970749229
1.33526222633
1.33544490433
1.33671597945
1.34153914433
1.34306990793
1.34523083013
1.34678466482
1.34697241645
1.34791199839
1.3493742085
1.35007435093
1.35067829626
1.35925767277
1.36010053498
1.36054954763
1.37148406223
1.37319725633
1.37403519713
1.3742828083
1.37910779273
1.37968662361
1.38076120928
1.38127490236
1.38271219821
1.38319177686
1.38424001793
1.38695768649
1.38800932419
1.38978500696
1.38983049785
1.39062644751
1.39394076051
1.39459218475
1.39492989929
1.39659648722
1.39719224114
1.40034212453
1.40069702747
1.40188104483
1.40207687504
1.40297485984
1.40360518318
1.4038917446
1.40499610724
1.40499610724
1.40732115419
1.40787098957
1.40833100256
1.40867848514
1.40901108014
1.40921896631
1.4098089121
1.41204935883
1.41287812628
1.41361394373
1.41835092773
1.41872263252
1.41929360798
1.42128578011
1.42232297756
1.42241783185
1.42348692466
1.42448026558
1.42693983405
1.42812699304
1.42905711373
1.43140745469
1.43149154792
1.43615584432
1.43655512022
1.43737906296
1.43831426491
1.43979389223
1.44029033173
1.44052503995
1.44220319832
1.44281267872
1.4428244285
1.44318418988
1.44376164636
1.4450414278
1.44723758755
1.44782760823
1.44815110871
1.44865937592
1.44950960488
1.4498160425
1.45039774795
1.45240331078
1.45403328852
1.45529104025
1.45714151814
1.45731422979
1.45827841943
1.46583969347
1.46625437462
1.46859170605
1.47385169956
1.47540994012
1.47780223454
1.47833250103
1.4798742118
1.48089645089
1.4845146083
1.48457826255
1.48675320527
1.48683198396
1.48849727986
1.48881430506
1.49113310264
1.49263060356
1.49267613385
1.49514647102
1.49621724024
1.49633655968
1.50013087726
1.50028854776
1.50565402793
1.5065769997
1.51424331864
1.51796897832
1.51796897832
1.51796897832
1.51796897832
1.51796897832
1.51796897832
1.51796897832
1.51796897832
1.51796897832
1.51796897832
1.51796897832
1.51796897832
1.51796897832
1.51796897832
1.51796897832
1.51796897832
1.51796897832
1.51796897832
1.51796897832
1.51796897832
1.51796897832
1.51796897832
1.51796897832
1.51796897832
1.51796897832
1.51796897832
1.51796897832
1.51796897832
1.51796897832
1.51796897832
1.51796897832
1.51796897832
1.51796897832
1.51796897832
1.51796897832
1.51796897832
1.51796897832
1.51796897832
1.51930448765
1.52030397746
1.52491701272
1.52527478376
1.52658210949
1.52853827348
1.53582142346
1.53692581411
1.53742605004
1.53919321395
1.54026377015
1.5411228528
1.54384213831
1.54447089323
1.54480229473
1.54731076035
1.54992296777
1.55156198296
1.55273785444
1.55287752974
1.55528442721
1.55659415191
1.55717266129
1.55889638904
1.56018765462
1.56140310702
1.56159974528
1.5621319225
1.56289305023
1.5630318355
1.56330577315
1.56392192969
1.5649804589
1.56568426847
1.56569784712
1.56831255495
1.56907759082
1.57022980217
1.57150156863
1.5715075015
1.57226158084
1.57341483203
1.57390654699
1.57417678778
1.57989305767
1.5799597949
1.58061707676
1.58087576659
1.58121966925
1.58138696041
1.58230470024
1.58356370878
1.583780956
1.58439739603
1.58480131565
1.58500268179
1.58635101905
1.58668521096
1.58737995453
1.58792448121
1.59058256403
1.59090322025
1.59109709926
1.59244924605
1.59277024126
1.59325518402
1.59377302372
1.59419503549
1.59499525451
1.59504830503
1.59527201799
1.59589367259
1.5962397804
1.59658078567
1.59702655881
1.59735952396
1.5979441936
1.59804016085
1.5986801451
1.59877373372
1.59906862147
1.59947528555
1.5996438405
1.60053463083
1.60065497538
1.60159439457
1.60364264883
1.6037312991
1.60425090526
1.60491512033
1.60667568089
1.60732296051
1.60817254396
1.60920119907
1.60943640148
1.61030528672
1.61104363845
1.6112041202
1.61146314004
1.61179425128
1.61180999272
1.61181110268
1.61195519564
1.61196860558
1.61196860558
1.61196860558
1.61196860558
1.61196860558
1.61196860558
1.61393866356
1.6141279244
1.6143351546
1.6157001525
1.61662452297
1.61688350764
1.61695037836
1.61720671894
1.61720671894
1.61800396717
1.61869278723
1.61906115027
1.61972057389
1.6200524754
1.62138888906
1.62323584683
1.62523967085
1.62538080248
1.62603743349
1.6261394155
1.62642851563
1.63044227055
1.63112893604
1.63289857482
1.6329980095
1.63307673878
1.63400930931
1.63403216199
1.63409093263
1.63505087563
1.63563526608
1.63670339663
1.63724972119
1.6393364221
1.64005843505
1.64042959117
1.64044312895
1.64110781037
1.64347673806
1.6455820114
1.64589965925
1.64626325071
1.64633239538
1.64827174012
1.6507622898
1.65116012777
1.6543612961
1.65453334782
1.65509634983
1.6561503953
1.65922818098
1.65978218078
1.65981802505
1.66078593735
1.66194709695
1.66316294166
1.66316294166
1.66383510545
1.66478673311
1.66798037846
1.66917895318
1.67063782737
1.67914629704
1.67941955916
1.68159849405
1.6843446832
1.68495716452
1.69051991556
1.69146006744
1.69383730462
1.69420246968
1.69599794174
1.69856960123
1.70012507214
1.70272329815
1.70287468106
1.70316625672
1.70420958898
1.70444605425
1.70765317199
1.70788404149
1.70850098708
1.70901680999
1.71008166208
1.71139462762
1.71167006875
1.71173570721
1.71466995681
1.71497108532
1.71704623991
1.71735840997
1.71746794791
1.71843389744
1.72106513784
1.72158548422
1.72512503201
1.7251314226
1.72638852253
1.72638852253
1.72638852253
1.72638852253
1.72689127416
1.72764170159
1.73227683235
1.73361444081
1.73556783029
1.73804556735
1.73816530685
1.73895009246
1.73922748903
1.7470698226
1.7470698226
1.74732686312
1.75243750687
1.75429157128
1.75623617314
1.75678909475
1.75707283177
1.75756327897
1.75811580354
1.75811580354
1.76219299075
1.76326240486
1.76649538677
1.76679961616
1.76826711113
1.77063141256
1.77286746566
1.77318708975
1.77453896218
1.77718161424
1.77718161424
1.77718161424
1.77718161424
1.77718161424
1.78311074142
1.7844017875
1.78573489396
1.78918175925
1.79526765425
1.79597745075
1.80132915981
1.81009820428
1.81040169322
1.81055569433
1.81071368535
1.81180226692
1.8139771297
1.81410303938
1.81526400914
1.81572811973
1.81760247746
1.8180049233
1.82021443021
1.82047075859
1.82305624891
1.82442278278
1.82502424797
1.83102356363
1.8320592112
1.8323342264
1.83499132445
1.83703846835
1.837535485
1.83813015625
1.83853346581
1.83919925508
1.83997762972
1.84299056286
1.84334233242
1.84609785586
1.84807244586
1.85287670848
1.85403184788
1.85457744961
1.85468467182
1.85622869166
1.85642179403
1.85711634935
1.85721953154
1.85994467766
1.86007394033
1.8642249076
1.86549604626
1.86723777684
1.86952742125
1.87248640677
1.873061116
1.8766118497
1.87861608415
1.88062958149
1.88083183041
1.88232655319
1.88263031578
1.88627750868
1.88698326459
1.88786571789
1.88786571789
1.88786571789
1.88786571789
1.88803400988
1.88877473689
1.88891896105
1.89174129547
1.89319478924
1.89386053156
1.89521018785
1.89593980036
1.89669608122
1.8971598624
1.89800859282
1.90024045904
1.90535990788
1.90892177846
1.90979998584
1.91092208974
1.91160934392
1.91387621276
1.91852571271
1.91856328444
1.91893695996
1.92108434219
1.92355328869
1.93038645758
1.93067191408
1.93208330657
1.9332679985
1.93396337771
1.93423011907
1.93503394866
1.93625344579
1.93643383687
1.94183969639
1.94391734233
1.94835542657
1.94906755655
1.95006865239
1.95147228434
1.96306421776
1.96344415835
1.96422905908
1.96464962405
1.96464962405
1.96540049435
1.96715379088
1.9690195751
1.97015123398
1.97152883554
1.97342384935
1.97481704212
1.97808989317
1.98058058424
1.98111683482
1.98304960005
1.98516886704
1.98773227764
1.99036126362
1.99555910972
1.9958586051
1.99737327448
1.99763962396
1.9979423943
1.99956999726
1.99986182208
2.00026292595
2.00153287621
2.00238588406
2.00326972549
2.00397695946
2.00567511899
2.00649806341
2.0083444852
2.00849217182
2.00959720837
2.01053632135
2.01263818107
2.01343152519
2.01343152519
2.01461107073
2.016092043
2.01838542665
2.02326910045
2.02805160184
2.02877061003
2.02939475143
2.03207037049
2.03251368767
2.03564273477
2.03575432827
2.03774518043
2.04054326582
2.04336854883
2.04380677992
2.04850232117
2.05144293033
2.05262623686
2.05268538973
2.05404290562
2.05439798566
2.05673580593
2.05909002987
2.0604742185
2.06134097685
2.0644200206
2.06519476454
2.06827159988
2.06920510132
2.06938784874
2.07082197231
2.07384180164
2.07498658871
2.07523341155
2.07728456334
2.08027745154
2.08180813229
2.08335738921
2.08806796219
2.08906634483
2.09012523453
2.09290174288
2.09545503504
2.09680553518
2.09862544908
2.0998592234
2.10201251394
2.10293307443
2.10328970281
2.10746156641
2.11045758944
2.11048267127
2.11713049318
2.11723849479
2.1192841671
2.12248411945
2.12428034608
2.12443492641
2.12485615618
2.12564029026
2.12771519717
2.12785346117
2.12822016699
2.13092537078
2.13121148723
2.13257438654
2.13283030977
2.13333971745
2.13453871461
2.13650408441
2.13758504729
2.13891054176
2.13992935049
2.14031150943
2.14244482468
2.14304573644
2.14329274615
2.14404238939
2.14624508821
2.14901176245
2.14930554753
2.14967334226
2.15061711887
2.1508690201
2.15176120421
2.15181934556
2.15306350769
2.15306350769
2.15306350769
2.15306350769
2.15306350769
2.15510689622
2.15660026907
2.15795897223
2.15842136502
2.16
2.16
2.16
2.16
2.16
2.16
2.16
2.16
2.16
2.16
2.16
2.16
2.16
2.16
2.16
2.16
2.16
2.16
2.16
2.16
2.16
2.16
2.16
2.16
2.16
2.16
2.16
2.16
2.16
2.16
2.16
2.16
2.16
2.16
2.16
2.16
2.16
2.16
2.16
2.16
2.16
2.16
2.16
2.16
2.16
2.16
2.16
2.16
2.16
2.16
2.16
2.16
2.16
2.16
2.16
2.16
2.16
2.16
2.16
2.16
2.16
2.16
2.16
2.16
2.16
2.16
2.16
2.16
2.16
2.16
2.16
2.16
2.16
2.16
2.16
2.16
2.16
2.16
2.16
2.16
2.16
2.16
2.16
2.16
2.16
2.16
2.16
2.16
2.16
2.16
2.16
2.16
2.16
2.16
2.16
2.16
2.16
2.16
2.16
2.16
2.16
2.16
2.16
2.16
2.16
2.16
2.16
2.16
2.16
2.16
2.16
2.16
2.16
2.16
2.16
2.16
2.16
2.16
2.16
2.16
2.16
2.16
2.16
2.16
2.16
2.16
2.16
2.16
2.16
2.16
2.16
2.16
2.16
2.16
2.16
2.16
2.16
2.16
2.16
2.16
2.16
2.16
2.16
2.16
2.16
2.16
2.16
2.16
2.16
2.16
2.16
2.16
2.16
2.16
2.16
2.16
2.16
2.16
2.16
2.16
2.16
2.16
2.16
2.16
2.16
2.16
2.16
2.16
2.16
2.16
2.16
2.16
2.16
2.16
2.16
2.16
2.16
2.16
2.16
2.16
2.16
2.16
2.16
2.16
2.16
2.16
2.16
2.16
2.16
2.16
2.16
2.16
2.16155327529
2.16156065904
2.16381763088
2.1651002099
2.16727055296
2.16860428192
2.16871016804
2.16968966742
2.17033117583
2.17152412414
2.17203035039
2.17315217809
2.17336985829
2.17357280874
2.17392576499
2.17515694049
2.17826411208
2.18238784868
2.18265239959
2.18543668157
2.18563186578
2.18684902531
2.18717548468
2.1875420658
2.18851128398
2.18861726961
2.18927568297
2.18985267635
2.19032458119
2.19097843223
2.19209031794
2.19212904478
2.1929418209
2.19299675265
2.19453197865
2.19519014437
2.19576943573
2.1966483139
2.19984945503
2.2013830231
2.20160585364
2.20178195035
2.20208720702
2.20280249092
2.20288686274
2.20376773736
2.20459885158
2.20479882396
2.20500525254
2.20625422956
2.20994598964
2.21023539245
2.21034556278
2.21053839452
2.21149158387
2.21237806111
2.2129635537
2.21701987376
2.21734143198
2.21743439409
2.21746379324
2.21780992001
2.21975765982
2.22023019125
2.22237219407
2.22239153596
2.22243486294
2.22259813907
2.22425795823
2.22439383588
2.22484068171
2.22771817938
2.22775669587
2.22798284332
2.22864704722
2.2291593529
2.22966693423
2.23039931452
2.23063176164
2.23078434282
2.23079221643
2.23233049789
2.2365957716
2.2372272316
2.23818060246
2.23862133729
2.24194734836
2.24221987303
2.24438699814
2.24529898824
2.24940067917
2.24995704842
2.25157304958
2.25541903261
2.25584526182
2.25627040809
2.25875891828
2.25956075677
2.25972780389
2.26020525059
2.26538497494
2.26710859652
2.26847308647
2.26969417983
2.27099434911
2.27499387977
2.27737005069
2.28664708721
2.28677205412
2.29031783733
2.29570580949
2.29639641541
2.29796289818
2.29970992125
2.30200644735
2.30294030475
2.30323841578
2.30323841578
2.30323841578
2.30323841578
2.30323841578
2.30323841578
2.3035248127
2.30493761824
2.30973330794
2.31301269591
2.31420782024
2.31979625465
2.32090720363
2.32123438712
2.32196528679
2.32464177039
2.32656773119
2.32937177245
2.33963052368
2.34042123592
2.34373042588
2.34401519098
2.34600202593
2.3471006961
2.34930065299
2.34970108252
2.35177763818
2.35333663416
2.35365617438
2.35765652286
2.35773432657
2.36002727556
2.36759076807
2.36944623485
2.37078586488
2.37140227393
2.37254913988
2.37391249143
2.37413195268
2.37469714837
2.3748725453
2.37932463972
2.38178039258
2.38311318436
2.38423231883
2.38560880357
2.38587957656
2.38688670728
2.3880429164
2.39204667652
2.39213104741
2.39213104741
2.39213104741
2.39889770355
2.39967932619
2.4009873551
2.40178594339
2.4018440307
2.40515732087
2.40667840474
2.41252381893
2.41575059191
2.41575059191
2.41659691831
2.41847180207
2.4188388124
2.42037474835
2.42080415942
2.42093402808
2.42401776034
2.42457997162
2.42512600582
2.42594798423
2.42633124146
2.42755417656
2.42770956363
2.43118228152
2.43165106354
2.43221804789
2.43244778293
2.43322675698
2.43353592006
2.43399539601
2.43438494993
2.43530742288
2.43550325619
2.43553088175
2.43884320916
2.43898043896
2.44145652372
2.4434453499
2.44549978939
2.4456549524
2.44607965391
2.44833047452
2.45188968014
2.45208603348
2.45526392657
2.45584239576
2.45624375079
2.45824848122
2.45973068398
2.46183736843
2.46349988096
2.46487329256
2.46561861845
2.46908464844
2.47035759209
2.47241097401
2.47596358485
2.47918687007
2.47959401149
2.4796212925
2.48103825265
2.4811956331
2.48553878323
2.48899805928
2.49291905092
2.49309284785
2.49331825202
2.4952318562
2.49530925435
2.49616324422
2.49652939953
2.49795929983
2.49930592021
2.49935475181
2.50022405616
2.50051617027
2.50092999573
2.5034030778
2.50541587016
2.5055515117
2.5059310125
2.50727500497
2.50820430239
2.50923081356
2.51071906871
2.51139851021
2.51323066214
2.51833434913
2.52021159946
2.52097587789
2.52242661932
2.52368135967
2.52368135967
2.52368135967
2.52368135967
2.52368135967
2.52368135967
2.52420548707
2.52666165284
2.52872453586
2.53091455971
2.53112802764
2.53275346074
2.53312612941
2.53425895286
2.53425921142
2.53556306271
2.53577039514
2.53762311459
2.53857008083
2.53864973056
2.53908406561
2.53917984169
2.53969025604
2.54008516374
2.54093530304
2.54342530335
2.54367235579
2.54660323913
2.54893207331
2.5502789423
2.55061763788
2.55526238283
2.55556525459
2.55789949871
2.55881561709
2.56099783311
2.56348405886
2.56370504916
2.57318214804
2.57398212757
2.57457261096
2.57657821439
2.57848720602
2.58077884723
2.58130376094
2.58165053376
2.58396519792
2.58527566445
2.58696815888
2.59016320177
2.59040884434
2.59139211387
2.59316928402
2.59379997073
2.59541572231
2.59761180217
2.59810051878
2.59851548469
2.59978306011
2.60043168965
2.60126372022
2.60343874263
2.60928633489
2.61153837619
2.61418742981
2.61805053137
2.61904766445
2.62001398815
2.62002558284
2.62014564805
2.62110491376
2.62288716248
2.62509023273
2.62697248654
2.62813125823
2.62821792273
2.62833421936
2.63192770814
2.64048414569
2.64048414569
2.64066116613
2.64143069988
2.64284668285
2.64386971319
2.64973755569
2.65189764991
2.65343180427
2.65538741602
2.65698560949
2.6574081195
2.65913964501
2.65962562034
2.66006642234
2.66114631855
2.66170458414
2.66188438904
2.66893229467
2.66954955787
2.67614361526
2.67617825145
2.68127607512
2.68212711124
2.684271044
2.68924629948
2.68980640669
2.6903685065
2.69111919573
2.69255577041
2.69483350996
2.69612538523
2.69624487524
2.69858968411
2.69907910643
2.70196573222
2.70267537833
2.7029063268
2.70375242836
2.70463753625
2.70464846165
2.70494521685
2.70507091204
2.70518824502
2.70645267882
2.71181601038
2.71196003247
2.71288747544
2.71293769613
2.71360040518
2.71497016659
2.71777575077
2.71913986339
2.71985017325
2.72199584431
2.72404708805
2.72590363338
2.7299604246
2.729980975
2.73281586307
2.73619228756
2.7362645281
2.74202092271
2.74322611156
2.74341223018
2.74529695924
2.74836088299
2.75028720035
2.75204731744
2.75204731744
2.75204731744
2.75204731744
2.75204731744
2.75204731744
2.75204731744
2.75204731744
2.75204731744
2.75204731744
2.75204731744
2.75204731744
2.75204731744
2.75204731744
2.75204731744
2.75866620627
2.7592320638
2.76067653181
2.76425978983
2.76806377431
2.77180968472
2.77335060801
2.77367310689
2.78297106751
2.78364247998
2.78370961626
2.78765362907
2.79178286717
2.79218303692
2.79218303692
2.79218303692
2.79218303692
2.79218303692
2.79218303692
2.79504641114
2.7963571942
2.80065951924
2.80127628104
2.80256102182
2.80356384765
2.8071054031
2.80970272852
2.8100062739
2.81248421511
2.8192223865
2.8253080726
2.82651399755
2.83048550602
2.83122779928
2.83448919946
2.83478405315
2.8411804592
2.84133460895
2.84804384714
2.84919736374
2.85062120207
2.85228496065
2.85308198194
2.8534813021
2.8572793693
2.85825507852
2.85991057572
2.86050404723
2.86170674111
2.86257856038
2.86452678572
2.86963387192
2.87346823023
2.87452057386
2.87522707445
2.87658421365
2.87745171558
2.87877154122
2.87944963713
2.87975346804
2.88161877492
2.88188199571
2.88267674248
2.89066594986
2.89112149303
2.89141374318
2.90017817997
2.90137706699
2.90209702796
2.90219787396
2.90242420619
2.90766096018
2.90766096018
2.90766096018
2.91043940284
2.91124645706
2.91371290583
2.91422358257
2.91542922781
2.9163548902
2.91778776474
2.91951911845
2.92082306914
2.92133886048
2.92505633802
2.92674751332
2.92741167778
2.92782469558
2.92894999173
2.93321139012
2.9336334039
2.93400815777
2.93449941653
2.93702994759
2.93711878232
2.93852749255
2.94187514426
2.94576380776
2.94587698453
2.9481440007
2.95035174984
2.95481911741
2.95706734699
2.96330178923
2.96774639559
2.96776014579
2.96776014579
2.96776014579
2.96776014579
2.96926835497
2.97076212065
2.97584935195
2.97636384078
2.9783917415
2.97906358046
2.98297986178
2.98837922847
2.99070477866
2.99084239283
2.99179029163
2.99377466882
2.99442004355
2.9950829761
2.99563655301
2.99645405745
2.99795129823
2.99998589611
3.00235216746
3.00270236876
3.00445507112
3.00498096806
3.00714920605
3.00792884868
3.00824125697
3.01036660726
3.01143287842
3.0114715587
3.01582350325
3.0181020468
3.0185584531
3.02018510474
3.02018510474
3.02018510474
3.02018510474
3.02018510474
3.02134021376
3.02257748868
3.02311402654
3.02401788324
3.02419713036
3.02419713036
3.02419713036
3.02452587197
3.02693064964
3.027789451
3.02986106296
3.02993095131
3.03013056046
3.03346905502
3.03405676677
3.03514235948
3.03607591835
3.03719501794
3.0383456953
3.03878998517
3.04129617041
3.0432752158
3.04334229747
3.04558167439
3.04713112443
3.04837777394
3.05007549803
3.05154032429
3.05255110844
3.05406187675
3.05504102001
3.05704164806
3.06002302302
3.06125621604
3.06369382772
3.06517440762
3.06849373362
3.06907431659
3.07349070499
3.07673184109
3.07979512347
3.08093211294
3.08239351274
3.08671644582
3.08763252777
3.09027353363
3.09033721159
3.09108651061
3.0931087155
3.10179292568
3.10522000175
3.10946079262
3.11444070181
3.11519006426
3.11633783313
3.1211292203
3.12161001583
3.12169727128
3.12314572986
3.12376232794
3.12389357836
3.12488629262
3.12993432854
3.13171465703
3.13202997957
3.13238188837
3.13373188948
3.13457955093
3.13477198267
3.13725386724
3.13815959126
3.1415679072
3.14170398998
3.14181001334
3.14189103992
3.14445564254
3.14468755075
3.14532472042
3.1468423214
3.15060047639
3.1530571017
3.1540628708
3.15437729875
3.15551577925
3.15874152015
3.16002383093
3.1607460237
3.1639023748
3.16481657315
3.16759614898
3.167910455
3.17169064923
3.17253773199
3.17264134128
3.1761405157
3.17634578473
3.17790980189
3.17857739114
3.17926112972
3.17932129258
3.17936313373
3.17951929031
3.18216609261
3.18279748684
3.18382779196
3.18408903712
3.18529367748
3.18588298565
3.18839331897
3.18957845816
3.19197228106
3.19336280082
3.19566473674
3.20144342758
3.20164029359
3.20283272221
3.20321356918
3.20408357778
3.20628161864
3.20707248308
3.20910653106
3.20927160946
3.21088962599
3.2110470797
3.21258901526
3.21607563778
3.21804643635
3.22289905564
3.2230293547
3.2239270397
3.22441675171
3.2249999676
3.23489328189
3.23581105249
3.23665725227
3.24577179277
3.2555969581
3.25730533472
3.2586640022
3.25910087963
3.25973928289
3.261456925
3.26261772762
3.26296591033
3.26320465114
3.26651352085
3.26844699406
3.26906169391
3.27196966588
3.27422463355
3.27770018543
3.2784454285
3.27960907896
3.27981492866
3.28176601708
3.28179490957
3.2828783326
3.2833774552
3.2833774552
3.28383403319
3.28430236455
3.28558427471
3.28564561946
3.28581810147
3.2865051789
3.29024768181
3.29132295533
3.29139574584
3.29297278646
3.30472974249
3.30479708299
3.30565187377
3.30565986589
3.3085077661
3.30877686577
3.30955556081
3.31017864683
3.3104637005
3.31425412646
3.31488808826
3.32006601483
3.32479209712
3.32552487866
3.32712131219
3.33507500905
3.33627252059
3.34072044719
3.34141941479
3.34462442838
3.34532263354
3.34606786345
3.34728532902
3.34754410819
3.34846010889
3.34963118421
3.3505321914
3.35240117843
3.35760813337
3.35991091679
3.36271406963
3.36424924262
3.36776743811
3.36975981042
3.371189711
3.37178916337
3.37596960063
3.37928938626
3.38154087111
3.3819222472
3.38198602344
3.38325151932
3.38336514155
3.39176757314
3.39739866184
3.40323283738
3.40515273021
3.40738927057
3.40929761598
3.41147261691
3.4210790331
3.42112113821
3.42121473114
3.42342401704
3.42347204807
3.42384956255
3.42425714878
3.42635911897
3.42722953138
3.42796992108
3.4302537537
3.43368640013
3.43789393542
3.44615706751
3.44698162912
3.450004442
3.45215818457
3.4537922072
3.45582261907
3.45902153233
3.46116321837
3.46352060861
3.46459204134
3.46505665523
3.46514487361
3.46820875251
3.47346447595
3.4751096135
3.47914759648
3.4834627775
3.4850641525
3.48622538742
3.48899799262
3.49025699235
3.49056297682
3.49346992308
3.49505581259
3.49758693966
3.5000587785
3.50040224182
3.5021862402
3.50459865388
3.50626203438
3.50860939381
3.51154825734
3.51545630881
3.51924586692
3.52338512563
3.52549254642
3.52620139712
3.52824056578
3.52863758269
3.52995680469
3.54536172892
3.54587412919
3.54595985761
3.54595985761
3.54919863871
3.55097346257
3.55118493271
3.55181845744
3.55331532741
3.55808683287
3.56105890726
3.58063703968
3.5809041652
3.58460572376
3.58516073736
3.58704547847
3.59183960008
3.59463007455
3.59607627983
3.59716560655
3.60065613127
3.60093301335
3.60102062241
3.60218684579
3.60222414031
3.60245258251
3.60343321282
3.60409989524
3.60616328846
3.61048251522
3.61248219595
3.61254694393
3.61897629581
3.62081130906
3.62691444839
3.62818160197
3.62852465921
3.62921786932
3.63549613635
3.63648141501
3.63848191185
3.63874863242
3.64317148599
3.6440909053
3.64419760607
3.64419760607
3.64543985945
3.64602979125
3.64798608683
3.6484380899
3.64881597476
3.64889949043
3.65132899173
3.65255959346
3.65412051269
3.65413997967
3.65503210263
3.6551338285
3.65625198212
3.65766678386
3.65814620393
3.658246944
3.66002967562
3.66116263977
3.66159111205
3.66217012201
3.66425262067
3.66492205762
3.66742665272
3.66874781629
3.66941610491
3.66942325951
3.67008695393
3.67017143133
3.67184710908
3.67526694092
3.67768546984
3.67782834837
3.67795129561
3.67858637387
3.68046567617
3.68080915457
3.68090153572
3.6823413683
3.68250164875
3.68265011415
3.68395607035
3.68408619708
3.68444169147
3.68450904051
3.684701543
3.68553508589
3.68657102701
3.68719192481
3.68730097733
3.69049771265
3.69147842478
3.69345439895
3.69389796222
3.69422768362
3.69424396528
3.69565805082
3.69632030423
3.6972460619
3.69737784131
3.69813719918
3.69853137269
3.69907576855
3.69910365388
3.69934825568
3.69947463825
3.69977390747
3.70019322855
3.70170691164
3.702041288
3.70314909689
3.70355934848
3.7038931064
3.70585560755
3.70587626782
3.70595810605
3.70616951635
3.70627365088
3.70674621852
3.70753681816
3.70790560033
3.7082005017
3.70833274195
3.70871240441
3.70923096004
3.70966993553
3.71
3.71
3.71
3.71
3.71
3.71
3.71
3.71
3.71
3.71
3.71
3.71
3.71
3.71
3.71
3.71
3.71
3.71
3.71
3.71
3.71
3.71
3.71
3.71
3.71
3.71
3.71
3.71
3.71
3.71
3.71
3.71
3.71
3.71
3.71
3.71
3.71
3.71
3.71
3.71
3.71
3.71
3.71
3.71
3.71
3.71
3.71
3.71
3.71
3.71
3.71
3.71
3.71
3.71
3.71
3.71
3.71
3.71
3.71
3.71
3.71
3.71
3.71
3.71
3.71
3.71
3.71
3.71
3.71
3.71
3.71
3.71
3.71
3.71
3.71
3.71
3.71
3.71
3.71
3.71
3.71
3.71
3.71
3.71
3.71
3.71
3.71
3.71
3.71
3.71
3.71
3.71
3.71
3.71
3.71
3.71
3.71
3.71
3.71
3.71
3.71
3.71
3.71
3.71
3.71
3.71
3.71
3.71
3.71
3.71
3.71
3.71
3.71
3.71
3.71
3.71
3.71
3.71
3.71
3.71
3.71
3.71
3.71
3.71
3.71
3.71
3.71
3.71
3.71
3.71
3.71
3.71
3.71
3.71
3.71
3.71
3.71
3.71
3.71
3.71
3.71
3.71
3.71
3.71
3.71
3.71
3.71
3.71
3.71
3.71
3.71
3.71
3.71
3.71
3.71
3.71
3.71
3.71
3.71
3.71
3.71
3.71
3.71
3.71
3.71
3.71
3.71
3.71
3.71
3.71
