-3.23555018096
-3.23073421026
-3.22961982938
-3.22750812045
-3.22652953526
-3.22159758244
-3.22000971014
-3.21318342082
-3.21307970979
-3.21247115394
-3.21004716791
-3.20518529564
-3.20049051582
-3.20037178782
-3.19750009353
-3.19691494266
-3.19108817468
-3.18834239098
-3.18747215691
-3.18259665295
-3.1817663876
-3.18081801423
-3.17656373471
-3.1724801011
-3.17025483108
-3.1677626908
-3.16536444932
-3.1648958757
-3.16241553431
-3.15745359716
-3.1535421383
-3.15300017542
-3.14915147146
-3.14886092246
-3.14854860017
-3.14196667495
-3.14028293457
-3.1383111762
-3.13358748417
-3.13247096941
-3.13148915792
-3.13088918642
-3.12456402198
-3.12369787361
-3.12023531596
-3.1182063386
-3.11673801124
-3.11432041643
-3.11075989027
-3.10916258335
-3.10758046794
-3.10396533992
-3.10301018733
-3.09917893596
-3.09697910512
-3.09470779
-3.09397346467
-3.09035522497
-3.08861075927
-3.08800089004
-3.08389344239
-3.0803361818
-3.07936982085
-3.07682355011
-3.07668041722
-3.07318000189
-3.07271653867
-3.06751330989
-3.06709747992
-3.06605067302
-3.0616576283
-3.06024381982
-3.05854879086
-3.05703164426
-3.05582570191
-3.05226664263
-3.05185439523
-3.048614439
-3.04748573212
-3.0441083037
-3.04306183279
-3.04005285378
-3.03992522523
-3.03822604284
-3.03775063826
-3.03541286426
-3.03178491775
-3.02985949087
-3.02979453613
-3.02819403018
-3.02560294088
-3.02374273112
-3.02314823332
-3.02272983325
-3.02037831745
-3.01935213886
-3.01801880126
-3.01598535413
-3.01580337942
-3.01433836773
-3.01282900039
-3.01202250792
-3.01149877058
-3.01070779711
-3.0100347667
-3.00983387402
-3.0096432712
-3.00416147736
-3.0029694626
-3.00194125727
-2.9960269584
-2.9942379816
-2.98827481479
-2.98777440423
-2.9847828954
-2.98232442907
-2.97798962617
-2.97480619571
-2.96974463804
-2.96899778998
-2.96872823691
-2.96165638207
-2.96153793863
-2.95523990082
-2.95468281694
-2.95105001286
-2.94847283083
-2.94667600431
-2.941860658
-2.93916385264
-2.93561372419
-2.9347185049
-2.93152670854
-2.92859165295
-2.92511271914
-2.92296336714
-2.91810163282
-2.91722863431
-2.91543411259
-2.91124359607
-2.91052428745
-2.90507812623
-2.90238947444
-2.90016268322
-2.89853312012
-2.89829873327
-2.89223890852
-2.88945946378
-2.886562418
-2.8862886585
-2.88334155033
-2.88046933327
-2.87664614103
-2.8747039238
-2.87449572731
-2.86949156722
-2.86681145885
-2.86395195978
-2.86391006619
-2.86292130992
-2.85866118881
-2.85384030452
-2.85156643673
-2.85137990031
-2.85058722662
-2.84885083835
-2.84410668126
-2.84043165873
-2.83970350008
-2.83893380816
-2.83528249072
-2.83457689386
-2.83101334683
-2.82951669534
-2.82709008189
-2.82661928039
-2.82318946092
-2.81969705092
-2.81881953518
-2.81842793079
-2.81596007127
-2.81444624354
-2.81254705493
-2.80936903228
-2.80833385003
-2.80627858186
-2.80355598683
-2.80271337966
-2.80243810002
-2.80062667191
-2.79803984905
-2.79801075398
-2.79559442591
-2.79329454034
-2.79117939128
-2.79067516352
-2.78918054292
-2.78786085813
-2.78756471798
-2.78715420996
-2.78566811462
-2.78412627817
-2.78275187609
-2.7815116242
-2.78042629588
-2.77951179231
-2.77948140672
-2.77868651513
-2.77803411249
-2.77752873071
-2.77744622738
-2.77716699344
-2.7769504318
-2.77208521587
-2.76942294354
-2.76632487504
-2.75996244872
-2.75701589998
-2.75494726016
-2.75083547766
-2.74361363543
-2.74215391909
-2.74197598707
-2.73336398988
-2.73239918197
-2.72750882684
-2.72498689009
-2.72135024232
-2.71681736858
-2.71308517638
-2.7106671629
-2.70866423642
-2.70179369975
-2.69909059587
-2.69888642454
-2.69425750397
-2.68857741662
-2.68708213589
-2.68491554591
-2.68017165574
-2.6781254367
-2.67348900795
-2.67117523023
-2.66815072644
-2.66670987946
-2.66120721199
-2.65766796884
-2.65730283513
-2.65526368729
-2.64960978015
-2.64734374144
-2.64439610045
-2.64417448199
-2.63932006546
-2.63717843966
-2.63434931844
-2.63136183891
-2.62972221357
-2.62758846586
-2.62530966148
-2.62137825184
-2.61856729162
-2.61785705282
-2.61751621036
-2.61392773916
-2.61071380419
-2.60836422669
-2.60763200391
-2.60601447275
-2.60483644474
-2.60236612058
-2.60009868237
-2.59910599708
-2.59807517687
-2.59639870312
-2.59493569168
-2.5937510899
-2.59370531311
-2.5928201204
-2.5921598056
-2.59176078993
-2.58993321895
-2.58164166791
-2.58096998478
-2.57216132331
-2.56982532292
-2.56351630407
-2.55825799962
-2.55503782786
-2.54694135934
-2.54672783591
-2.53858792359
-2.53587700686
-2.53061951203
-2.52506649342
-2.52282391397
-2.51520236394
-2.51451131929
-2.50775603401
-2.50421293595
-2.50048604259
-2.49417274803
-2.49339345991
-2.48647931145
-2.48439211489
-2.47974458035
-2.47487235209
-2.47319020911
-2.4668171009
-2.46561473257
-2.46062612055
-2.4566204877
-2.45461809546
-2.44879381638
-2.44789080823
-2.44315403806
-2.43942684503
-2.43769947998
-2.43243082695
-2.43122970976
-2.42734872984
-2.4233004755
-2.42245380619
-2.4177466409
-2.41564017717
-2.41322778695
-2.4088977661
-2.408249812
-2.40475706964
-2.40113033985
-2.40080615915
-2.39704546726
-2.39428268354
-2.39347539849
-2.39009633001
-2.38770772905
-2.38690861251
-2.38391257099
-2.38140632578
-2.38110850559
-2.37849669242
-2.37607738439
-2.37537928665
-2.37385081195
-2.37181718392
-2.36997668819
-2.36962738829
-2.36832949241
-2.3668757447
-2.36561557422
-2.36454909174
-2.3641513711
-2.36367639009
-2.36299754467
-2.36251261372
-2.36222163864
-2.35895193936
-2.35402976126
-2.34938546897
-2.34501965861
-2.34093289034
-2.33712568829
-2.33359854058
-2.33035189931
-2.32738618055
-2.32470176428
-2.32229899441
-2.32017817873
-2.31833958888
-2.31678346034
-2.31550999243
-2.31451934821
-2.31381165457
-2.31338700213
-0.892847913951
-0.892679554816
-0.892398963018
-0.892006148694
-0.89150112604
-0.890883913306
-0.890154532802
-0.889313010892
-0.888359378002
-0.887293668617
-0.886115921283
-0.884826178609
-0.883424487266
-0.881910897994
-0.880285465597
-0.878548248952
-0.876699311004
-0.874738718775
-0.872666543361
-0.870482859938
-0.868187747764
-0.865781290181
-0.863263574618
-0.860634692595
-0.857894739729
-0.855043815731
-0.852082024417
-0.849009473707
-0.84582627563
-0.842532546331
-0.839128406074
-0.835613979245
-0.831989394357
-0.828254784061
-0.824410285141
-0.820456038531
-0.816392189311
-0.812218886718
-0.807936284152
-0.803544539181
-0.79904381355
-0.794434273183
-0.789716088196
-0.7848894329
-0.779954485813
-0.774911429663
-0.769760451399
-0.764501742201
-0.759135497483
-0.753661916909
-0.752991893044
-0.752826200803
-0.752550053517
-0.752163460863
-0.751666436387
-0.751058997506
-0.75034116551
-0.749512965559
-0.748574426687
-0.748081204399
-0.747525581804
-0.746366467691
-0.745097125009
-0.743717598293
-0.742393568137
-0.742227935959
-0.740628190301
-0.738918417497
-0.737098677606
-0.736599220585
-0.735169034576
-0.733129556239
-0.730980314319
-0.73069837849
-0.728721384429
-0.726352846079
-0.724691262896
-0.723874782675
-0.721287281522
-0.718590433828
-0.718578099155
-0.715784334705
-0.712869083176
-0.712359116937
-0.709844782173
-0.706711538545
-0.706034550245
-0.703469463059
-0.700118670405
-0.699604637422
-0.6966592792
-0.693091411989
-0.693069621169
-0.689415195256
-0.686429748552
-0.685630759422
-0.68173823885
-0.679685271021
-0.677737771855
-0.673629500706
-0.67283644442
-0.669413571627
-0.665883529
-0.665090134809
-0.660659344414
-0.65882678944
-0.656121358578
-0.651666494851
-0.651476339419
-0.646724453042
-0.644402918803
-0.641865869548
-0.637036339332
-0.636900763038
-0.631829311622
-0.629567038963
-0.626651697425
-0.62199530472
-0.621368106592
-0.615978729302
-0.614321428149
-0.610483759769
-0.606545705333
-0.604883396256
-0.599177841078
-0.598668436913
-0.593367300615
-0.590689928101
-0.58745198532
-0.582610488708
-0.581432109726
-0.575307892459
-0.574430433157
-0.569079556247
-0.566150080506
-0.562747327928
-0.557769754471
-0.556311438462
-0.549772122946
-0.549289783445
-0.543129620616
-0.540710500523
-0.536384174869
-0.532032243524
-0.529536033268
-0.524625098488
-0.524464140542
-0.52419588325
-0.523820335536
-0.523337509897
-0.523255355014
-0.5227474224
-0.522585447557
-0.522050092683
-0.521245543954
-0.520333802997
-0.519314900165
-0.518188869385
-0.516955748159
-0.515615577563
-0.515532673674
-0.514380182334
-0.514168402248
-0.512614270442
-0.510953233953
-0.509185348164
-0.508377971763
-0.507310672041
-0.505407077621
-0.505329268128
-0.503241202557
-0.501121606188
-0.501046545038
-0.498745368871
-0.496337750943
-0.496336397837
-0.493823771728
-0.49376384555
-0.491203515292
-0.488477069296
-0.487168504796
-0.486304962696
-0.485644524994
-0.482705977237
-0.479661524476
-0.478745234737
-0.477903765189
-0.476511268765
-0.47325531576
-0.471084943066
-0.469893774727
-0.468542550615
-0.466426758538
-0.463324373368
-0.462854383681
-0.459176770256
-0.45908523761
-0.455463815641
-0.455394041986
-0.451506326211
-0.449532207676
-0.447513753899
-0.447503564213
-0.443416459647
-0.439883847314
-0.439443917755
-0.439214581681
-0.434908261867
-0.431285179303
-0.430497645709
-0.430140548051
-0.425982882354
-0.423027656277
-0.421364124598
-0.420302706482
-0.416641528892
-0.414671660496
-0.411815255341
-0.410370724295
-0.406885467713
-0.406217508201
-0.401852333443
-0.40034500831
-0.397665520076
-0.396716023638
-0.391476713082
-0.390225970514
-0.389016021265
-0.386134580242
-0.380689807273
-0.380269341398
-0.3800140281
-0.375142580025
-0.371425814609
-0.3697096035
-0.369493088048
-0.363741524598
-0.362485779561
-0.359313124431
-0.357888086644
-0.353449579473
-0.351932974877
-0.348825023929
-0.345876393713
-0.344317562136
-0.339718551303
-0.338245740394
-0.335090079946
-0.333459659539
-0.327575717631
-0.327099934064
-0.325767489925
-0.320639594276
-0.316815404897
-0.316350153751
-0.314078863343
-0.307417968202
-0.306838437782
-0.305965256941
-0.300657139579
-0.297232713087
-0.295025734056
-0.293796611987
-0.287533355473
-0.286836623746
-0.283997302122
-0.279777416984
-0.277740745517
-0.272880432659
-0.272619237654
-0.267855268594
-0.265362335539
-0.261675602877
-0.258006964267
-0.257877314912
-0.25055338132
-0.250383295727
-0.247807279545
-0.243001848047
-0.239003999955
-0.237645562461
-0.235352629675
-0.227605995321
-0.227538210158
-0.227392568565
-0.219762218005
-0.217048707729
-0.215986426842
-0.214686556833
-0.214532907914
-0.214276831674
-0.213918336051
-0.213457432157
-0.212894134279
-0.212228459882
-0.211821574667
-0.211460429603
-0.210590067256
-0.209617399831
-0.208542457493
-0.207365273584
-0.206614394831
-0.206085884619
-0.204704330295
-0.204349156478
-0.203784346173
-0.20322065348
-0.201634900223
-0.199947119749
-0.19815736446
-0.196265689936
-0.196090049794
-0.195650817335
-0.194272154936
-0.192626911564
-0.192176821399
-0.18997975444
-0.187681022356
-0.187421276927
-0.185476097622
-0.185280696624
-0.182778851902
-0.180820210688
-0.180175566028
-0.179096017693
-0.177470920024
-0.174772968446
-0.174664998093
-0.171757887621
-0.17067533637
-0.16892957859
-0.16874967918
-0.165640466526
-0.163981097558
-0.162430346599
-0.162159533698
-0.159119419527
-0.156955546229
-0.155707788627
-0.153548914442
-0.153100925462
-0.152195560401
-0.148582844543
-0.144898650851
-0.144869753937
-0.144843787406
-0.142132897913
-0.141056404658
-0.137142915974
-0.136044465451
-0.133129410349
-0.132759436059
-0.131077465963
-0.129016013439
-0.127151265513
-0.124802854099
-0.120538451883
-0.120490064383
-0.119935086011
-0.118164508626
-0.116077779544
-0.111566138035
-0.109084519934
-0.108706219848
-0.108236254857
-0.106955281515
-0.102245354846
-0.0999116287178
-0.0974365060974
-0.097391334709
-0.0958534080907
-0.0925288865472
-0.0906461684138
-0.0875226506846
-0.0859909033235
-0.0833904813538
-0.0824179562116
-0.0812884766339
-0.0772149640454
-0.0745054039686
-0.071913838321
-0.0718388951899
-0.0708480511521
-0.0665147463934
-0.0629353205238
-0.0622977701152
-0.0610178588402
-0.0582267008125
-0.0554233494645
-0.0526654516892
-0.0512811425269
-0.0497313952975
-0.0455270205679
-0.0439421766017
-0.0429422944612
-0.0395433652323
-0.0380558768738
-0.0331286572762
-0.0327496076463
-0.0320726828478
-0.0277224896707
-0.0259927844989
-0.0232249033008
-0.0198950663604
-0.0198163750465
-0.0158190227105
-0.013543650958
-0.0132314000499
-0.00717481195278
-0.00696400820174
-0.00383347712127
-0.00314851941499
-0.000710061006168
0.00585039564651
0.00604294806321
0.00702336230736
0.00823362836057
0.0125063485054
0.0172838643858
0.0191251762942
0.0192575848019
0.0203817689647
0.0261038884932
0.0276326016237
0.0322820428751
0.0326104138171
0.0330450402584
0.0380691843271
0.0400808174924
0.0449190258688
0.0455129066087
0.0472109943011
0.0485932182723
0.0544353414956
0.0573070618218
0.0588171186089
0.0592043046725
0.0617536265865
0.0691656137776
0.0697739720529
0.069902040142
0.072194022189
0.0766710639599
0.0806860166613
0.0823192005355
0.0842697347051
0.085642952747
0.091555821539
0.0919613802581
0.0949421847588
0.0991632376479
0.0997457515309
0.102511037374
0.107622596094
0.107642355644
0.112754196102
0.113551242017
0.115591658171
0.120419137459
0.123652678627
0.124676008526
0.126415139037
0.131805394963
0.13327194773
0.135884905128
0.140049541307
0.140145368976
0.146200197148
0.147177495174
0.148384848404
0.153944179895
0.156811043607
0.158553337093
0.159203289479
0.16532785087
0.16740603474
0.16754890768
0.167787024701
0.167810857094
0.168120378984
0.168548960982
0.169072758421
0.1696917563
0.170011984347
0.170405936891
0.17121527974
0.172119761665
0.172280621461
0.173119356759
0.173934990731
0.174214036388
0.175403769194
0.176688521093
0.178068255279
0.179542932217
0.181112509654
0.181552985381
0.181744677053
0.18263218031
0.18277694261
0.184536183386
0.185431582711
0.186390181558
0.188338883985
0.190382234802
0.191419133292
0.192520175426
0.193175883577
0.194752644555
0.195744907283
0.197079578171
0.198655555614
0.199500909537
0.200295559919
0.202016569199
0.204626484989
0.204880217197
0.207330582025
0.209261166974
0.209810806186
0.21012878271
0.211951915223
0.213021006737
0.216007171085
0.216665519337
0.218315657776
0.219087190024
0.222260975115
0.223941622891
0.225320029147
0.225528435209
0.22745873216
0.228531317866
0.228889476452
0.232344002283
0.235891913436
0.236690086469
0.238136597101
0.238759257437
0.239533107942
0.240477135374
0.243267481129
0.246009413537
0.247094925624
0.251015331355
0.25226895247
0.252394958927
0.252502489112
0.255028585551
0.255416402678
0.259134572742
0.263333174763
0.26460689093
0.264910739666
0.265848458829
0.266715928723
0.267624270756
0.272007737166
0.274492106727
0.276483447749
0.276789847219
0.279497113177
0.281051273568
0.281098716908
0.284160182517
0.285711082999
0.289050858843
0.290462741727
0.293214244134
0.293914642109
0.295306112754
0.29554252379
0.300241056392
0.301389421074
0.303755156975
0.305267430273
0.306999172139
0.310046539383
0.310385089345
0.313681394966
0.313805023523
0.315593885874
0.320851209317
0.320893669448
0.323693020299
0.324609943216
0.326284286975
0.326297150071
0.331765582687
0.333789693533
0.334769659338
0.337337398138
0.338865278793
0.339231904135
0.34299957221
0.34397107155
0.348751941112
0.348753817271
0.351508881883
0.353911580109
0.354236807537
0.354594338379
0.360526594878
0.362802969439
0.364227425579
0.364586550962
0.366548538805
0.368648118015
0.372659995688
0.375019947555
0.376916393259
0.377020370076
0.378860788389
0.38344065343
0.385150737105
0.38553663928
0.38988716945
0.391093357085
0.391529659368
0.396136264318
0.397997370046
0.398288310408
0.402827271566
0.404553681345
0.405333120048
0.406818457037
0.411198402812
0.413190201256
0.41584011799
0.417582847967
0.417931341332
0.419634931879
0.42475230113
0.428145426299
0.428429063777
0.4289251439
0.431661083775
0.433998032741
0.438657488179
0.439356727244
0.442081777988
0.443153073638
0.445741310594
0.448421653048
0.450365457226
0.45291234462
0.455309442361
0.458212218907
0.460170381201
0.461454868634
0.462905013276
0.467515208626
0.468607552442
0.472624572397
0.473321925015
0.474946612529
0.477447323773
0.481975516863
0.482464375894
0.483874175434
0.48848124188
0.490068279048
0.492047784561
0.49520328062
0.495412737355
0.497758099669
0.503689206167
0.505533612781
0.506611486752
0.506705585134
0.50891860864
0.513394590755
0.518098388512
0.518944841001
0.521340803311
0.521419904243
0.52249251831
0.529372017515
0.529663576434
0.534247155683
0.53613384671
0.536189909683
0.537487997784
0.541306636862
0.545688505877
0.549595145395
0.549841966814
0.551014758065
0.553027151912
0.553973300905
0.562342139322
0.563616244094
0.56482469943
0.564987790894
0.565893594587
0.570794774928
0.576698852952
0.577456036387
0.579330958869
0.580424058198
0.580825552795
0.587950439634
0.588649181659
0.591360693764
0.595809754335
0.595902898265
0.596652963054
0.60067525033
0.605329558379
0.605438272302
0.61004235274
0.610169409802
0.610381167715
0.610677620693
0.610845308699
0.611058760634
0.611423246657
0.611524577126
0.612075057439
0.612710186532
0.612776619294
0.613429947051
0.614234319329
0.614306107891
0.615123281386
0.616096808932
0.617154875367
0.61829745178
0.619361964329
0.619524506949
0.620836007347
0.622231917139
0.623256207673
0.62371219818
0.624952844384
0.625276810025
0.625931312963
0.62692570992
0.6269840232
0.628658852812
0.630476191341
0.632288306835
0.632377675852
0.633457237497
0.634363254388
0.636432872693
0.637203476884
0.638586474216
0.640824000113
0.641066851517
0.641402137899
0.642584131628
0.643145389243
0.645550578177
0.647614695399
0.648039501195
0.649528063476
0.65059743072
0.650612090287
0.653268275161
0.656007983236
0.656250995782
0.658222459223
0.658831139653
0.659873912483
0.661737667271
0.66183364702
0.661926146185
0.664727486671
0.667800516157
0.669231307697
0.670956671761
0.671482803926
0.673897876439
0.674195867244
0.674397262324
0.676113392644
0.677518014097
0.6786693382
0.680923021543
0.684410796544
0.68676132056
0.686940944432
0.687981243798
0.688187723148
0.689609236515
0.690453223681
0.691634265745
0.695369762568
0.697786179016
0.699187632199
0.699556720216
0.702085576439
0.703087770315
0.704852422489
0.705355375082
0.707070070348
0.707464419593
0.711134423484
0.712244112485
0.715280718668
0.717222155978
0.717454588134
0.719310262183
0.719508842604
0.72113510975
0.723818679762
0.725002639084
0.727059096576
0.728210112379
0.732683020462
0.732867357715
0.733826006448
0.736947239692
0.736974947096
0.73723728179
0.737831812829
0.741872771922
0.746589364197
0.74696941054
0.748322872405
0.748398909334
0.750731141433
0.751386929736
0.752790545208
0.756265337449
0.757042187203
0.761224454036
0.763028215052
0.763700127431
0.763820104236
0.766264143994
0.767192974668
0.768663787282
0.771384269615
0.776584690996
0.776738268108
0.777421467797
0.777713157761
0.779358009688
0.781865266039
0.784565707123
0.787225850455
0.787727358725
0.789845055418
0.792452961344
0.79266629777
0.794935529314
0.798110336857
0.798186459327
0.800495025691
0.803019975898
0.803786184291
0.807246839181
0.808570088857
0.809465319654
0.810551587361
0.815223710237
0.816262510588
0.816450443216
0.819106298643
0.821061198695
0.822093993911
0.826205091372
0.826977625523
0.829572134942
0.829718647376
0.832430638695
0.832972829059
0.836993617186
0.839046645487
0.840406813459
0.841894931778
0.84294831873
0.845198908845
0.848434269384
0.851170472518
0.851429451025
0.851944889419
0.85639052595
0.857619981477
0.857738101783
0.862009297402
0.864124688738
0.864459970263
0.866946979517
0.869898214724
0.870589037382
0.872922958166
0.873379095396
0.877130971079
0.880506353499
0.881999044611
0.883470837197
0.883750311077
0.883911122067
0.889171110048
0.890446876505
0.894973453548
0.896572007887
0.897100229773
0.897107839429
0.897220484385
0.904070949632
0.904994843064
0.906109614228
0.910808661285
0.910998085062
0.912249667722
0.912655498275
0.917319262893
0.918001701395
0.920849092718
0.92457273632
0.925081607262
0.927446478526
0.928602055478
0.928755364975
0.932237609209
0.936732637432
0.938399491656
0.939469511704
0.939957645058
0.942689769281
0.944870123159
0.946777117138
0.951385681832
0.952288347862
0.952644235268
0.954160225836
0.957978633792
0.960998262237
0.961618636061
0.962885813108
0.966238718823
0.968582623407
0.969152144015
0.973312152235
0.974457683287
0.97676054385
0.977138245217
0.980250011604
0.984443627673
0.984546517603
0.98610093385
0.988689390806
0.992201185547
0.993288508051
0.994321626311
0.997815203336
1.0000330055
1.00053461163
1.00410940136
1.00793887354
1.00845295595
1.00859674821
1.00859674821
1.00868588708
1.00868588708
1.00944745896
1.00960012733
1.01591857364
1.0165455767
1.01957122105
1.02145533843
1.02264338626
1.02397188775
1.02561347776
1.03209859584
1.03257806087
1.03338046625
1.0350738719
1.0368922956
1.04029847583
1.04178491511
1.04537513738
1.04857130368
1.04863068845
1.05061636046
1.05119905472
1.05691685333
1.05743897537
1.05796009184
1.06470205934
1.06533489675
1.06556302664
1.06619767735
1.06957160071
1.07382520392
1.07413729819
1.07998356646
1.0807907484
1.08177263081
1.08181679683
1.08238754285
1.09031479301
1.09102167958
1.09404167995
1.09446002119
1.09689530479
1.09747267636
1.09972737819
1.09977198369
1.09987526666
1.10004740147
1.10028838294
1.10059820379
1.10097685468
1.1014243242
1.10194059883
1.102525663
1.10317949906
1.10390208727
1.10469340584
1.10555343086
1.1063783593
1.1064821364
1.10649080304
1.1074794944
1.10850440079
1.10854547475
1.10899172952
1.10968004526
1.11088317166
1.1121548176
1.11301425126
1.11316425617
1.11349494467
1.11490351236
1.11638047809
1.11735250756
1.11792579722
1.11878227683
1.11953942301
1.12122130666
1.12266352207
1.12297139727
1.12357802168
1.12478964189
1.12627145674
1.12667598548
1.12863037093
1.1288904587
1.12914608344
1.13065273903
1.13125303734
1.13274302851
1.13490117604
1.13526100461
1.13712711617
1.13821821918
1.13883111014
1.13942078141
1.14178210216
1.1437902424
1.14421100678
1.14432090555
1.14465018818
1.14528926912
1.14670742152
1.14927127056
1.151902476
1.15291163462
1.153450912
1.15460095787
1.15499169268
1.15639349033
1.1573666341
1.16019942057
1.16044233009
1.16144224749
1.16265077449
1.16309923106
1.16606597726
1.16765757147
1.16906237613
1.1690995688
1.17114335971
1.17192024164
1.17219991323
1.17536691599
1.1762657506
1.17760342837
1.17860048047
1.18125906016
1.18179649151
1.18190050796
1.18245532383
1.18526689766
1.1872841649
1.1886995467
1.19066697487
1.19211929604
1.19219835013
1.1937711914
1.1945954248
1.19576320089
1.19730417619
1.19939398986
1.20014372873
1.20309060581
1.20341212474
1.20685293545
1.20745876092
1.20800179234
1.20968906276
1.20994388522
1.21068086336
1.21220340318
1.21457427208
1.21853304201
1.21930271617
1.21952521757
1.22038608139
1.22255705149
1.22391204439
1.22611982666
1.22664617676
1.2271522693
1.22898442625
1.23080029196
1.23337696419
1.23501926913
1.23562138271
1.23873392847
1.23930297823
1.23984883547
1.24215002866
1.2422972998
1.24365128711
1.24643098382
1.24806406151
1.24855095643
1.2516985195
1.25254116508
1.25581092657
1.25708245937
1.25719592468
1.25843524187
1.25847455514
1.25954771119
1.26168780381
1.26635705574
1.26775448632
1.26838651473
1.27109007038
1.27179705578
1.27228918981
1.27272671358
1.27464980866
1.27588670082
1.27840450308
1.28074679808
1.28378709963
1.28567021102
1.28596755462
1.28742904522
1.28780593755
1.28848893319
1.29065678641
1.29082124086
1.29570636888
1.29863952952
1.29926979419
1.29979413298
1.30081880094
1.30261470045
1.30383626199
1.30599392298
1.30698699583
1.30885601469
1.31123157326
1.3126329884
1.31577331602
1.3165315879
1.31784535312
1.31913810957
1.31988669416
1.32189380087
1.32314518021
1.32605668953
1.32731804403
1.32948553318
1.33172233343
1.33280414708
1.33312018855
1.33595587329
1.33835193756
1.33929386223
1.33954044595
1.33989800281
1.34396124087
1.34763882393
1.3484383794
1.34963188027
1.35037523392
1.35204241197
1.35308380208
1.35536367683
1.35543107059
1.36091694025
1.36115644947
1.36352037925
1.3637990853
1.36668629829
1.36701001493
1.36814489535
1.37152283373
1.37155479345
1.37255806772
1.37255887516
1.37262602466
1.3726268315
1.37273926008
1.37274006593
1.37289773476
1.3728985392
1.3729241878
1.37310139379
1.37310219641
1.37335016656
1.37335096696
1.37364396679
1.37364476456
1.37398269254
1.37398348724
1.37436622617
1.37436701737
1.37479443437
1.37479522163
1.37526716819
1.37526795105
1.37578426298
1.37578504098
1.37634553849
1.37634631115
1.37695079879
1.37695156563
1.37759983234
1.37760059284
1.37829241196
1.37829316561
1.37889878047
1.37902829488
1.37902904113
1.37920145244
1.37936454302
1.37980722272
1.37980796101
1.38034747087
1.38062892152
1.38062965127
1.38149310175
1.38149382236
1.38219262459
1.38239945834
1.38240016919
1.38334767069
1.38334837111
1.38426188031
1.38433740267
1.384338092
1.38493360314
1.38536830268
1.38536898021
1.38644000366
1.38644066865
1.3875521231
1.38755277478
1.38766297733
1.3887042631
1.38870490068
1.38989601038
1.38989663302
1.39102846382
1.39112693631
1.39112754313
1.39239659697
1.39239718706
1.39292602126
1.39370453316
1.39370510557
1.39406685193
1.39464461318
1.39505027048
1.39505082421
1.39516880975
1.39643331935
1.39643385335
1.39718316835
1.39785317504
1.39785368823
1.39930931779
1.39930980902
1.40039189452
1.40080121279
1.40080168087
1.40232831031
1.40232875398
1.40339752032
1.40372273047
1.40375352593
1.4038900457
1.40389046366
1.40548583951
1.40548623038
1.40711509755
1.4071154599
1.40784396931
1.40877721096
1.40877754327
1.40967132116
1.4101276856
1.4104715563
1.410471857
1.41093062377
1.41219749565
1.41219776309
1.41395437667
1.41395460911
1.4145824572
1.41574153276
1.41574172839
1.41600437004
1.41653343558
1.41755828311
1.41755844003
1.41940393284
1.41940404906
1.41982429906
1.42127777314
1.42127784656
1.42167834656
1.42239646393
1.42317908133
1.42317910977
1.42510710223
1.42510712107
1.42550490472
1.42564977306
1.42664737811
1.42706107393
1.42706114246
1.42884739756
1.42904026142
1.42904038217
1.43104388804
1.43104406364
1.43268497006
1.43307116398
1.43307139723
1.43512128655
1.43512158037
1.43535696344
1.43556950277
1.43587311142
1.43648977458
1.4371934403
1.43719379774
1.43928679721
1.43928722148
1.44120996372
1.44140051692
1.4414010114
1.44192495181
1.44231641347
1.4435337469
1.44353431512
1.44568562267
1.44568626837
1.44753676662
1.44785526806
1.44785599515
1.44855115065
1.44884493252
1.44951695257
1.4500417954
1.45004260798
1.4518977314
1.45224430576
1.45224520817
1.45446188926
1.45446288604
1.45523534571
1.45669362525
1.45669472121
1.45680733006
1.45793501712
1.458645579
1.45893858267
1.45893978284
1.46119582027
1.46119712997
1.46197732043
1.46346438692
1.46346581176
1.46352020597
1.4650117245
1.46574332193
1.46574486783
1.4678958799
1.46803165536
1.46803332857
1.468776856
1.46981590817
1.47032840834
1.47033021546
1.4724409284
1.47263259341
1.47263454143
1.47350042183
1.47494321488
1.47494531119
1.47563373129
1.47725926915
1.4772615216
1.47757876828
1.47957974515
1.47958216206
1.48104744891
1.48118371345
1.48190362465
1.48190621487
1.48254772288
1.48386522901
1.48422988271
1.48423265565
1.48655748805
1.48656045374
1.48810979828
1.48888540347
1.48888857262
1.48900980479
1.48951860505
1.49121258628
1.49121597035
1.49169214003
1.49233989433
1.49353798873
1.49354160001
1.49586055847
1.49586441015
1.49654614974
1.49735923169
1.49817923899
1.49818334527
1.49980340084
1.50049297006
1.50049734629
1.50280068827
1.50280535106
1.50363012655
1.50369293586
1.50381296203
1.50446028659
1.50510132742
1.50510629483
1.50585981684
1.50739381907
1.50739911079
1.50967709301
1.50968273057
1.51077030275
1.51195007773
1.51195608481
1.51353657525
1.51421170092
1.51421810366
1.5151062633
1.51570796615
1.51646088998
1.51646771739
1.51796644324
1.51869657244
1.51870385689
1.51954942407
1.51984893011
1.52008128934
1.52091767649
1.52092545431
1.52312313135
1.52313144359
1.52521831055
1.5253118677
1.5253207611
1.52657956478
1.52748281803
1.52749234621
1.52963491689
1.52964514189
1.52971400271
1.53157644307
1.53176710103
1.53177809538
1.53252566483
1.53387830937
1.53389015876
1.53435604298
1.53517273954
1.53531817038
1.53596748273
1.53598028962
1.53803356306
1.53804745167
1.5381125268
1.53988826382
1.54007549218
1.54009061541
1.54209220933
1.54210875875
1.54408264712
1.54410086769
1.54588973402
1.54604572446
1.54606593698
1.54730586284
1.54740629578
1.54798033404
1.54800297074
1.548683558
1.54970483422
1.54988531937
1.54991098318
1.55042865932
1.55111816783
1.55175943025
1.55178899922
1.55360122951
1.55363605521
1.5547782148
1.55540887706
1.55545119953
1.55717955431
1.5572334933
1.55890758501
1.55898201105
1.56057600745
1.56069584138
1.56135617031
1.56206194923
1.56209355613
1.56230507016
1.56237408761
1.56296592607
1.56306330924
1.56319493313
1.56335542347
1.56401586845
1.56427055205
1.5656135732
1.56562031865
1.56572988051
1.56694836356
1.56718658966
1.5672534702
1.56871385027
1.56876108361
1.5698861769
1.57020128724
1.57023725686
1.57164810595
1.57167675395
1.57305353101
1.57306621669
1.5730770175
1.57441680687
1.57443644213
1.57573719841
1.57575383714
1.57701399159
1.57702822267
1.57749476602
1.57752128054
1.57822878723
1.57824649396
1.578258741
1.57893970732
1.57943403525
1.57944461387
1.58057596795
1.58058512031
1.58072430325
1.58167166783
1.58167958448
1.58272053445
1.58272736875
1.58280768423
1.58372199169
1.58372786952
1.58467548823
1.58468051486
1.58483465339
1.5852101241
1.58558049802
1.58558476299
1.58643652075
1.5864401014
1.58724308225
1.58724604643
1.58799973495
1.58800214301
1.58870605824
1.58870796456
1.58936165885
1.58936311305
1.58996617121
1.58996721908
1.59051925776
1.59051994202
1.59102060926
1.59102097014
1.59146994506
1.59147002081
1.59186684062
1.59186701338
1.59197739199
1.59221120558
1.59221159151
1.59250292122
1.59250348602
1.59274182278
1.59274253292
1.59292777527
1.59292859787
1.59295244808
1.59306067361
1.59306157623
1.59314044267
1.59314139318
1.59438834441
1.59463791249
1.59575760892
1.59666115885
1.59869503536
1.60074799044
1.60651064501
1.60854540991
1.60859648661
1.61028678336
1.61053867327
1.61071018619
1.61460930051
1.61649766943
1.62048708185
1.62109397694
1.62171251921
1.62177812813
1.62188747293
1.62204054853
1.62223734782
1.62247786163
1.62276207878
1.62308998603
1.62346156814
1.62387680778
1.62433568563
1.62445126913
1.6248381803
1.62538426837
1.62557866671
1.62588349379
1.62597392438
1.62660712082
1.62667778104
1.62728382814
1.62800401473
1.62876764694
1.62957468907
1.63042510338
1.63054934057
1.63131885004
1.6322558872
1.63245701334
1.63248584838
1.63323617091
1.6342596552
1.635326292
1.63572683353
1.63643603119
1.63758882057
1.63878460588
1.64002333075
1.640359617
1.64051462706
1.64130493677
1.64142515545
1.64262936341
1.6428036282
1.64399654807
1.64454138162
1.64540642606
1.64651399288
1.64685893058
1.64835399274
1.64862383259
1.64989154153
1.65040865421
1.65147150387
1.65309380451
1.65475836612
1.65504953775
1.65646510924
1.65665335217
1.65678434956
1.65690881632
1.65821395228
1.65891412696
1.66000481151
1.66183760106
1.66250207037
1.66371223294
1.66499589488
1.66513887193
1.66562861697
1.66758666084
1.66882142908
1.66958627008
1.66964486313
1.67162734803
1.67233145937
1.67325818272
1.67370979588
1.67500713971
1.67583351262
1.67799839507
1.67851236071
1.67991691295
1.68020433783
1.68104527987
1.68157092448
1.68245123332
1.68414196022
1.68473897173
1.68706744105
1.68769000114
1.68943652704
1.68993382873
1.69108047743
1.69184611323
1.69332457052
1.69429608089
1.6945436253
1.69474219666
1.69678630906
1.69834660125
1.6985371285
1.69931667452
1.70188705177
1.70298129031
1.70449731305
1.70565896551
1.70680894493
1.70713189803
1.7071473283
1.70961413532
1.70983696518
1.71059459833
1.71256608902
1.71282659945
1.71532055977
1.71533456286
1.71776349163
1.71776349163
1.71804812781
1.71814224741
1.71820210639
1.72098900102
1.72315910462
1.72387467974
1.72388114283
1.72453213392
1.72666398577
1.72679913722
1.7270065362
1.72976222475
1.73049171891
1.73249038821
1.73276379126
1.73334915834
1.73580368327
1.73888174488
1.7391597438
1.73949558985
1.7410730334
1.74114798702
1.74199781782
1.74275046423
1.74298939877
1.74515174134
1.74834335228
1.74841908324
1.74985362729
1.75157248501
1.75450389275
1.75483897142
1.75502211707
1.75513140384
1.75554082592
1.75814264095
1.75860699402
1.75885267989
1.7614833205
1.76340844501
1.7648608345
1.76740776904
1.76814565739
1.76827500481
1.7688497447
1.76955642416
1.77107161282
1.77172565077
1.77496924729
1.77521258917
1.77625563104
1.77831373314
1.7787356342
1.78080354877
1.78229459747
1.78255180544
1.7846525573
1.78515025547
1.78588928801
1.78697783677
1.78951951217
1.79109874813
1.79313136154
1.7931850737
1.79351415418
1.79409131456
1.79612412047
1.79688577367
1.79979165679
1.80062141049
1.80284747768
1.80307847721
1.80439177985
1.80627712632
1.80723972993
1.80785766732
1.80819667474
1.8095624435
1.8120358854
1.81211140894
1.81497307828
1.81590919933
1.81867787151
1.81909211644
1.81981640124
1.82118977191
1.8224889098
1.82286246148
1.82339070475
1.82375727305
1.82773159385
1.83019616823
1.83031322476
1.83173913992
1.83195877439
1.83446628618
1.83577968463
1.83601979555
1.83702126942
1.83948142264
1.8395501477
1.83985299851
1.84395884916
1.8448767486
1.84546026347
1.84809700124
1.84869401711
1.84903000209
1.85020991947
1.85145084688
1.85226721647
1.85571649555
1.85646925358
1.85784568608
1.85795065609
1.86070286829
1.86076469093
1.8618885741
1.8649678133
1.86577366233
1.86590589686
1.86725098377
1.86926383824
1.87086523247
1.87188814509
1.87359068965
1.87459094274
1.87610876719
1.87659464059
1.87794811099
1.87998565462
1.88155126943
1.88233584252
1.88393503202
1.88598126314
1.88675362139
1.88713247918
1.8880634516
1.89120118152
1.89149179814
1.89408268075
1.89541048407
1.8956782536
1.8970547276
1.89714301156
1.89950849668
1.90018456506
1.90424072709
1.90471984007
1.90488193207
1.90691307855
1.90806051543
1.90928379943
1.91022396073
1.91171425295
1.91267801876
1.91387616062
1.91439523173
1.91849663772
1.92041823857
1.92191485077
1.9223718916
1.92314494139
1.92344237157
1.92374495283
1.92395000349
1.92782077885
1.92815310537
1.9325238538
1.93354586358
1.93559575125
1.93564129615
1.93659420619
1.93670959894
1.93687752342
1.93687752342
1.93725386643
1.93786750845
1.94201051338
1.94318242386
1.94356500227
1.94679348766
1.94726175651
1.94923537831
1.9500252803
1.95160247868
1.95276680128
1.9528592918
1.9533991877
1.95643717214
1.95873803396
1.95891035452
1.96129725004
1.96257607033
1.9626925416
1.96338905183
1.96618239063
1.96893414434
1.96896617494
1.97001960991
1.97109226836
1.97233235779
1.97418571906
1.97600814842
1.97602655382
1.97680054837
1.98098491376
1.98110147597
1.98212774777
1.98456770212
1.98509430291
1.98596701098
1.98917748002
1.98938756237
1.99025940345
1.99097250431
1.99196182905
1.99197859382
1.99600104859
2.00020298701
2.00105229457
2.00124528935
2.00183418544
2.00219573738
2.00264590019
2.00376524932
2.00451225809
2.00612588893
2.01122147417
2.01174439572
2.01309831238
2.01505804255
2.01587123257
2.01633868861
2.01731771695
2.01738505853
2.01955608468
2.02147716631
2.02169203346
2.02333073408
2.02663653704
2.02775944014
2.03091643601
2.03157162632
2.03167666692
2.03181642622
2.03333806163
2.03351150537
2.03451522313
2.03701645485
2.04029489922
2.04169785889
2.04223623951
2.04311519065
2.04456103494
2.0473033396
2.04747539224
2.04938575464
2.04962246233
2.05175516661
2.05265702304
2.05265931552
2.05273352054
2.05801022731
2.0582511409
2.06184814153
2.06195847443
2.06306552687
2.06330511073
2.06416365837
2.06484751399
2.06571569674
2.0686177643
2.07101448194
2.07197632927
2.07198637983
2.07394777671
2.07685425179
2.07884480923
2.07885732492
2.07929473181
2.07982001239
2.08178890803
2.08213926934
2.08465820854
2.08576637641
2.08837007076
2.08867422158
2.0900377809
2.09233649506
2.09342497577
2.09467785203
2.09543301783
2.09665970911
2.09783972485
2.09959075411
2.10030205538
2.10084348322
2.10256753338
2.10468403573
2.10626873577
2.1078998181
2.11052620714
2.111708329
2.11173232872
2.11243822463
2.11283190463
2.1134591352
2.113865702
2.11716181113
2.11991752527
2.12226488598
2.12262872505
2.1229595654
2.12312912242
2.12640146886
2.12711727255
2.12737114072
2.12810860823
2.12986431731
2.13345869338
2.13360099267
2.1339782426
2.13403289698
2.13651561696
2.13910540482
2.14065993501
2.14132639055
2.1423026945
2.14382011696
2.14462136553
2.14478279657
2.14583296833
2.14699403951
2.15014838994
2.15064733474
2.15303099023
2.15421288526
2.15532450336
2.15536762882
2.15568598747
2.15822891906
2.15876670438
2.16
2.16
2.16
2.16
2.16
2.16
2.16
2.16
2.16
2.16
2.16
2.16
2.16
2.16
2.16
2.16
2.16
2.16
2.16
2.16
2.16
2.16
2.16
2.16
2.16
2.16
2.16
2.16
2.16
2.16
2.16
2.16
2.16
2.16
2.16
2.16
2.16
2.16
2.16
2.16
2.16
2.16
2.16
2.16
2.16
2.16
2.16
2.16
2.16
2.16
2.16
2.16
2.16
2.16
2.16
2.16
2.16
2.16
2.16
2.16
2.16
2.16
2.16
2.16
2.16
2.16
2.16
2.16
2.16
2.16
2.16
2.16
2.16
2.16
2.16
2.16
2.16
2.16
2.16
2.16
2.16
2.16
2.16
2.16
2.16
2.16
2.16
2.16
2.16
2.16
2.16
2.16
2.16
2.16
2.16
2.16
2.16
2.16
2.16
2.16
2.16
2.16
2.16
2.16
2.16
2.16
2.16
2.16
2.16
2.16
2.16
2.16
2.16
2.16
2.16
2.16
2.16
2.16
2.16
2.16
2.16
2.16
2.16
2.16
2.16
2.16
2.16
2.16
2.16
2.16
2.16
2.16
2.16
2.16
2.16
2.16
2.16
2.16
2.16
2.16
2.16
2.16
2.16
2.16
2.16
2.16
2.16
2.16
2.16
2.16
2.16123366169
2.1617689689
2.1641972471
2.16463648274
2.16465524762
2.16572711282
2.16679091029
2.1693188419
2.16936509667
2.17235722499
2.17412788086
2.17417915404
2.17509038603
2.17585560123
2.17766954553
2.17793209147
2.17853444722
2.17862093472
2.18199124331
2.18199124331
2.18279476261
2.18344778682
2.18351498931
2.18557406364
2.18574743366
2.18664632154
2.18910539188
2.19015238632
2.19017277538
2.19227990734
2.19337150347
2.19353183373
2.1947027663
2.19539694504
2.19608697576
2.19624010873
2.19757218902
2.19877642509
2.20030657338
2.20097852439
2.20284472259
2.2043735852
2.20479847446
2.20556393202
2.20588648316
2.20591626748
2.20614757686
2.20641484101
2.20662857394
2.20692565135
2.20935287408
2.21153129651
2.21173791732
2.21394637455
2.2171511018
2.21719830081
2.21934891062
2.22216365934
2.22277511806
2.22283502146
2.22512960818
2.22594458465
2.22779558983
2.22840277327
2.23145882528
2.2326618062
2.23403348864
2.23819953879
2.2384198649
2.23966667852
2.23981224099
2.24019180284
2.24085887449
2.24530175032
2.24581966699
2.24788977986
2.24907054012
2.25093810441
2.25425408997
2.25447918257
2.25568602136
2.25653740395
2.25657513412
2.25881687119
2.25974701939
2.26221222557
2.26319562532
2.26784875769
2.26880633346
2.27032615583
2.27041334463
2.27044869609
2.27164767902
2.27216181546
2.27348410206
2.27733403813
2.27911762291
2.28117495266
2.28317286403
2.2839526838
2.28430623406
2.28474867699
2.28641454571
2.28772861118
2.2902643921
2.29037661353
2.29192516028
2.29600077419
2.29626441951
2.29678656517
2.29757838172
2.30162049293
2.30194818205
2.30251803353
2.30269867839
2.30323417172
2.30723509602
2.30731126881
2.30908258889
2.31202249291
2.31234945537
2.3128439019
2.3134948543
2.31705871701
2.31844622118
2.31863535578
2.3186747511
2.32118811252
2.32143524165
2.32404135653
2.32431302272
2.32547544245
2.32650480293
2.32917596984
2.32962860266
2.33253372315
2.33309683778
2.33404647163
2.33476520941
2.33515250531
2.33520724623
2.33554586144
2.33820981372
2.34052328826
2.34077656583
2.34102491605
2.34248428109
2.34409108342
2.34480236515
2.34534228816
2.34601261016
2.34623679526
2.34633583189
2.34677381589
2.34934531857
2.3509062496
2.35188430667
2.35558243552
2.35629819902
2.35689263127
2.35742124419
2.36294589019
2.36456713468
2.3670570873
2.36757775358
2.36779184804
2.36845748211
2.37017696357
2.37395524905
2.37863435951
2.37870952463
2.37943841172
2.37970761465
2.38321628669
2.38480810141
2.38490618245
2.38946127156
2.38964490942
2.39035776515
2.39476229939
2.39579235529
2.39938236235
2.39947544925
2.40005167708
2.40059723436
2.40120913992
2.40279254945
2.40279254945
2.40660729764
2.40972657019
2.41039870542
2.41156571429
2.41198599862
2.41417860633
2.41555377637
2.4173444046
2.42049543833
2.42254954625
2.42268166891
2.42459564283
2.42799693653
2.42891717088
2.43033492138
2.43172893512
2.43328934406
2.43354790875
2.43855801981
2.43936456161
2.43991017636
2.44369074018
2.44380208383
2.444559961
2.44790618588
2.44902064801
2.44921421473
2.45402819334
2.45421281606
2.45558484209
2.45824005204
2.45849891056
2.4593776837
2.46408381316
2.46451433867
2.46662167015
2.46698072347
2.46858122127
2.46962186087
2.47334127739
2.47469932244
2.47542930022
2.47766954145
2.47974578794
2.48026003479
2.48301813916
2.48357890701
2.48476031442
2.48821743511
2.48872752944
2.48974195164
2.49142274034
2.49468974216
2.49643299774
2.49733324527
2.49895408775
2.49960272159
2.49979468379
2.50312697725
2.50447991873
2.50616634772
2.5093203558
2.51087002931
2.51152063658
2.51260077356
2.51305305035
2.51412304864
2.5180694964
2.51888700701
2.51960787857
2.52195256489
2.52361123476
2.52557420315
2.52582468982
2.52829473016
2.52876135353
2.53169753804
2.53293648617
2.53304126229
2.53304458428
2.53722069583
2.53753549076
2.53948762263
2.5420907272
2.54238867664
2.54413506499
2.54491264346
2.54660117445
2.54719625674
2.5480518317
2.5510658075
2.55163849688
2.55250601323
2.55250601323
2.55325435524
2.55523288683
2.55548359775
2.55571076339
2.55940874853
2.55985351339
2.56105245807
2.56272848991
2.5630908286
2.56417451989
2.56566638879
2.56633361072
2.56686763892
2.56821922704
2.56844558038
2.57038418258
2.57215884318
2.57266565611
2.57354121836
2.57452974944
2.57512331732
2.57683370697
2.57717851492
2.57743608719
2.57816116404
2.58032048516
2.580948692
2.58500956985
2.5885391329
2.5890152994
2.59296484028
2.59326242624
2.59328842791
2.59360567524
2.59685715347
2.59964152903
2.60069120191
2.60446595115
2.60671575722
2.60818036995
2.60839420256
2.6093797003
2.61074201966
2.61183343098
2.61542411151
2.61895139413
2.61964304373
2.62183930998
2.62241426742
2.62355607955
2.62544971712
2.62581172675
2.62914277504
2.63237961066
2.63240642349
2.63293206447
2.63560169242
2.63872761203
2.63874764291
2.64149573704
2.64178322328
2.6440189049
2.64476757868
2.64491729693
2.64767974312
2.65051879476
2.65328382589
2.65396847754
2.65509840835
2.65597394374
2.6572477055
2.65751488361
2.65858827143
2.66112594877
2.66307690567
2.66307690567
2.66358613321
2.66596800063
2.66616910496
2.6682707463
2.66921816754
2.66936220576
2.6704935857
2.67263575536
2.67350413579
2.67469651378
2.67667514223
2.67722947572
2.67857094558
2.68038325312
2.68125193742
2.68211141938
2.68375482488
2.68449629623
2.68531287692
2.68678501027
2.68817068794
2.68827795004
2.68946031773
2.6894694018
2.69068067328
2.69180405397
2.6928391262
2.69290781623
2.69378550361
2.69464283165
2.69541078806
2.69608908331
2.69667746099
2.69717569816
2.69758360564
2.6979010283
2.69812784527
2.69826397006
2.69931290319
2.69980244614
2.70432054157
2.7053800878
2.71033265366
2.71513619904
2.71548060612
2.72125992666
2.72133546034
2.72637830791
2.73049713594
2.73231951955
2.73700376479
2.73709612449
2.74328296194
2.74588483713
2.74734693163
2.75288476712
2.75422384916
2.7573976203
2.76129888213
2.76514017047
2.76714552269
2.76862172116
2.77602983905
2.77658023684
2.77673884977
2.78046918939
2.78046918939
2.78430261791
2.78569129631
2.78689068821
2.79220431816
2.79446820276
2.79772046735
2.799922836
2.80290046191
2.80769486472
2.80851683777
2.81097762273
2.8154774827
2.81868931977
2.81927736823
2.82321006618
2.82602531847
2.82999953033
2.83096137386
2.8329755633
2.8387494986
2.83953022824
2.84068069363
2.84567976934
2.8463690122
2.85131812058
2.85141497886
2.85431273737
2.8567270404
2.86160758435
2.86169456409
2.86190896122
2.8660487431
2.86989935724
2.8700432051
2.87245024763
2.87358426717
2.87423320725
2.87423364295
2.87427142972
2.8742718566
2.87433511462
2.87433552686
2.87442423316
2.87442462501
2.87453874505
2.87453911085
2.8746785985
2.87467893272
2.87484373029
2.87484402756
2.87503406575
2.87503432087
2.87524951882
2.87524972681
2.8754899921
2.87549014818
2.87575537687
2.87575547653
2.87604555316
2.87604559214
2.87636036413
2.87636038978
2.87666588397
2.87669965048
2.87669974442
2.87693183455
2.87706329811
2.8770634637
2.87745114296
2.8774513832
2.87786301002
2.8778633276
2.87829871349
2.87829911072
2.87875805676
2.87875853563
2.87924083259
2.87924139471
2.87928271418
2.87974682315
2.87974746977
2.88027580014
2.88027653215
2.88082752488
2.8808283428
2.88140174843
2.88140265242
2.8814301623
2.88199821168
2.88199920157
2.88261664551
2.88261772075
2.88293888819
2.88310441548
2.88325677087
2.88325793058
2.88391829892
2.88391954189
2.88430247466
2.88460093116
2.88460225585
2.88502217947
2.88530435958
2.88530576414
2.88550893231
2.88602826677
2.88602974906
2.88677232608
2.88677388366
2.88753620179
2.88753783195
2.88831954921
2.888321249
2.88912201488
2.88912378109
2.88994323674
2.88994506592
2.89078284423
2.89078473275
2.89164045853
2.89164240256
2.89207424051
2.8925156927
2.89251768821
2.89337166153
2.89340815187
2.89341019467
2.89431743337
2.89431951915
2.89524312701
2.8952452513
2.89618481518
2.89618697341
2.89714207309
2.89714426059
2.89811446894
2.89811668096
2.89910156413
2.89910379584
2.90010291347
2.90010516
2.90111806536
2.90112032179
2.90114103606
2.90214656204
2.90214882342
2.90318793975
2.90319020113
2.90374521036
2.90424172899
2.9042439854
2.90530745471
2.90530970119
2.90638463654
2.90638686816
2.90711478216
2.90747278901
2.90747500087
2.90857142178
2.90857360902
2.90968003988
2.90968219768
2.9107981439
2.9108002675
2.91192523028
2.91192731499
2.9130607915
2.9130628327
2.91405603498
2.91420431633
2.91420630948
2.9153552901
2.91535723074
2.91651319488
2.91651507865
2.91679524136
2.91767750978
2.91767933241
2.91884771117
2.91884946849
2.92002327294
2.92002496087
2.9212036667
2.9212052813
2.9220460124
2.92238836211
2.92238989954
2.92357682707
2.92357828358
2.9243004867
2.92476852797
2.92476989996
2.92596292998
2.92596421395
2.92715949728
2.92716068984
2.92835769329
2.9283587912
2.92955698098
2.9295579811
2.93075682306
2.93075772239
2.93195668228
2.93195747793
2.93247112045
2.93315602166
2.93315671088
2.93435430475
2.93435488491
2.9344747609
2.93555099587
2.93555146446
2.93674556039
2.93674591504
2.93686000431
2.93793746496
2.93793770341
2.93912617775
2.93912629787
2.94031116851
2.94031116871
2.94149178744
2.94149190984
2.94266762905
2.9426678754
2.94383817025
2.94383854217
2.94457489013
2.94500289068
2.94500338968
2.94616127304
2.94616190048
2.94731280321
2.94731356035
2.94816824502
2.94845697057
2.94845785854
2.94959326822
2.94959428803
2.95072119319
2.95072234571
2.95154831663
2.95184024666
2.95184153265
2.95294993422
2.95295135433
2.95404976606
2.95405132081
2.95459673683
2.95513925724
2.95514094701
2.95621792781
2.9562197529
2.95728530313
2.95728726368
2.95834091401
2.95834301006
2.95938429691
2.95938652839
2.96041499421
2.96041736092
2.96143255433
2.96143505594
2.96243653196
2.96243916803
2.96342648823
2.96342925822
2.96388618615
2.96440199092
2.96440489416
2.96453598613
2.96536261463
2.96536565032
2.96610195729
2.96630794093
2.96631110818
2.96723755858
2.96724085635
2.96815106363
2.9681544908
2.96904805966
2.96905161497
2.96992815786
2.96993183996
2.97079097725
2.97079478465
2.97163614477
2.97164007588
2.97246329547
2.9724673486
2.97327207262
2.97327624595
2.97406212785
2.97406641945
2.97438813845
2.97483312128
2.97483752912
2.97558472163
2.97558924358
2.97631660638
2.97632124018
2.97702846184
2.97703320515
2.97771998328
2.97772483363
2.97839087502
2.97839582986
2.97904085056
2.97904590724
2.97962451434
2.97966963265
2.97967478842
2.98027695341
2.98028220539
2.98051134503
2.98086255436
2.98086789963
2.98142618657
2.98143162208
2.9819676107
2.98197313332
2.98248659709
2.98249220361
2.98298292582
2.98298861294
2.98345638679
2.98346215113
2.98390677976
2.98391261786
2.98414850212
2.98433391443
2.98433982275
2.98473761051
2.98474358544
2.98511769771
2.98512373558
2.98547401586
2.98548011293
2.98580641492
2.98581256739
2.98611475502
2.98612095901
2.98639890649
2.9864051581
2.98665874994
2.98666504518
2.98689417622
2.98690051109
2.98710508651
2.98711145696
2.98729139234
2.98729779427
2.98745301557
2.98745944485
2.98758988845
2.98759634092
2.98770195361
2.98770842509
2.98778916412
2.98779565041
2.98785148343
2.98785798031
2.98788888546
2.9878953887
2.99381218601
2.99476626927
2.99538279958
3.00337409226
3.00885584839
3.01116061126
3.01282890917
3.02217110443
3.02276848677
3.02695751827
3.0313949186
3.03649183098
3.04049435924
3.04277308897
3.04946319556
3.0500127257
3.05829495402
3.05860689122
3.06331717003
3.06698291481
3.07445849235
3.07552010958
3.07639027526
3.08389932063
3.08921622516
3.09032745925
3.09211308173
3.10015368094
3.10177824027
3.10621335829
3.10801316557
3.11405854794
3.11568334983
3.12211575541
3.12315582515
3.12603836027
3.13042197386
3.13747298621
3.13769786228
3.13803421608
3.14429988128
3.14901621322
3.15089353195
3.15396830534
3.15724469426
3.15997156418
3.16334404123
3.1691822015
3.16991758781
3.17054109539
3.17474980261
3.18003751905
3.18070107704
3.18503612485
3.18588162768
3.18973655041
3.19042695738
3.19317073248
3.19317073248
3.19406973685
3.19406973685
3.19412994315
3.19820773137
3.19969348177
3.20185998874
3.20196169056
3.20538401128
3.20846736741
3.2084748462
3.21120498379
3.21359070174
3.21561904124
3.21674488794
3.21728525835
3.21785223439
3.21858539649
3.2195163304
3.22007580158
3.22447731515
3.23164597565
3.23385792767
