-4.54152038537
-4.54131566404
-4.54064818723
-4.53963672133
-4.539578038
-4.53802613886
-4.53795227723
-4.53683112226
-4.53662833034
-4.53662519615
-4.5355722814
-4.53552199095
-4.53548597041
-4.53472132081
-4.53461690856
-4.53435387472
-4.53398846506
-4.5339666502
-4.53361220012
-4.53360780489
-4.53299838349
-4.53060510344
-4.5291555102
-4.52717710188
-4.5243484017
-4.52268766688
-4.52032468037
-4.51536362119
-4.51451829183
-4.51326839596
-4.51228091628
-4.51188610228
-4.50872493065
-4.50744763886
-4.50700005575
-4.50490227731
-4.5031259437
-4.50088231721
-4.50046194911
-4.49887153303
-4.49797597456
-4.49194339903
-4.49146406929
-4.49008246945
-4.48994566185
-4.48735021542
-4.48504841694
-4.48453294121
-4.48005157885
-4.47696293231
-4.47534909198
-4.47510695508
-4.47407667415
-4.47279014752
-4.47042617152
-4.46841289216
-4.46655995097
-4.46237232575
-4.46067552446
-4.45991279208
-4.45923750384
-4.45683318104
-4.4559742122
-4.4552184696
-4.45433192264
-4.44813443979
-4.44705792807
-4.44285015418
-4.4415759381
-4.44027645371
-4.4371599258
-4.43373667297
-4.43306283522
-4.43189129916
-4.42596011535
-4.42534492434
-4.42487979315
-4.4196284311
-4.41899928451
-4.41863948988
-4.41743275186
-4.41392337113
-4.41101784309
-4.40884387723
-4.40808609956
-4.40357707394
-4.4031555567
-4.40303255414
-4.40128688959
-4.39774494954
-4.39578617583
-4.39419417144
-4.39159902245
-4.39151527558
-4.38841984034
-4.38763065364
-4.38605980678
-4.38255713819
-4.3792652321
-4.3790180319
-4.37515688314
-4.37508124127
-4.37472602543
-4.37220853028
-4.36690630782
-4.36458511281
-4.36322762073
-4.3619693778
-4.36150127974
-4.3590408302
-4.35888461439
-4.3584725268
-4.35615062739
-4.34980660391
-4.34934774248
-4.34918933689
-4.34571115175
-4.34380992882
-4.34320308517
-4.33910559522
-4.33611004563
-4.33603901359
-4.33367487928
-4.33229015257
-4.33199184063
-4.33144987859
-4.33069665001
-4.32854926079
-4.32430762521
-4.32161934841
-4.31935910205
-4.31901890438
-4.31103323075
-4.30839913988
-4.3079851498
-4.30662982376
-4.30129666569
-4.2979240113
-4.29711975711
-4.29547893842
-4.29516930264
-4.29367766241
-4.28810922065
-4.28632298635
-4.28503786575
-4.28049352497
-4.27999355339
-4.27716232216
-4.27511955011
-4.27447887071
-4.27320605496
-4.27185926021
-4.27145832963
-4.27137831492
-4.26265464267
-4.26101489303
-4.26074009702
-4.26005597559
-4.25708500376
-4.25667545862
-4.25595068157
-4.25454611269
-4.25153603758
-4.24874454348
-4.24496805941
-4.24196371426
-4.2406658378
-4.23980548563
-4.23767352643
-4.23744892181
-4.23724646586
-4.23091422013
-4.23039703127
-4.22898001106
-4.22687798107
-4.22655014937
-4.22647965242
-4.22207436939
-4.2201923466
-4.21949338799
-4.21875553565
-4.215052812
-4.21234375244
-4.21022421013
-4.20927010059
-4.20827276038
-4.20732163294
-4.20388137759
-4.19990439218
-4.1992344893
-4.19911831091
-4.19727211782
-4.19424788461
-4.19343992583
-4.19140250478
-4.19029838087
-4.18910615593
-4.18721975069
-4.18539375111
-4.1831717854
-4.1800266658
-4.17968756889
-4.17685716104
-4.17496874684
-4.17428472913
-4.17346104914
-4.17129716085
-4.16997429848
-4.16669110524
-4.16655727938
-4.16586341246
-4.16085470831
-4.15947220228
-4.15885369605
-4.15861758216
-4.15731741479
-4.15610359855
-4.155637463
-4.15359644807
-4.15340010613
-4.15300779368
-4.1481071649
-4.14780979451
-4.13920834353
-4.13782243731
-4.13765913951
-4.13742383425
-4.13365589623
-4.13114150584
-4.13028328707
-4.12872350928
-4.12650847812
-4.12219171749
-4.12123325048
-4.11817781567
-4.11720550875
-4.11396986654
-4.11306725046
-4.11009737953
-4.10859761111
-4.10593660121
-4.10481493962
-4.09923327802
-4.09881153668
-4.09731806405
-4.09313248939
-4.09232065562
-4.09133068678
-4.09068482262
-4.08774503885
-4.08690925858
-4.08417828469
-4.07963009605
-4.07881493693
-4.07816719776
-4.07197866654
-4.071737851
-4.07138479811
-4.07132685216
-4.06960338756
-4.06934227658
-4.06785237061
-4.06527593962
-4.06502641481
-4.06471697222
-4.06174293695
-4.06073611489
-4.06066835951
-4.06037889778
-4.05986619284
-4.05626857478
-4.05501654688
-4.05198041266
-4.05155215945
-4.05147629158
-4.04973551241
-4.04927492828
-4.04648927408
-4.04577422159
-4.04542702994
-4.0437942202
-4.04181390435
-4.04117760331
-4.04044066912
-4.03712630447
-4.03694076365
-4.03293750854
-4.03268272686
-4.02985288029
-4.02966846312
-4.02941598872
-4.02871342384
-4.02840311371
-4.0283502523
-4.02622137127
-4.02481255651
-4.02449332073
-4.02215802767
-4.02113672732
-4.02098086088
-4.0206260011
-4.01771594495
-4.01744768463
-4.01741245602
-4.01451811842
-4.01436093953
-4.01346077948
-4.01156112924
-4.01133053208
-4.01011440722
-4.00923060995
-4.00883540854
-4.00807385111
-4.0063574558
-4.00620322732
-4.00414627774
-4.00396214462
-4.00217818351
-4.00208469881
-4.00170876687
-4.001020792
-4.0004685578
-4.00038205646
-3.99902782495
-3.99898025042
-3.99784305325
-3.99780466926
-3.99719589553
-3.99692185196
-3.99690591491
-3.99626277155
-3.99625330107
-3.99586734534
-3.99586632181
-3.99572063178
-3.99404385823
-3.99118298261
-3.98797351034
-3.9821751441
-3.98177741603
-3.97803313524
-3.97428425876
-3.97331682217
-3.96738599117
-3.96522057508
-3.96416376136
-3.96202545129
-3.95665125786
-3.95628504277
-3.95450662709
-3.94791599348
-3.94669700312
-3.94225220884
-3.94069095521
-3.93476399496
-3.93438193802
-3.93289970514
-3.93037518452
-3.92607584759
-3.92492821251
-3.92235381249
-3.91499575414
-3.91391360636
-3.91286852521
-3.90787667828
-3.90551412277
-3.90412359097
-3.90023128589
-3.89728208133
-3.89569560462
-3.89500194514
-3.88737997401
-3.88502007021
-3.88342048294
-3.88223238192
-3.87821082282
-3.87524807223
-3.87040785756
-3.8675807659
-3.86682716779
-3.86457529508
-3.86353214119
-3.85974145695
-3.85535111712
-3.8530814171
-3.84903514505
-3.84443327369
-3.84368751521
-3.83997000549
-3.83943785742
-3.83790854082
-3.83534531172
-3.83302394434
-3.82452935929
-3.82416612067
-3.82379095536
-3.81783889717
-3.81651536887
-3.81488334568
-3.81045190523
-3.81013638809
-3.80406135019
-3.80352366926
-3.8030994853
-3.79599500582
-3.79572843999
-3.79383469887
-3.78769983627
-3.78547738753
-3.78407881576
-3.78123795122
-3.77906981682
-3.77766783476
-3.77574989304
-3.76895681194
-3.76528965952
-3.76514922961
-3.76421332432
-3.76393772605
-3.75583004011
-3.75381188948
-3.75087183813
-3.75048129041
-3.7452332626
-3.74441634009
-3.74377969152
-3.73985861687
-3.73783602299
-3.73583696884
-3.72667480331
-3.72617653203
-3.72535432553
-3.7252383756
-3.72154014956
-3.71975637501
-3.71587042958
-3.71425149414
-3.71235602925
-3.70563993205
-3.70539866197
-3.70236745129
-3.70156065538
-3.69583447823
-3.69444593677
-3.69395753885
-3.69061679786
-3.68827655981
-3.68633785978
-3.68507576727
-3.67940396702
-3.67593156157
-3.67570541423
-3.6717243012
-3.66878980777
-3.66813537699
-3.66720684762
-3.6634042705
-3.66270510303
-3.65711556409
-3.6557970608
-3.65379663067
-3.64823337404
-3.64757131037
-3.64686037779
-3.64573971662
-3.64213737629
-3.63696852268
-3.63584269786
-3.6354248894
-3.63139187738
-3.62938531323
-3.6273985421
-3.62470121831
-3.62437342667
-3.62048877931
-3.61589498056
-3.61391637039
-3.61204209454
-3.61175046497
-3.6097525728
-3.60737598561
-3.60450655177
-3.60264273889
-3.59914742377
-3.5956686607
-3.59396466957
-3.59365333726
-3.5925967552
-3.58732434628
-3.58529408713
-3.58476262241
-3.5839387542
-3.57755437665
-3.57705132414
-3.57578494639
-3.57427597614
-3.57287077128
-3.56907428297
-3.56714551775
-3.56609775468
-3.56127661289
-3.55993680448
-3.55793420943
-3.55654266742
-3.5561597569
-3.5531860171
-3.55219310882
-3.55038036917
-3.54672373757
-3.54475559251
-3.54462082312
-3.53908031482
-3.53819899649
-3.5374054002
-3.53651452718
-3.53616097264
-3.53376148043
-3.5309317748
-3.52800755179
-3.5273631129
-3.52672605105
-3.52590954408
-3.52352316336
-3.52147652293
-3.52032178513
-3.51956035724
-3.51903483019
-3.51841482762
-3.51668291742
-3.51371096224
-3.51210198315
-3.50482076582
-3.50445105835
-3.50419285931
-3.50217697735
-3.49686290874
-3.49651212084
-3.49264501794
-3.4900417648
-3.4853527449
-3.482888984
-3.48181217413
-3.4813371208
-3.47709101108
-3.47586964317
-3.47304332813
-3.47008269309
-3.46656672569
-3.46379567297
-3.46006749932
-3.45924691336
-3.4573678048
-3.45671756794
-3.45495188485
-3.45244666949
-3.44698112994
-3.4468913345
-3.4421274377
-3.43843782317
-3.43783678705
-3.43770640164
-3.43714034605
-3.43522006759
-3.43232369757
-3.42830079107
-3.4266047157
-3.4241860633
-3.42125052869
-3.42046209107
-3.4180700494
-3.41714501068
-3.41685784861
-3.41374712691
-3.41220777212
-3.4105358616
-3.4077188004
-3.40614441903
-3.40520942078
-3.40501005097
-3.40291158556
-3.400876275
-3.39908791624
-3.39848100067
-3.39755886973
-3.39689038967
-3.39665993265
-3.39648562509
-3.39617397865
-3.39609414494
-3.39592838819
-3.39531394766
-3.39517699309
-3.39458327142
-3.39440232019
-3.39381030948
-3.39372313457
-3.39313016265
-3.39311346854
-3.39260129989
-3.39259016444
-3.39221066776
-3.39220077166
-3.39196861107
-3.39196519584
-3.3899800998
-3.38902995986
-3.38583201183
-3.37896057789
-3.37539299688
-3.37323095546
-3.36780550591
-3.36606994683
-3.35947404633
-3.35745943208
-3.35457858509
-3.34752687461
-3.34586321534
-3.34127028297
-3.33999999051
-3.33351764104
-3.33087237783
-3.32428437041
-3.32412240887
-3.32044441976
-3.31561378793
-3.31212211841
-3.30648915841
-3.30339934469
-3.30100030707
-3.30049557597
-3.29074236906
-3.28900614578
-3.28646307033
-3.28351075357
-3.27986547146
-3.27376269769
-3.27183631918
-3.2677416949
-3.26420036993
-3.26003467114
-3.25898516516
-3.25490694019
-3.24672971515
-3.24656530488
-3.24513603194
-3.23819859528
-3.23780842767
-3.23356174193
-3.22762024195
-3.22622286503
-3.22101402208
-3.21820568224
-3.21761169044
-3.21229217177
-3.20743409332
-3.2069924196
-3.19927785733
-3.19726173763
-3.19706569692
-3.1923860378
-3.18876194778
-3.18725682988
-3.17762643351
-3.17716658407
-3.17653185877
-3.17421550413
-3.1702052192
-3.16497023471
-3.16289548521
-3.1573371589
-3.15419558499
-3.1536035086
-3.15176541321
-3.14733534359
-3.14360072798
-3.13778137351
-3.1377126785
-3.13344533022
-3.1330864323
-3.1271273814
-3.12601311246
-3.12097912159
-3.11850558584
-3.11621079207
-3.11524846381
-3.10797008639
-3.10732124441
-3.10496423262
-3.09951524019
-3.09850729646
-3.09717871629
-3.09493879454
-3.09004330899
-3.08544636202
-3.08220226597
-3.0808151863
-3.07930704448
-3.07924025019
-3.07586073093
-3.06996934838
-3.06853750892
-3.06240986028
-3.06171187928
-3.06143740159
-3.05880404099
-3.05812355335
-3.05494362477
-3.05001069433
-3.04507715709
-3.04431675283
-3.04430340124
-3.04377462208
-3.03904649417
-3.03757430531
-3.03461341095
-3.03226731113
-3.03024316352
-3.02649973513
-3.02625643449
-3.02621981986
-3.02346385971
-3.02202378657
-3.01969650401
-3.01694148988
-3.01475726983
-3.01358023091
-3.01283128593
-3.01155990549
-3.01097664692
-3.01034278025
-3.00971243276
-3.00900263819
-3.00888739622
-3.00016240693
-2.99270496118
-2.99181578374
-2.99167207019
-2.98860668577
-2.97975659797
-2.97494277073
-2.9746150073
-2.96948920918
-2.96943862781
-2.95941248527
-2.95838713141
-2.95772074711
-2.95090172414
-2.94698281183
-2.94215231436
-2.94099384652
-2.94092536059
-2.93175372755
-2.92668099104
-2.92624163843
-2.92443895091
-2.92255152758
-2.91473862894
-2.91065820807
-2.90806093469
-2.90635480466
-2.90504653959
-2.89820929699
-2.89540476649
-2.89186517252
-2.89088808792
-2.88397724462
-2.88328295121
-2.88048342677
-2.87598756486
-2.87585809712
-2.86934569575
-2.86589512354
-2.86332627935
-2.86254805899
-2.86004848997
-2.85605753261
-2.85163833684
-2.8501094057
-2.84445097156
-2.84414317306
-2.84307416812
-2.8384161409
-2.83770561972
-2.8332061734
-2.8290975195
-2.82804846403
-2.82407210115
-2.82372574147
-2.82248913554
-2.81861710784
-2.8142288472
-2.81408537138
-2.81064761088
-2.8101858379
-2.80629368899
-2.80350794332
-2.80246697756
-2.79976302087
-2.79932520319
-2.79709072805
-2.796179958
-2.79332107098
-2.79066135321
-2.78827249917
-2.78659258775
-2.78608155445
-2.78426851941
-2.7837909784
-2.78294649895
-2.78243366671
-2.78094745028
-2.77970787221
-2.77868569743
-2.77789570745
-2.77732975407
-2.77699116581
-2.77424642585
-2.76855003142
-2.76491046818
-2.7624050024
-2.75422915814
-2.75097875438
-2.74622428392
-2.74008434853
-2.73994044211
-2.72927672769
-2.72787206296
-2.72616413512
-2.71896849663
-2.71257306031
-2.70986490115
-2.70892607426
-2.70038802579
-2.69808343497
-2.69220989328
-2.69084095501
-2.68522032019
-2.68203156147
-2.67491285003
-2.67365491108
-2.67226156367
-2.66565870459
-2.6597599973
-2.6579789087
-2.65779139076
-2.65119257782
-2.64662132031
-2.64435214391
-2.64141276231
-2.63795767829
-2.63445389072
-2.63188112389
-2.62657110758
-2.6252187716
-2.62212898206
-2.62136601515
-2.61659124425
-2.61239541922
-2.61018255156
-2.60940102975
-2.608387588
-2.60485156831
-2.60180168969
-2.59908278652
-2.59861566119
-2.5967792919
-2.59494601185
-2.59396340427
-2.59349044151
-2.59245867341
-2.59183538944
-2.58724237099
-2.57890956628
-2.5761357253
-2.56527759833
-2.56424301218
-2.55467735243
-2.54996708018
-2.54433927532
-2.53608496339
-2.53426656861
-2.52446198623
-2.52259972025
-2.51492802839
-2.50951428302
-2.5056670194
-2.49683146476
-2.49668114444
-2.48797246921
-2.48455396503
-2.47954295143
-2.47268437468
-2.47139444807
-2.46352872032
-2.46122517978
-2.45594743723
-2.45017876485
-2.44865217857
-2.44164443728
-2.4395474156
-2.43492562162
-2.42933332119
-2.42849705722
-2.42235998908
-2.41953857601
-2.41651558352
-2.41096493022
-2.41016518123
-2.40570904423
-2.40121504604
-2.40074886811
-2.39608527406
-2.39268998861
-2.3917190661
-2.38765098236
-2.38459173685
-2.38388169729
-2.38041182393
-2.37724191619
-2.37692192911
-2.37437247104
-2.37180393063
-2.36968211455
-2.36953668438
-2.36757107087
-2.36590737965
-2.36454585284
-2.36348668653
-2.36287375356
-2.36273003196
-2.36227599647
-2.35649821798
-2.3505567913
-2.3450506687
-2.33998095716
-2.33534867544
-2.33115475405
-2.32740003519
-2.32408527271
-2.32121113201
-2.31877818998
-2.31678693491
-2.31523776642
-2.31413099538
-2.31346684391
-0.89281644302
-0.892553674009
-0.892115742134
-0.891502672113
-0.89071449855
-0.889751265942
-0.888613028678
-0.887299851041
-0.885811807217
-0.884148981294
-0.882311467267
-0.880299369046
-0.878112800461
-0.875751885266
-0.873216757149
-0.870507559739
-0.867624446611
-0.8645675813
-0.861337137308
-0.857933298111
-0.854356257177
-0.85060621797
-0.846683393967
-0.842588008669
-0.838320295614
-0.833880498393
-0.829268870665
-0.82448567617
-0.819531188749
-0.814405692359
-0.809109481094
-0.803642859201
-0.798006141103
-0.792199651417
-0.786223724978
-0.78007870686
-0.773764952405
-0.767282827238
-0.760632707305
-0.753814978889
-0.752960919127
-0.752702307916
-0.752271304957
-0.751667933837
-0.750892227581
-0.749944228654
-0.74882398896
-0.747531569844
-0.746830038645
-0.746067042101
-0.744430485973
-0.742621991153
-0.740641656797
-0.739678293628
-0.738489591517
-0.736165913397
-0.733670749993
-0.732360161322
-0.731004238339
-0.728166524958
-0.725157765865
-0.724876069673
-0.721978126578
-0.718627782122
-0.71722645712
-0.715106917045
-0.711415725419
-0.709411772633
-0.70755441086
-0.703523186527
-0.701432475746
-0.699322275143
-0.694951909004
-0.693289036594
-0.690412329989
-0.685703789576
-0.684981935954
-0.680826548854
-0.676511665281
-0.675780878539
-0.670567058991
-0.667878726753
-0.665185380224
-0.659636141931
-0.659083633313
-0.653919653494
-0.650126908716
-0.648036234007
-0.641986212294
-0.641009087571
-0.635769926929
-0.631730715393
-0.629387726257
-0.622839968416
-0.622292348652
-0.616127021358
-0.612694554826
-0.609249262878
-0.602937912454
-0.602207080632
-0.595000872169
-0.593023011193
-0.587631044953
-0.582950451874
-0.580098016396
-0.572720846568
-0.572402213881
-0.564544074799
-0.562334818641
-0.556524046577
-0.551793002824
-0.548342586711
-0.541096045279
-0.540000162802
-0.531497252589
-0.530244603672
-0.524595006993
-0.524343777127
-0.523925075191
-0.523338922945
-0.522834343989
-0.522585350853
-0.521664398088
-0.520576112527
-0.51932055076
-0.519239347238
-0.517897778083
-0.516307868509
-0.514550904765
-0.514011935135
-0.512626978297
-0.51053618927
-0.508278646577
-0.508080956864
-0.505854467838
-0.505030534413
-0.503263779407
-0.500506716372
-0.497583422566
-0.496770125164
-0.495890660509
-0.494494050569
-0.491238761711
-0.487817726082
-0.486592842447
-0.485307556558
-0.484231122536
-0.480479138699
-0.477137619638
-0.476561970976
-0.473693967358
-0.472479824554
-0.468232913418
-0.467525541924
-0.463821460353
-0.461930085855
-0.459245696954
-0.457757169628
-0.454505863638
-0.45001665241
-0.44960220965
-0.447833073606
-0.444534993076
-0.439304480853
-0.437954419543
-0.437753835296
-0.433910948779
-0.428354681529
-0.427520046774
-0.425744152035
-0.422635972662
-0.417132310811
-0.416755124638
-0.413386627027
-0.410712448829
-0.406591240934
-0.404508265538
-0.400882634121
-0.398142904007
-0.395897461481
-0.391616702441
-0.388232975493
-0.385051607671
-0.384930008016
-0.378083176904
-0.375438466003
-0.374054325664
-0.371076574285
-0.363910574369
-0.362906272634
-0.362499933307
-0.356585560415
-0.351608116839
-0.349418217984
-0.349101924753
-0.341460068801
-0.340160537691
-0.336194173657
-0.333660403093
-0.328564225837
-0.325703347299
-0.322828667123
-0.317589330249
-0.316819883237
-0.309322578485
-0.30931878996
-0.304928223246
-0.300892173665
-0.295676801296
-0.292889970697
-0.292309937833
-0.283572548206
-0.281892242697
-0.280705861997
-0.274680479825
-0.268376645211
-0.267969823571
-0.265634217063
-0.256434253655
-0.255903080164
-0.253910478696
-0.247081092736
-0.243285938536
-0.239715156905
-0.237575246873
-0.230526003969
-0.227917238105
-0.225384821254
-0.218107597979
-0.21762407217
-0.214657827959
-0.214417994698
-0.214018285498
-0.21345871971
-0.212739324425
-0.211860134477
-0.210920449194
-0.21082119244
-0.209622548631
-0.208264261107
-0.208146867592
-0.206746395671
-0.205069025866
-0.204580951025
-0.203232232983
-0.201236106054
-0.199080741862
-0.198035597632
-0.196766244932
-0.196323032748
-0.194292727542
-0.191660309715
-0.191397460715
-0.188869119229
-0.187774348422
-0.185919291611
-0.182810970145
-0.181593578699
-0.179544305867
-0.178074433834
-0.177363689965
-0.176119457575
-0.172536591823
-0.168795882929
-0.16680420199
-0.166733108783
-0.164897512974
-0.164612715513
-0.160841671807
-0.156628557045
-0.156096474006
-0.152258374077
-0.151742659883
-0.15101316355
-0.147731336069
-0.145241105348
-0.143047663965
-0.138207586491
-0.137276648546
-0.136623284245
-0.134238705232
-0.133211340159
-0.128059169271
-0.123404054041
-0.123089892812
-0.122751325923
-0.121376049682
-0.11728807001
-0.111795297237
-0.11166966923
-0.109396276658
-0.106002039804
-0.105896399091
-0.100355557711
-0.0999685429129
-0.0952542262575
-0.093886391838
-0.0905023542467
-0.0887713235544
-0.087650244833
-0.0812604086975
-0.0809788260888
-0.0770432542733
-0.0748781089081
-0.0747171980704
-0.0680209354371
-0.0665710129535
-0.0651720196235
-0.0611719511377
-0.0591304361991
-0.0541705833744
-0.053158299683
-0.0520317373728
-0.0470171782206
-0.0432604852996
-0.0410027849255
-0.03971208963
-0.037361963762
-0.0322556794461
-0.0287061762969
-0.0272694224253
-0.0246483174121
-0.0225626706116
-0.0168903811822
-0.0162691852952
-0.0111584311045
-0.00898225633255
-0.00763485067462
-0.00369253405368
-0.000924336373087
0.00507128753546
0.00728297723962
0.00742048883783
0.00902304457301
0.0156392750892
0.0214185144705
0.0218768069185
0.0226023260543
0.0241441397857
0.0327971459505
0.0348679984113
0.037882012471
0.0379096242323
0.0415978602012
0.047995853477
0.050545841135
0.0533413315405
0.0544605257822
0.0596406393118
0.0612595954371
0.0688817972359
0.0688963808311
0.0711527797918
0.0746584364036
0.0782688493375
0.0845736894046
0.087801321952
0.0879574806855
0.0881915771683
0.0974787332997
0.100372158765
0.101858207089
0.10487331509
0.107300593464
0.115657503971
0.116290674366
0.117266404366
0.121898949703
0.127375659744
0.129588633941
0.132328105347
0.137627845126
0.139033030906
0.143650751322
0.148022437801
0.148483304256
0.156274184369
0.157842998493
0.158558906794
0.164755106771
0.167432753992
0.167655782728
0.168027486206
0.168547847802
0.169216844244
0.169236712835
0.170034445612
0.171000615338
0.172115310206
0.172164505755
0.173378480357
0.173621014636
0.174790069284
0.176350013837
0.178058244225
0.179914684016
0.18005530833
0.181142331398
0.181919250136
0.184071852876
0.186372395892
0.186614391184
0.188820776204
0.191014137324
0.191072104691
0.191416884202
0.194160603647
0.197051811671
0.197643779166
0.200090378785
0.201191760476
0.202112635471
0.203276168875
0.20660903921
0.208626015521
0.210088840443
0.213350229999
0.213715416611
0.214258233307
0.215895706793
0.217488605145
0.221408236866
0.224726339669
0.225474135992
0.226281285645
0.22968612014
0.230725310599
0.230984458925
0.234044000333
0.236240374737
0.238547580997
0.24319665997
0.244036430639
0.245679639486
0.24782120265
0.247891736916
0.247991028504
0.252930471268
0.258014766352
0.259679819328
0.260757747997
0.261889942641
0.263243685274
0.26476719228
0.268616992978
0.271604006463
0.274134447843
0.275958677442
0.279795801686
0.279840289827
0.281821136409
0.28366367413
0.285600799764
0.291281455705
0.29154918078
0.295858189406
0.297640676888
0.297885915881
0.298981724039
0.303875013693
0.306725097041
0.308186910589
0.31025191026
0.316025239439
0.316247624179
0.316771079115
0.320649187139
0.322288601868
0.323432226252
0.330235051133
0.333244359622
0.333617485426
0.334256653509
0.337179246695
0.337970956548
0.344264499355
0.345971759652
0.35108993553
0.35149048901
0.352578524874
0.35377113316
0.358830709831
0.358856889044
0.366363366333
0.368663580942
0.369688089265
0.370989193471
0.371820523676
0.374009581245
0.381795187646
0.384940505559
0.385720767658
0.386337006348
0.389486971744
0.389719832904
0.39778315789
0.398189950633
0.401868096111
0.404108774176
0.405984796986
0.40807014398
0.411568144753
0.414324378083
0.418128987106
0.421977424092
0.422801522585
0.425074364406
0.426736965608
0.431415845417
0.434502337557
0.438707876621
0.439941472469
0.440166955021
0.445485662483
0.449054453362
0.450987028518
0.45246793889
0.457999411842
0.458077935927
0.464314430139
0.466353799072
0.467236991734
0.467581924881
0.476149710337
0.476531203325
0.480364695305
0.483221433007
0.48428587506
0.485960146774
0.494390811074
0.494499855906
0.495523391684
0.501097710665
0.502204803619
0.505220501191
0.508758499265
0.512721131557
0.51505103196
0.518016246154
0.521262641764
0.523139833744
0.52501453419
0.531139063024
0.535040278481
0.535110551612
0.537643057557
0.540393013627
0.545338621486
0.54964296979
0.552168586719
0.552267358659
0.555698274603
0.559593950887
0.566189035281
0.56701191462
0.568231188544
0.569399931676
0.576810421363
0.578863449785
0.581875892496
0.586733055487
0.586902027633
0.587561944215
0.596858448694
0.598199470154
0.598443108725
0.604166681192
0.605653766312
0.609453413292
0.610066121051
0.610264481383
0.610595072534
0.611057880401
0.611652885243
0.611958728832
0.612380061676
0.61323937868
0.614230799598
0.615354282137
0.616609778371
0.617599934417
0.617997234742
0.619516592062
0.62059234983
0.621167785518
0.621699512295
0.622950744672
0.62448465396
0.624865393465
0.626911650221
0.627175867591
0.629089427649
0.631398632848
0.631859403757
0.633839167309
0.636410926923
0.637062726543
0.639113801982
0.639330232307
0.641947677184
0.642508988561
0.643254053989
0.643392909269
0.64491243164
0.648007938878
0.651234066846
0.654590677922
0.654775772938
0.65658569097
0.657057504264
0.657957204077
0.658077628918
0.661694771084
0.662376719405
0.665441950118
0.666424026498
0.66931900617
0.673325773849
0.673519615054
0.67487997023
0.676166631477
0.677462082232
0.678198274042
0.681434239121
0.681727754869
0.686122609791
0.689195310804
0.69009796841
0.690646459521
0.692796250771
0.695299111076
0.695803310032
0.700080365979
0.700563589853
0.702122555899
0.704983368858
0.704990020269
0.710027864506
0.710804944414
0.714271476252
0.715193683782
0.715493445577
0.71976285876
0.720487257729
0.720882854762
0.72590836053
0.726544162644
0.728904627078
0.731456760928
0.735234712784
0.736892821886
0.737132222235
0.738940041673
0.739030097744
0.742934502342
0.747093851481
0.748863353733
0.751458533339
0.753012311198
0.754918523489
0.755024740759
0.758363322419
0.761099753305
0.764099051034
0.765371146522
0.767406779498
0.769240351052
0.773839333016
0.774861111696
0.77686100152
0.77776051104
0.780397139456
0.783735016632
0.785575956947
0.787079919071
0.789743784915
0.79388738678
0.79474135949
0.797219603393
0.800819252186
0.802018131289
0.802183941104
0.802746794669
0.807875219584
0.814662968292
0.815054987977
0.815869417543
0.816738499637
0.818565863127
0.820716373384
0.822358251082
0.829111033589
0.829784697354
0.834623371017
0.835218127892
0.836315059103
0.837334009988
0.839330740342
0.842471016121
0.845005866941
0.851973887113
0.852799940941
0.854619947798
0.855947099039
0.855948731691
0.858025441495
0.860715899503
0.868753404941
0.86883208812
0.869543540058
0.87465002438
0.875632393314
0.876798848215
0.876912114385
0.883254794161
0.885191679797
0.885791663739
0.893591747979
0.894710870467
0.89536867106
0.895649302884
0.897081840081
0.902111960595
0.902851531966
0.910751954184
0.911024017013
0.914575118021
0.914799698004
0.915153615267
0.919511360175
0.92001059563
0.925080657221
0.928389804901
0.933574575372
0.934913659403
0.934984861323
0.937267742033
0.937386909621
0.939251086005
0.946502290528
0.952645924946
0.953534621653
0.954621842583
0.954859995489
0.955049845704
0.955735558773
0.965086320475
0.967930575401
0.971787384027
0.972071752398
0.974554176743
0.974776553322
0.975205284681
0.982438251382
0.98413872369
0.989616309896
0.990997136121
0.99383955245
0.994732018028
0.995376938878
0.997056946575
1.0036562492
1.00725433637
1.00859674821
1.00859674821
1.00868588708
1.00868588708
1.01027332988
1.01178595075
1.01358839517
1.01472381876
1.01556170359
1.02363556667
1.02498463552
1.02662454642
1.02961407793
1.0337973351
1.03474932885
1.03575640475
1.04157200876
1.04280599302
1.04407326697
1.04901745575
1.05446292392
1.05480586394
1.05595779681
1.05662760556
1.06071717595
1.06496586274
1.06848150033
1.07179059714
1.0748906801
1.07558163539
1.07616256047
1.07871693235
1.08630978902
1.08706023632
1.08800420896
1.09500097184
1.09636730043
1.09680399061
1.09714986597
1.09979131302
1.09995258246
1.10022135644
1.10059762229
1.10108136231
1.10167255372
1.10237116868
1.10243576826
1.1031771743
1.10409053263
1.10511120063
1.10623913024
1.10747426832
1.10758353781
1.10810140382
1.10881655666
1.11026593201
1.11182232603
1.11348566536
1.11497705895
1.11513387001
1.11525587154
1.11656854297
1.11713286106
1.11791643046
1.11911654537
1.1191639354
1.12120683084
1.12340361877
1.12570680542
1.12721740054
1.12811628197
1.13033698878
1.13063193454
1.13323482476
1.13325364422
1.13350145263
1.13528643972
1.13598128698
1.13676273358
1.13881473378
1.14162008734
1.14175385048
1.14479849789
1.14690366681
1.14794853177
1.14919005661
1.15120380279
1.15157595401
1.15301274976
1.15456415657
1.15545567806
1.1569462344
1.15802943364
1.1615994695
1.16451449005
1.16498145627
1.16527409456
1.16664016068
1.16905313415
1.16999909053
1.17293640854
1.17563851184
1.17612481754
1.17692373294
1.17711532171
1.18087485739
1.18101491746
1.18520976715
1.18642465908
1.18784323696
1.18850285538
1.18950808197
1.19390965683
1.19583179518
1.19686945759
1.19726618324
1.19841428152
1.19966924842
1.20302174077
1.20625489001
1.20708584605
1.20773181422
1.21160234743
1.2125442764
1.21296444618
1.21603230706
1.21739491548
1.21745889678
1.22247543971
1.22364202494
1.22574663569
1.22612853082
1.22759366445
1.22915900403
1.23281332515
1.23578776735
1.23623674873
1.2374975209
1.23813417087
1.24355594553
1.24448377235
1.24545230348
1.24604320634
1.24803905655
1.24907838796
1.25470123185
1.25644174108
1.25756990514
1.26039536991
1.26042420578
1.26184350815
1.26329577804
1.26599648694
1.26624703319
1.27216943237
1.27285618032
1.27664382189
1.27760787407
1.27819111649
1.27833177284
1.28218114789
1.28431179355
1.28542095622
1.28598588649
1.29053116639
1.29491624335
1.29683944299
1.29684893269
1.29760713087
1.29808916161
1.30113834916
1.30326478496
1.30600886024
1.30977841051
1.31086025609
1.31159605632
1.31638949148
1.31702496734
1.31756327296
1.32016582028
1.32309770478
1.32373369485
1.3260628026
1.32837033904
1.32990272212
1.33670892873
1.33680421
1.33719666597
1.337471789
1.33926196974
1.34380182964
1.3452382093
1.34614504483
1.34978540422
1.35089523707
1.35732805569
1.35735071492
1.358084083
1.35842517504
1.36219877517
1.3629625635
1.3653680129
1.36625285258
1.37257094462
1.37257175183
1.37267752077
1.3726783267
1.37274666695
1.37285508322
1.37285588702
1.37310353531
1.3731043361
1.37342274168
1.37342353859
1.37381252833
1.37381332047
1.37427268264
1.3742734691
1.37480295335
1.3748037332
1.37540305059
1.37540382287
1.37607264591
1.37607340966
1.37623984445
1.37681137234
1.37681212654
1.37712733471
1.37748319194
1.37761882435
1.37761956795
1.37765378148
1.37849455794
1.37849528987
1.37925113479
1.37943809067
1.37943880979
1.38021967999
1.3804489017
1.38044960684
1.38152643182
1.38152712178
1.38267008356
1.38267075705
1.38387922121
1.3838798769
1.3851531709
1.3851538074
1.38638342342
1.3864912207
1.38649183654
1.38778668158
1.38789262067
1.38789321432
1.38935658299
1.38935715282
1.38961668067
1.39088228204
1.39088282636
1.39246885454
1.39246937156
1.39411539965
1.39411588748
1.3954472959
1.39582097913
1.39582143577
1.39639437616
1.39686476944
1.39694610093
1.39758461748
1.39758504084
1.39759007324
1.3994053021
1.39940568997
1.4012819835
1.40128233352
1.40309250152
1.40320114181
1.40321357543
1.40321388513
1.40519895516
1.40519922192
1.40653388411
1.40723696366
1.40723718472
1.40932640587
1.4093265783
1.41104783276
1.41146605096
1.41146617166
1.41362757692
1.4136546326
1.41365469828
1.41589084927
1.41589085647
1.41630041056
1.4165353818
1.41666673215
1.41766723005
1.41817330964
1.41817336462
1.41898697681
1.42050068672
1.42050080778
1.42287158248
1.42287177374
1.42528455793
1.42528482379
1.4267012879
1.42701817661
1.4277381408
1.42773848591
1.43023082594
1.43023125523
1.43033879349
1.43094980406
1.43276107584
1.43276159455
1.43514102937
1.43532732113
1.4353279348
1.43571495146
1.43613406899
1.4377104251
1.4379279611
1.43792867566
1.44056136433
1.44056218605
1.44322586928
1.44322680483
1.44335512681
1.44410810231
1.44591978491
1.44592084138
1.44688261159
1.44836011371
1.44864139139
1.44864257634
1.45138894081
1.45139026229
1.45166005518
1.45416065794
1.45416212451
1.45518792716
1.45565560025
1.45695474099
1.4569563618
1.45771530904
1.45797407123
1.45976936248
1.4597711473
1.46005539521
1.46260267011
1.46260462935
1.46545278764
1.46545493247
1.46585755083
1.46707475254
1.46831781586
1.46832015823
1.46854072209
1.4711958336
1.47119838631
1.47193610874
1.47408489872
1.47408767553
1.47471750218
1.4750946136
1.47698304923
1.47698606496
1.47711560541
1.47767741675
1.47988830441
1.479891575
1.48279866593
1.48280220861
1.48344114891
1.48571211908
1.48571595249
1.48577960919
1.48599361925
1.48727452551
1.48862663402
1.4886307784
1.49154016702
1.4915446444
1.49430180037
1.49444561268
1.49445066185
1.49445549627
1.49453229178
1.49735605107
1.49736126887
1.49759216352
1.50014600306
1.50025425744
1.5002598876
1.5011099297
1.50314319535
1.50314926991
1.50337320588
1.50602077226
1.50602732677
1.50747865937
1.50888489015
1.50889196433
1.51173344698
1.51174108546
1.51230189848
1.51370296348
1.51393890323
1.51439265648
1.51456433817
1.51457259146
1.51737545803
1.51738438371
1.51745484127
1.51886290283
1.52016470114
1.52017436547
1.52131791083
1.52292996364
1.52294044359
1.52566914438
1.52568053034
1.52768379364
1.52838014581
1.52839254528
1.52873297174
1.53042077837
1.53106087448
1.53107441707
1.53286089125
1.53362684814
1.53370924092
1.53372408546
1.53632315847
1.53633950313
1.53669906547
1.53726061451
1.53890054037
1.5389186377
1.53961003075
1.54143929378
1.54145947371
1.54316633711
1.54393730817
1.54396001459
1.54639243286
1.54641828469
1.54788647495
1.54880243189
1.54883233131
1.54888519174
1.55116488753
1.55120022673
1.5519134774
1.55336362645
1.55347697276
1.5535200703
1.55461740199
1.55573483418
1.55578999041
1.55700451641
1.55769213687
1.55793152591
1.55800814661
1.55824577917
1.56004728902
1.56017273166
1.5619665931
1.56228197352
1.56297903032
1.56339644348
1.56433413743
1.56458409623
1.56632752793
1.56643399259
1.56769130495
1.56808315329
1.56826049082
1.56832535536
1.57013141517
1.57017698775
1.57085465653
1.57193873526
1.57197315865
1.57230975139
1.57261688351
1.57314718151
1.57368093252
1.57370805272
1.57535653736
1.57537847082
1.57668144469
1.57696413109
1.57698216713
1.57722127496
1.57850234767
1.57851733142
1.57996987547
1.57998239282
1.581365459
1.58137593472
1.58268790053
1.58269665436
1.58393606168
1.58394334223
1.58510886494
1.58511487116
1.58620529515
1.58621019045
1.58683518899
1.58701855708
1.58722440084
1.58722832273
1.58816529556
1.58816836236
1.58827017809
1.58902715909
1.58902947472
1.58967821351
1.58980923859
1.5898108961
1.59051084967
1.59051193381
1.59069646754
1.5911313773
1.59113196652
1.59167027675
1.59167044464
1.59212689078
1.5921270743
1.5925009002
1.59250136798
1.59279214113
1.5927928281
1.59297540656
1.59300035518
1.59300119773
1.59312535757
1.5931262931
1.59628615746
1.59653254076
1.60181792649
1.60631281776
1.6083777808
1.60844379418
1.60885509746
1.61284614251
1.61581326913
1.61617550127
1.6167072283
1.62172480633
1.62182727516
1.62199804828
1.62223711328
1.62254445282
1.62292004458
1.62336386127
1.62387587065
1.62445603549
1.62510431361
1.62582065785
1.62612006626
1.62660501605
1.62694683578
1.62709170211
1.62745733108
1.62837754082
1.62860013761
1.62936557815
1.63042137096
1.6315448421
1.63168582734
1.63273590944
1.6327571756
1.6339944858
1.6352572461
1.63532047899
1.63614598133
1.63671379175
1.6381743218
1.6397019618
1.64129659931
1.64295811683
1.64468639179
1.64537869843
1.64540519525
1.64625270862
1.64648129648
1.64675308466
1.64834269809
1.64873523118
1.6502704587
1.65226443521
1.65270623489
1.6543244794
1.65461240262
1.65643970378
1.65645043786
1.658642152
1.66089945804
1.66190835749
1.66322218696
1.66366652911
1.66379447503
1.66561016452
1.66670641584
1.66806321122
1.66884497992
1.67058114231
1.67269098972
1.67316376772
1.6738728965
1.67581089209
1.67705228718
1.67715099934
1.67852231471
1.68129782956
1.68180332666
1.6822584234
1.68413722519
1.6870402848
1.68747675339
1.68892516635
1.69000678615
1.69248035997
1.69270904683
1.69303272497
1.69303650155
1.69612919787
1.69797924321
1.69928463644
1.69978192679
1.70079590554
1.70250257311
1.70578275816
1.70789578544
1.70855917846
1.70897144552
1.7091249363
1.71208572043
1.71252884662
1.71275794754
1.71599422259
1.71759500076
1.71776349163
1.71776349163
1.71921597389
1.71940576917
1.719520792
1.72310827695
1.72339661817
1.72675639379
1.72897933994
1.72994903709
1.73046485311
1.73102554641
1.73283516459
1.7342333597
1.73523505452
1.73806161251
1.73808684388
1.7389821969
1.74075776842
1.7419493046
1.74589612313
1.74894423423
1.74984569352
1.74990174929
1.75164156082
1.75269442821
1.75293809887
1.7539658583
1.75465185677
1.75683794039
1.7580881193
1.76226819539
1.76259979978
1.76650574352
1.76853947556
1.76886136971
1.76996529618
1.77040492933
1.77080041448
1.77306407601
1.77363186313
1.77515185282
1.77565784977
1.77955969684
1.78402357854
1.78473712096
1.78624074258
1.78703966748
1.78710002577
1.78854312351
1.78872583868
1.79311795095
1.79321034266
1.79454534259
1.79591493546
1.79774767357
1.80215862098
1.80243189756
1.80390938703
1.80552029329
1.80716466077
1.80717022252
1.80853257861
1.81196224138
1.81337406265
1.81349916801
1.8168075404
1.8181578855
1.81848564285
1.82056613734
1.82170569905
1.8237930398
1.82665628996
1.82827636611
1.82987721926
1.83165887887
1.83251805289
1.83355231286
1.83423785362
1.83671302455
1.83700144099
1.84133871907
1.84181827875
1.84191083653
1.84697418609
1.84795181074
1.85039783939
1.85160070068
1.85218028401
1.85286946261
1.85320666387
1.85374207893
1.85743610272
1.85986606149
1.86274116509
1.86446876134
1.86663715346
1.86755334863
1.86809498655
1.86917301922
1.87074579041
1.87349707508
1.87394025063
1.87613591759
1.87765089713
1.87894693107
1.88295510306
1.88444404723
1.88489157265
1.88707523599
1.8878702244
1.88995197548
1.88998790854
1.89414361704
1.89525732847
1.89557799216
1.8993509921
1.8996709653
1.900353248
1.90121376729
1.90651154246
1.90689469511
1.90921788242
1.91153741403
1.9126202287
1.91267714165
1.91434886137
1.91554883435
1.91582412116
1.91838981289
1.92346883437
1.92420288421
1.92585614431
1.92854210957
1.92990192315
1.93005887075
1.93046899408
1.9323737875
1.93455255555
1.93546447983
1.93595719207
1.93687752342
1.93687752342
1.94189725909
1.94510271753
1.9451042721
1.94692305954
1.94752359339
1.94787847396
1.94792322562
1.94899928513
1.95390022996
1.95475115447
1.95944510627
1.95964540725
1.9599619114
1.96373173806
1.96424473093
1.96569990485
1.96606289346
1.96735976814
1.9718291425
1.97220254208
1.97348183918
1.9749409899
1.97838021385
1.98031894791
1.98247493421
1.98327543901
1.98407400881
1.98459525586
1.98685024185
1.9872047312
1.99084700558
1.99511826406
1.99637920413
1.99667548248
1.99713479073
1.99932365762
2.00060397498
2.00218787497
2.0034579291
2.00639311695
2.0087439143
2.00981572846
2.01279194258
2.01366971125
2.01527904277
2.01620748639
2.01624535633
2.02097484366
2.02116731272
2.02263249014
2.02598682717
2.02639204623
2.02865874064
2.02909001646
2.03323930848
2.03364855994
2.03541924829
2.03557933146
2.03876107042
2.03962891454
2.04209969044
2.04426610622
2.04562976774
2.04618680327
2.04865033776
2.05030478914
2.05076687883
2.05523050663
2.0555346517
2.05814241487
2.05878117634
2.05960409269
2.06183941897
2.06239959278
2.06532029324
2.06744107031
2.06847628523
2.07143079867
2.07364938304
2.07466258528
2.07514030422
2.07562086488
2.07650742292
2.08183066291
2.08413477515
2.08450649442
2.08464742097
2.08505671524
2.08854653629
2.08943131068
2.09471576153
2.09496127167
2.09528708714
2.09567333195
2.09689219558
2.10192310714
2.10205146587
2.1038998481
2.10483729975
2.10500418663
2.10883881031
2.10970213413
2.11275899188
2.11462586654
2.11564824553
2.11568732038
2.11805764203
2.11926739184
2.12247888363
2.12256364876
2.12381712332
2.12466026453
2.12932982356
2.13062840773
2.13189401682
2.1325689838
2.13547578065
2.13565791149
2.13620015086
2.13667953519
2.14087272051
2.14308893753
2.14452377614
2.14539819294
2.14831503002
2.14843755355
2.14871988311
2.14999524176
2.15415879441
2.15557999052
2.15610233001
2.15691810774
2.15855930527
2.16
2.16
2.16
2.16
2.16
2.16
2.16
2.16
2.16
2.16
2.16
2.16
2.16
2.16
2.16
2.16
2.16
2.16
2.16
2.16
2.16
2.16
2.16
2.16
2.16
2.16
2.16
2.16
2.16
2.16
2.16
2.16
2.16
2.16
2.16
2.16
2.16
2.16
2.16
2.16
2.16
2.16
2.16
2.16
2.16
2.16
2.16
2.16
2.16
2.16
2.16
2.16
2.16
2.16
2.16
2.16
2.16
2.16
2.16
2.16
2.16
2.16
2.16
2.16
2.16
2.16
2.16
2.16
2.16
2.16
2.16
2.16
2.16
2.16
2.16
2.16
2.16
2.16
2.16
2.16
2.16
2.16
2.16
2.16
2.16
2.16
2.16
2.16
2.16
2.16
2.16
2.16
2.16
2.16
2.16
2.16
2.16
2.16
2.16
2.16
2.16
2.16
2.16
2.16
2.16
2.16
2.16
2.16
2.16
2.16
2.16
2.16
2.16
2.16
2.16
2.16
2.16
2.16
2.16
2.16
2.16144797315
2.16301226007
2.16385656544
2.16442594679
2.16580960223
2.16944224408
2.17080963039
2.17136642328
2.17170442387
2.17450602636
2.17538525578
2.17544823604
2.17777630347
2.18083470214
2.18199124331
2.18199124331
2.18310258621
2.18380857325
2.18436483091
2.18475557065
2.18578445258
2.18761068057
2.18931567508
2.19022886689
2.19174640283
2.19416282154
2.19525710901
2.1958747625
2.19758173408
2.19874775554
2.20018415902
2.20048158543
2.20076088289
2.20285893973
2.20433842148
2.20471096157
2.20575856878
2.20603543035
2.2068307517
2.20699179677
2.20755400564
2.21277776671
2.2139555593
2.21500084107
2.21704421067
2.21883535291
2.21980425752
2.22434464602
2.2247320349
2.2268369331
2.22719361377
2.2297079204
2.23367234287
2.23387466887
2.23467342237
2.24016092221
2.24047392737
2.24091632352
2.2425356327
2.24438136234
2.2479607388
2.25005786922
2.25018370447
2.25379535725
2.25426858876
2.25500673926
2.25976578094
2.26040183067
2.26205313205
2.2644463538
2.26618981668
2.26715673562
2.26889687009
2.26909870667
2.27377980842
2.27614223475
2.27756693356
2.27832986669
2.28055686864
2.28205692878
2.28318246984
2.28453732432
2.28576621556
2.29021814716
2.29320026785
2.29348528305
2.29399453527
2.29631897595
2.29724798343
2.29764767057
2.3007150664
2.30427067661
2.30465189287
2.30744690013
2.307468486
2.31128490573
2.31252285725
2.31295023564
2.31367256333
2.31436839107
2.31828933069
2.3193843195
2.32097744156
2.32457495524
2.32478758755
2.32528259203
2.32795255533
2.3292378175
2.33174015533
2.33226331081
2.33247734207
2.3333668488
2.33452009152
2.33695662027
2.33923008837
2.34000236171
2.34249998873
2.34264231042
2.34444612623
2.34494183912
2.34583812815
2.34618150622
2.34667409307
2.34809509279
2.35064505646
2.35084441362
2.35311612586
2.35700694543
2.36003248864
2.36170106809
2.36511197402
2.36692911564
2.36887075922
2.36982754007
2.37103368583
2.37380450756
2.37533660423
2.3806571446
2.3847095583
2.38529520671
2.38715367287
2.38748548644
2.38868108233
2.38900025038
2.39428797212
2.39802141428
2.40106302002
2.40269051614
2.40279254945
2.40279254945
2.40548863142
2.40549301748
2.4073962105
2.40780902787
2.41095595692
2.41452437272
2.41640586956
2.421207411
2.42349977166
2.42388801072
2.4256892131
2.4259636995
2.42785647858
2.430144735
2.43446989083
2.43563936054
2.44104594278
2.44233786788
2.44390549086
2.44437391122
2.44589377757
2.44736118023
2.44758290927
2.45407904513
2.45768646713
2.45865168393
2.46053258539
2.46084180191
2.46261677651
2.46609900079
2.4669417456
2.46949736711
2.47148594287
2.47330472209
2.47939902345
2.47961969234
2.47988481692
2.48068177711
2.4853021434
2.48588481542
2.48630139713
2.48980076514
2.49209823238
2.49800874089
2.49825806679
2.49855792782
2.49913323743
2.49923214449
2.50436242528
2.50649730659
2.50816614798
2.51040939819
2.51297733391
2.51623375902
2.51639706017
2.51659029078
2.51667016035
2.52232347098
2.52449247428
2.52668288075
2.52683247871
2.52818667625
2.53186105159
2.53369729977
2.53398470836
2.53538248576
2.53868489402
2.53971558735
2.5406966511
2.54495345758
2.54537732192
2.5468540675
2.55065684884
2.55093606196
2.55096791052
2.55250601323
2.55250601323
2.55414491888
2.55456775992
2.55578588924
2.55648534247
2.56033217693
2.56192759918
2.5642881453
2.56700659426
2.56729265547
2.56764711721
2.56793702559
2.56844363958
2.57040335404
2.57255209883
2.57257848092
2.57295665932
2.57408961266
2.5750132037
2.5777830413
2.58232204575
2.58290430017
2.58468662579
2.58713594957
2.58794022041
2.5918169046
2.59288876598
2.59620065074
2.59774790365
2.60117074194
2.60251560485
2.60718984763
2.60723736301
2.61007703861
2.61072485017
2.61176861864
2.61624991526
2.61737468939
2.62063174768
2.62394869992
2.62491214119
2.62730578306
2.62908913846
2.62967968943
2.6331608019
2.63328321441
2.63712521608
2.6378130261
2.64098049021
2.64472476064
2.64733585288
2.64835619347
2.6486806138
2.64888049291
2.65166730353
2.65187298714
2.65527337507
2.65855562829
2.66171805818
2.66307690567
2.66307690567
2.66415013373
2.66475901912
2.66550870708
2.66732188369
2.66767691117
2.66772681271
2.67047018275
2.67313733329
2.67567691587
2.67808753979
2.67907518722
2.67933429334
2.68036787311
2.68251664509
2.68453264866
2.68641474268
2.68681747369
2.6872578255
2.68816185417
2.68977298049
2.69124719131
2.6925836305
2.69314099329
2.69363815985
2.69378151791
2.69484015099
2.69575890626
2.69653724065
2.69717469263
2.6976708832
2.69802551675
2.69823838166
2.70595178235
2.70692560454
2.70713723506
2.7078210358
2.72068478299
2.72160530633
2.72512892245
2.72695324051
2.73441503399
2.73497200783
2.7443480759
2.74669850259
2.74790176943
2.74811270284
2.76037487099
2.76177396469
2.76360842286
2.76636517207
2.77237131207
2.77539481379
2.78046918939
2.78046918939
2.78290914168
2.78387089269
2.78594484292
2.78897105202
2.79485330605
2.80224940904
2.80249827664
2.80529824354
2.80542850091
2.81518551185
2.81597186735
2.8216283999
2.82449516178
2.82480646726
2.82938697248
2.83320762778
2.84104528757
2.84130387708
2.84273849435
2.84406833685
2.84876556658
2.85557520535
2.85602107381
2.86049924376
2.86171632005
2.86320291063
2.8671736203
2.86922907384
2.8719331605
2.8742404298
2.87424086256
2.87430031153
2.87430072671
2.87440006726
2.87440045328
2.87453962631
2.87453997182
2.87471888979
2.87471918374
2.87493773069
2.87493796241
2.87519599396
2.87519615325
2.87549349664
2.87549357381
2.87583001396
2.87583002796
2.87598249461
2.87620523595
2.87620534954
2.87661897467
2.87661919555
2.87707093777
2.87707127286
2.8775608059
2.87756126134
2.87808823292
2.87808881401
2.87865284616
2.87865355734
2.87925424667
2.8792550915
2.87931082009
2.87989200952
2.87989299068
2.87998943858
2.88056568406
2.88056680335
2.88127479429
2.88127605261
2.88190910733
2.88201883917
2.88202023656
2.8821981218
2.88235656225
2.88279729297
2.88279882862
2.88360960565
2.88361127791
2.88377021104
2.88445520326
2.88445700968
2.88488896057
2.88533348833
2.88533542569
2.8862438403
2.88624590465
2.88718561595
2.88718780265
2.8881581499
2.88816045365
2.88916075501
2.88916316993
2.89019272294
2.89019524257
2.89125332461
2.891255942
2.89234181073
2.89234451848
2.89345741235
2.89346020263
2.89459934139
2.89460220604
2.8953972936
2.89576679121
2.89576972174
2.89695893719
2.89696192487
2.89817493733
2.89817797321
2.89941393282
2.89941700778
2.89951504061
2.90067504871
2.90067815352
2.90104095537
2.90195739449
2.90196051982
2.90326006476
2.90326320127
2.90458213989
2.90458527821
2.90592268667
2.90592581747
2.90728075898
2.90728387299
2.90834469007
2.90865539848
2.90865848654
2.91004563533
2.91004868839
2.91145048888
2.91145349803
2.91286896837
2.91287192489
2.91430007366
2.914302969
2.91574279598
2.91574562183
2.91719611866
2.91719886691
2.91865901786
2.91866168064
2.9190752169
2.91971736075
2.92013046332
2.92013303304
2.92119182159
2.92160941915
2.92161188846
2.92309484454
2.92309720638
2.92458569459
2.92458794216
2.92608092101
2.92608304781
2.92757947292
2.92758147276
2.92908029766
2.92908216462
2.9305823415
2.93058406996
2.93208455046
2.93208613511
2.93358587106
2.9335873069
2.93393138513
2.93508525112
2.93508653343
2.93658164051
2.93658276488
2.93807399193
2.93807495426
2.93821215723
2.93866913306
2.93956126167
2.93956205815
2.94104241039
2.94104303751
2.94251640385
2.9425168584
2.94398221369
2.94398249274
2.94543881816
2.94543891907
2.94655568322
2.9468851233
2.94688520285
2.94832009937
2.94832036145
2.94974285008
2.94974329645
2.95115238769
2.95115301985
2.95254773471
2.95254855387
2.95392792456
2.95392893165
2.95529200222
2.95529319791
2.95650893212
2.95663902495
2.95664040962
2.9579680629
2.95796963667
2.95829595322
2.95905660192
2.95927819977
2.95927996251
2.96056853345
2.96057048474
2.96183817661
2.96184031577
2.96308625728
2.96308858339
2.96431191948
2.96431443134
2.96551432376
2.96551701992
2.96669264771
2.96669552648
2.96784608656
2.96784914598
2.96897385365
2.96897709151
2.97007518092
2.97007859478
2.97114931941
2.97115290657
2.97142558825
2.97219553972
2.97219929725
2.97321313244
2.97321705717
2.97420140857
2.97420549709
2.97458993169
2.97515969996
2.97516394862
2.97608735963
2.97609176458
2.97698376223
2.97698831936
2.97784830431
2.97785300931
2.97795484012
2.9786804047
2.97868525304
2.97947950482
2.97948449177
2.98024506898
2.98025018959
2.98097658463
2.98098183376
2.98167356268
2.981678935
2.98233553773
2.9823410277
2.98296206826
2.9829676702
2.98355273692
2.98355844495
2.98365362734
2.98410715068
2.98411295876
2.98462494103
2.98463084298
2.98510576417
2.98511175365
2.98554930115
2.98555537167
2.98595525801
2.98596140298
2.98632336595
2.98632957864
2.9866533814
2.98665965498
2.98694508616
2.9869514137
2.98719828747
2.98720466195
2.98741281812
2.98741923246
2.98758853651
2.98759498354
2.9877253267
2.98773179921
2.98782309845
2.9878295892
2.9878817873
2.987888289
2.9924359453
2.9957312195
2.99764495516
3.00764835761
3.01002618347
3.01736545836
3.01939450509
3.02733815097
3.03095857492
3.03711550848
3.04232891036
3.04434751696
3.05349326799
3.05689426301
3.06102798475
3.06443880371
3.07515206279
3.07670087821
3.0773511649
3.08561897493
3.09328645661
3.09582485542
3.09653450915
3.10575441374
3.10880094379
3.11539177108
3.11639430976
3.12385931394
3.12472048809
3.13372360461
3.13627943284
3.13842381003
3.14238369286
3.15068292555
3.1524542273
3.15618903012
3.1586031604
3.16590796916
3.16612604212
3.17323312256
3.17612225228
3.17874017806
3.17990599944
3.18612647311
3.19090395823
3.19187672037
3.19317073248
3.19317073248
3.19406973685
3.19406973685
3.19607824899
3.19713948316
3.20189826928
3.20235070737
3.20613756111
3.20984302739
3.21300173241
3.21303057294
3.21560233617
3.21605616896
3.21763527882
3.21909294286
3.21996978671
3.22289304537
3.23188769404
3.23605515995
3.23996504357
3.24707757567
3.2531808285
3.25607436883
3.25823455039
3.26220385117
3.26506028404
3.26678278625
3.27611294161
3.29617002346
3.31624475878
3.33633629121
3.35644376366
3.37656631837
3.39670309694
3.41685324037
3.43701588907
3.45719018292
3.47737526133
3.49757026321
3.51777432708
3.53798659106
3.55820619291
3.57843227009
3.59866395979
3.61890039894
3.63914072429
3.65938407241
3.67962957973
3.69987638262
3.71
3.71
3.71
3.71
3.72012361738
3.74037042027
3.76061592759
3.78085927571
3.80109960106
3.82133604021
3.84156772991
3.86179380709
3.88201340894
3.90222567292
3.92242973679
3.94262473867
3.96280981708
3.98298411093
4.00314675963
4.02329690306
4.04343368163
4.06355623634
4.08366370879
4.10375524122
4.12382997654
4.14388705839
4.15321721375
4.15493971596
4.15779614883
4.16176544961
4.16392563117
4.1668191715
4.17292242433
4.18003495643
4.18394484005
4.18811230596
4.19710695463
4.20003021329
4.20090705714
4.20236472118
4.20394383104
4.20439766383
4.20696942706
4.20699826759
4.21015697261
4.21386243889
4.21764929263
4.21810173072
4.22286051684
4.22392175101
4.22812327963
4.22909604177
4.23387352689
4.24009400056
4.24125982194
4.24387774772
4.24676687744
4.25387395788
4.25409203084
4.2613968396
4.26381096988
4.2675457727
4.26931707445
4.27761630714
4.28157618997
4.28372056716
4.28627639539
4.29527951191
4.29614068606
4.30360569024
4.30460822892
4.31119905621
4.31424558626
4.32346549085
4.32417514458
4.32671354339
4.33438102507
4.3426488351
4.34329912179
4.34484793721
4.35556119629
4.35897201525
4.36310573699
4.36650673201
4.37565248304
4.37767108964
4.38288449152
4.38904142508
4.39266184903
4.40060549491
4.40263454164
4.40997381653
4.41235164239
4.42235504484
4.4242687805
4.4275640547
4.43634637266
4.44204515988
4.44541006832
4.44857441175
4.46094339808
4.46170404678
4.46349106788
4.47344431678
4.48133086694
4.48178784277
4.48606861487
4.49880817841
4.50028263925
4.5009247831
4.51165530993
4.51895904463
4.52048495939
4.5246027064
4.53511103943
4.53622978896
4.53764343775
4.5378018782
4.53809089267
4.54001056142
4.54068917991
