-4.71583991975
-4.71556850606
-4.71368582667
-4.71309772169
-4.71216373121
-4.70955932288
-4.70799987188
-4.70724739117
-4.70687938825
-4.70670464295
-4.70664286812
-4.70293453204
-4.70278449944
-4.70073914273
-4.70073914273
-4.70073914273
-4.70073914273
-4.70073914273
-4.70073914273
-4.70073914273
-4.70073914273
-4.70073914273
-4.70073914273
-4.70073914273
-4.70073914273
-4.70073914273
-4.70073914273
-4.70073914273
-4.70073914273
-4.70073914273
-4.70073914273
-4.70073914273
-4.70073914273
-4.70073914273
-4.70073858074
-4.70062406775
-4.70046233115
-4.69823972947
-4.69821438839
-4.69812084339
-4.69464144748
-4.69440197295
-4.69288735048
-4.69227863707
-4.69032249683
-4.69026877436
-4.68804261179
-4.68663112585
-4.68551556258
-4.68516052537
-4.68375190575
-4.68346294803
-4.68186252392
-4.67903575491
-4.6789136612
-4.67783157589
-4.67744143948
-4.67740820636
-4.67612822337
-4.67574533465
-4.67449213451
-4.67379096196
-4.67370747019
-4.66994960853
-4.66870419186
-4.66810931947
-4.66743581305
-4.66671229476
-4.66633123357
-4.66424126718
-4.66092611541
-4.65959445672
-4.65934283707
-4.65896419715
-4.6574079026
-4.65551577157
-4.65483024409
-4.65312173976
-4.65187151303
-4.6479727545
-4.64722524307
-4.6471574253
-4.64617077892
-4.64602511
-4.643036172
-4.64145755894
-4.64113504569
-4.64033635301
-4.64021981634
-4.64014975937
-4.63965256896
-4.63767535421
-4.63663298035
-4.63259349547
-4.63235164567
-4.63099602828
-4.629660251
-4.62958450218
-4.6292654372
-4.62798039382
-4.62763440673
-4.62638581935
-4.62498358011
-4.62431558319
-4.62335510148
-4.62326431916
-4.62308793361
-4.62276391551
-4.61839207401
-4.6170277996
-4.6158399476
-4.61476080012
-4.61383605367
-4.61020701244
-4.609285912
-4.60457453875
-4.60437641379
-4.60335947052
-4.60255756174
-4.60054881296
-4.59717285182
-4.59557140717
-4.59380166115
-4.5921633166
-4.59209457628
-4.5911779973
-4.58968722953
-4.58918058392
-4.58836345613
-4.58586565179
-4.58548291689
-4.58378252974
-4.58277474162
-4.5822003092
-4.57981704822
-4.57913822138
-4.57913121646
-4.57695475472
-4.57471466279
-4.57444578453
-4.57379801421
-4.57154542117
-4.57122186047
-4.57120410136
-4.57091327393
-4.56746161378
-4.56730939601
-4.56572063333
-4.56501722007
-4.56447261274
-4.56206989324
-4.5618946532
-4.56007444462
-4.55949631381
-4.55828414528
-4.55692024511
-4.55536978366
-4.55505675297
-4.55031767406
-4.54858004645
-4.54837525483
-4.54805722705
-4.54504221443
-4.54443616095
-4.54397326818
-4.54170181873
-4.54112930401
-4.54067900795
-4.54057035658
-4.53705795427
-4.52930890372
-4.52685132109
-4.52481498305
-4.52337382683
-4.52132208434
-4.5203581799
-4.51931145477
-4.51910558118
-4.51904079282
-4.51686245767
-4.51632668696
-4.51632668696
-4.51632668696
-4.51632668696
-4.51632668696
-4.51632668696
-4.51632668696
-4.51632668696
-4.51632668696
-4.51632668696
-4.51632668696
-4.51632668696
-4.51632668696
-4.51632668696
-4.51632668696
-4.51632668696
-4.51632668696
-4.51632668696
-4.51632668696
-4.51632668696
-4.51632668696
-4.51599613817
-4.51555354388
-4.51550618344
-4.5149185342
-4.51443358046
-4.51383380189
-4.51291509836
-4.51152760675
-4.50801671654
-4.50642314008
-4.50598967917
-4.50508274584
-4.5027744207
-4.50086753305
-4.49826665675
-4.49688514023
-4.49659693294
-4.49621811764
-4.49203719543
-4.48900101402
-4.48678040703
-4.48584731515
-4.48428658307
-4.48083147108
-4.48033713227
-4.47998680652
-4.4781710275
-4.47462731859
-4.47331486801
-4.47145140915
-4.46619543109
-4.46368502741
-4.45676562385
-4.45517817395
-4.45423198702
-4.45323084159
-4.45060842686
-4.4405623531
-4.44008077825
-4.4385052007
-4.43120090525
-4.42878703604
-4.42868277071
-4.426601695
-4.42603184198
-4.42547059975
-4.42426340929
-4.41766057616
-4.41506880909
-4.41409011671
-4.41075692038
-4.40740490946
-4.40555131613
-4.40551820347
-4.40504228317
-4.40407361137
-4.40364840012
-4.40232811338
-4.4023058972
-4.39790124479
-4.39784433978
-4.39425212369
-4.39402700177
-4.39104514442
-4.389158773
-4.38805940839
-4.38698759645
-4.38676661286
-4.38146104639
-4.37614486895
-4.37588173986
-4.37162944103
-4.36895468089
-4.36589261727
-4.36490972929
-4.36441769257
-4.36242243289
-4.36083111329
-4.35982191179
-4.35933640402
-4.35816093178
-4.35806848661
-4.35755063851
-4.35064544215
-4.34884159585
-4.34869053158
-4.34646974908
-4.34577266506
-4.33752024719
-4.33464869354
-4.33266200314
-4.32993995174
-4.32951540434
-4.32871005499
-4.32392890226
-4.32390303774
-4.32119365145
-4.3203391614
-4.3203391614
-4.3203391614
-4.31624801819
-4.31311774822
-4.30037843515
-4.29957695337
-4.29934441258
-4.29587933565
-4.29518477022
-4.29360563434
-4.29342671337
-4.29021930888
-4.28940984677
-4.28694116854
-4.28235872693
-4.28154647077
-4.26987895668
-4.26684990389
-4.2665675995
-4.25946796701
-4.25877002269
-4.25431448229
-4.24701513435
-4.24685194203
-4.24531873179
-4.24528970107
-4.24319052164
-4.23962488688
-4.23924650388
-4.23205713648
-4.23108794769
-4.23016985802
-4.22983988838
-4.22268405263
-4.21868399649
-4.21465738888
-4.21246352759
-4.21026818653
-4.20293588973
-4.20256333978
-4.19621134934
-4.19371431125
-4.19371431125
-4.19103504321
-4.18153719577
-4.1750972112
-4.17392627976
-4.17267049085
-4.17195376093
-4.17109681833
-4.16825901505
-4.16586619657
-4.16572033244
-4.16498615871
-4.16319125685
-4.16272545226
-4.16190857629
-4.15854937904
-4.15697331174
-4.14452538663
-4.14031039102
-4.13879313445
-4.13603425225
-4.13042656756
-4.12585373675
-4.12567636517
-4.11958197574
-4.10687377115
-4.09687567996
-4.09314017259
-4.08966236269
-4.08708984384
-4.08622995791
-4.08446423689
-4.07907736029
-4.07208455065
-4.05559945863
-4.0466265437
-4.04121368718
-4.03684649973
-4.03352237978
-4.02664161124
-4.00173176892
-4.00106399997
-3.99660294376
-3.99617383705
-3.99123939718
-3.99091010077
-3.99047583962
-3.97885684893
-3.96517421527
-3.96446294875
-3.96421347318
-3.96344062004
-3.95860993288
-3.95620011387
-3.955692583
-3.95451894549
-3.94979108953
-3.94878100179
-3.94718837256
-3.94452991568
-3.92860404856
-3.92355975919
-3.90838725777
-3.90787979318
-3.90657516054
-3.90240735289
-3.89376328028
-3.88983338949
-3.8779322152
-3.87687101553
-3.87669215514
-3.87297806382
-3.86542718908
-3.85797934634
-3.85289821475
-3.85158561595
-3.84774938426
-3.8347794571
-3.8267070275
-3.81464911709
-3.81421837434
-3.81034965424
-3.80753301835
-3.80488017692
-3.79067898667
-3.79063924021
-3.78423422848
-3.77279336016
-3.76301250464
-3.75859291584
-3.75683918144
-3.75492313779
-3.75227156614
-3.74567193638
-3.726797343
-3.72643001991
-3.72385798569
-3.71993821915
-3.7183413435
-3.71538054462
-3.70160892569
-3.69689146401
-3.69156306156
-3.6908416021
-3.68555770911
-3.6853199796
-3.67867318871
-3.6768838413
-3.67510000001
-3.6751
-3.6751
-3.6751
-3.6751
-3.6751
-3.6751
-3.6751
-3.6751
-3.6751
-3.6751
-3.6751
-3.6751
-3.6751
-3.6751
-3.6751
-3.6751
-3.6751
-3.6751
-3.6751
-3.6751
-3.6751
-3.6751
-3.6751
-3.6751
-3.6751
-3.6751
-3.6751
-3.6751
-3.6751
-3.6751
-3.6751
-3.6751
-3.6751
-3.6751
-3.6751
-3.6751
-3.6751
-3.6751
-3.6751
-3.6751
-3.6751
-3.6751
-3.6751
-3.6751
-3.6751
-3.6751
-3.6751
-3.6751
-3.6751
-3.6751
-3.6751
-3.6751
-3.6751
-3.6751
-3.6751
-3.6751
-3.6751
-3.6751
-3.6751
-3.6751
-3.6751
-3.6751
-3.6751
-3.6751
-3.6751
-3.6751
-3.6751
-3.6751
-3.6751
-3.6751
-3.6751
-3.6751
-3.6751
-3.6751
-3.6751
-3.6751
-3.6751
-3.6751
-3.6751
-3.6751
-3.6751
-3.6751
-3.6751
-3.6751
-3.6751
-3.6751
-3.6751
-3.6751
-3.6751
-3.6751
-3.6751
-3.6751
-3.6751
-3.6751
-3.6751
-3.6751
-3.6751
-3.6751
-3.6751
-3.6751
-3.6751
-3.6751
-3.6751
-3.6751
-3.6751
-3.6751
-3.6751
-3.6751
-3.6751
-3.6751
-3.6751
-3.6751
-3.6751
-3.6751
-3.6751
-3.6751
-3.6751
-3.6751
-3.6751
-3.6751
-3.6751
-3.6751
-3.6751
-3.6751
-3.6751
-3.6751
-3.6751
-3.6751
-3.6751
-3.6751
-3.6751
-3.6751
-3.6751
-3.6751
-3.6751
-3.6751
-3.6751
-3.6751
-3.6751
-3.6751
-3.6751
-3.6751
-3.6751
-3.6751
-3.6751
-3.6751
-3.6751
-3.6751
-3.6751
-3.6751
-3.6751
-3.6751
-3.6751
-3.6751
-3.6751
-3.6751
-3.6751
-3.6751
-3.6751
-3.6751
-3.67414629496
-3.67063530068
-3.67004349759
-3.66905793893
-3.66618086613
-3.66575068007
-3.66019272554
-3.6593205419
-3.65818926145
-3.65700036607
-3.65622097581
-3.65583757286
-3.65220326745
-3.64545773588
-3.6415312501
-3.63833983577
-3.63620708282
-3.63507373172
-3.63479831893
-3.63464499884
-3.63432010579
-3.63341229059
-3.63048147711
-3.62684993926
-3.62575578171
-3.62505130224
-3.62464006566
-3.62402089207
-3.62284769117
-3.62157464414
-3.62012753906
-3.61983061412
-3.61901238833
-3.6178715286
-3.61634528431
-3.61603258846
-3.61599228997
-3.61590538331
-3.61588779541
-3.61542327247
-3.61517196047
-3.61496923382
-3.6137551565
-3.61337004805
-3.61335268274
-3.61335268274
-3.61335268274
-3.61333775738
-3.61319151316
-3.61287157928
-3.61255228873
-3.61037723914
-3.60989112704
-3.60855869395
-3.60809155449
-3.60805917906
-3.60734601808
-3.60649584403
-3.60540381259
-3.60331358865
-3.60123441774
-3.59908953703
-3.59855424969
-3.59591017196
-3.59544089232
-3.59535656045
-3.59493302413
-3.5876609086
-3.58567426714
-3.58504826717
-3.58461135472
-3.58179203487
-3.58179203487
-3.58123465297
-3.57997016685
-3.57996962683
-3.57895757899
-3.57768690952
-3.5774520009
-3.57491048187
-3.57326738623
-3.57284363376
-3.5714447927
-3.57010795578
-3.56945233975
-3.55982025217
-3.55548925126
-3.54839404788
-3.54832483555
-3.54776953602
-3.54747417699
-3.54722719819
-3.54441775731
-3.54272242495
-3.53990444135
-3.53937107589
-3.53930175781
-3.53919217471
-3.53383662303
-3.52184164362
-3.51636237673
-3.51612765924
-3.51417579253
-3.50944152032
-3.5089030324
-3.50686849294
-3.5064478844
-3.5035145662
-3.50309252684
-3.50164280651
-3.50063042611
-3.49305497665
-3.49119047461
-3.48141248029
-3.48118228272
-3.47398721803
-3.47240383409
-3.47237073903
-3.47237073903
-3.47237073903
-3.47237073903
-3.47237073903
-3.47237073903
-3.47237073903
-3.47237073903
-3.47237073903
-3.47237073903
-3.47237073903
-3.47237073903
-3.47237073903
-3.47237073903
-3.47237073903
-3.47237073903
-3.47237073903
-3.47237073903
-3.47237073903
-3.47237073903
-3.47237073903
-3.47237073903
-3.47237073903
-3.47237073903
-3.47237073903
-3.47237073903
-3.47237073903
-3.47237073903
-3.47237073903
-3.47237073903
-3.47237073903
-3.47237073903
-3.47237073903
-3.47237073903
-3.47237073903
-3.47237073903
-3.47237073903
-3.47237073903
-3.47237073903
-3.47237073903
-3.47237073903
-3.47237073903
-3.47237073903
-3.47237073903
-3.47237073903
-3.47237073903
-3.47237073903
-3.47237073903
-3.47237073903
-3.47237073903
-3.47237073903
-3.47237073903
-3.47237073903
-3.45645968204
-3.44508663095
-3.44401334371
-3.4439751784
-3.4378949105
-3.43545309554
-3.43369590097
-3.42862423232
-3.42543741478
-3.42232408011
-3.42093249712
-3.42071147433
-3.41070844988
-3.41010584047
-3.40581975374
-3.40551778861
-3.39998773235
-3.39648302045
-3.3963489718
-3.39198860971
-3.38987683157
-3.38986312968
-3.37542393772
-3.37396089181
-3.37363368557
-3.37097733667
-3.37011401384
-3.36556806297
-3.36492624273
-3.3606348955
-3.35881755503
-3.35616494497
-3.34829858505
-3.34778167295
-3.34181973244
-3.33872196401
-3.3363567349
-3.33303784104
-3.33288988511
-3.32744171933
-3.30938293716
-3.30726887998
-3.30423300812
-3.30294553029
-3.3007487086
-3.2997358761
-3.29925113174
-3.29359471058
-3.29169389878
-3.2905449745
-3.28528192973
-3.27901821861
-3.27816422747
-3.27551210456
-3.27359520942
-3.2730086098
-3.27229682649
-3.26736722165
-3.25901824501
-3.25899123703
-3.25599449506
-3.25467261838
-3.25292029269
-3.25205196745
-3.25155687389
-3.25152870657
-3.25098344439
-3.2492670926
-3.24838131645
-3.24551861293
-3.23128117825
-3.22951277917
-3.226319757
-3.21804640612
-3.2138117084
-3.21367649968
-3.21265025193
-3.21200088174
-3.20927429101
-3.20384843341
-3.20384843341
-3.20384843341
-3.20324555601
-3.20138825253
-3.20112908613
-3.19607150836
-3.19359425679
-3.19145147673
-3.18975832599
-3.18913225926
-3.18229326603
-3.18104152252
-3.18049764671
-3.17518407739
-3.17105660872
-3.16946794245
-3.16831542603
-3.16536972433
-3.16514745727
-3.16271714919
-3.15375265838
-3.14977491795
-3.14288072696
-3.14250333047
-3.13833949925
-3.12685586451
-3.12284460326
-3.11409980924
-3.11274857226
-3.11184163281
-3.11102115028
-3.10680987183
-3.10221743644
-3.08368297833
-3.08220466179
-3.08197209034
-3.0811759419
-3.07502802827
-3.06607876973
-3.06066383182
-3.0590130516
-3.05524858664
-3.05074933622
-3.04279858558
-3.03735673149
-3.02816340819
-3.0184612455
-3.01351299569
-3.0069991723
-3.00515216144
-2.99555525735
-2.99496086468
-2.9918186651
-2.96744583437
-2.9614479297
-2.95566619781
-2.95440537418
-2.95362478171
-2.94840287127
-2.93897121799
-2.93277436669
-2.93177946826
-2.92900989678
-2.92525413164
-2.90802055029
-2.90376405718
-2.88805469287
-2.88072238172
-2.87639688429
-2.86388045025
-2.86310590335
-2.85793249633
-2.85175117301
-2.84879692175
-2.84240633711
-2.83928513863
-2.83786952701
-2.83546072632
-2.82971421913
-2.81279976457
-2.81279976457
-2.81279976457
-2.81279976457
-2.80670094625
-2.80404443961
-2.80071227283
-2.79061838532
-2.78884768517
-2.78858128155
-2.78736273632
-2.78519313022
-2.7839909254
-2.78048157199
-2.77993626305
-2.7751291901
-2.77360231975
-2.76993151279
-2.76985372933
-2.76878962279
-2.75955108691
-2.75663537089
-2.75565940689
-2.75366364047
-2.75104560202
-2.7499777221
-2.74830989841
-2.74040518944
-2.7318908684
-2.73060726786
-2.72807500172
-2.72773373526
-2.72017660775
-2.70988245005
-2.705851973
-2.70562767339
-2.70432825452
-2.69962687265
-2.69374916526
-2.6926238544
-2.69208652991
-2.68945598212
-2.6889384519
-2.68641305734
-2.68408955792
-2.6822205087
-2.68119057142
-2.67784928443
-2.67424820187
-2.67386923483
-2.67294697303
-2.67267031478
-2.66894894297
-2.66712725341
-2.66310642813
-2.66093824503
-2.65200290339
-2.65019765233
-2.64883031799
-2.64479693127
-2.64276224
-2.64056810175
-2.62954336621
-2.62887137861
-2.62650181292
-2.62525438341
-2.61382640602
-2.61234936486
-2.61168709465
-2.60985118799
-2.60816412927
-2.60709272013
-2.60687689683
-2.60268558983
-2.60265256063
-2.60217103322
-2.59405048714
-2.57125461253
-2.57053068858
-2.56881105845
-2.56755243565
-2.56651388358
-2.56588096299
-2.56234927157
-2.55832703056
-2.55521762454
-2.55337492475
-2.55309077486
-2.5421890586
-2.52853112685
-2.51930589057
-2.50946283584
-2.50682795546
-2.50642958507
-2.50040260373
-2.49591475505
-2.49551278513
-2.4945401263
-2.49147569134
-2.49137601675
-2.48622860715
-2.48531779448
-2.48503647046
-2.48440628617
-2.48227707267
-2.4811165267
-2.47922113935
-2.4726594834
-2.47155513128
-2.46888220785
-2.45983540758
-2.45902887004
-2.45698945774
-2.45635653302
-2.45409649471
-2.44889292876
-2.44849283427
-2.44664653695
-2.44313029641
-2.44030231525
-2.43582324041
-2.42898169679
-2.42878170347
-2.42779620153
-2.42595629189
-2.42573999117
-2.42551815066
-2.42356389373
-2.42140380476
-2.41787744751
-2.41765153799
-2.41323901177
-2.40528180386
-2.39897590467
-2.39847784517
-2.39799754135
-2.39071258501
-2.39043600497
-2.38882594194
-2.38461119774
-2.38275451918
-2.38266924529
-2.38065426584
-2.37907128415
-2.37880136507
-2.37596258641
-2.37448874
-2.36916532244
-2.36353767412
-2.36353118747
-2.35981017778
-2.35785669543
-2.35478831251
-2.34567259649
-2.338872176
-2.33799852366
-2.33799852366
-2.33799852366
-2.32929908119
-2.32733000919
-2.31861100619
-2.31776979572
-2.31460718652
-2.3102376976
-2.30527844908
-2.29630920323
-2.29505942377
-2.27133671206
-2.27133671205
-2.27133671205
-2.27133671204
-2.27133671204
-2.25665807617
-2.24916422702
-2.24336681154
-2.23320121587
-2.22788538951
-2.22101630748
-2.22023395723
-2.21815786559
-2.21011773677
-2.20809919772
-2.20659034085
-2.20582089714
-2.20253272796
-2.19647468673
-2.19350489865
-2.19332185086
-2.19057811105
-2.19027824385
-2.18544335486
-2.18424293488
-2.18374996771
-2.18355207992
-2.18243281197
-2.17835800986
-2.1733220749
-2.1710984345
-2.16306665122
-2.16133441831
-2.15758608782
-2.15504513178
-2.1532225971
-2.15058066658
-2.14584059211
-2.14480268681
-2.14463736971
-2.13960910841
-2.13607497029
-2.1302341105
-2.12969151977
-2.12350061223
-2.12173165379
-2.11909707704
-2.11876639563
-2.11826112228
-2.11500799671
-2.11317176962
-2.1130174473
-2.11142683135
-2.10974523227
-2.10743860198
-2.10629422879
-2.10581186782
-2.10398326038
-2.10330367497
-2.09976449476
-2.09520357173
-2.09065032266
-2.07522495864
-2.07428645904
-2.07050859898
-2.06806013839
-2.06648872353
-2.06534266081
-2.06258951731
-2.06184291032
-2.05017640739
-2.04926246907
-2.04862733191
-2.04860449473
-2.04447027811
-2.04413217556
-2.04181579323
-2.03998478935
-2.03550306175
-2.03469905113
-2.03308105351
-2.02987444391
-2.02154528129
-2.01611032185
-2.01578480454
-2.01500149902
-2.0141823071
-2.01147759823
-1.99951990552
-1.9954840122
-1.99455210397
-1.99202094967
-1.98885763488
-1.98574875747
-1.98495056971
-1.98358692016
-1.9822205237
-1.98097307786
-1.97467096868
-1.97239883667
-1.97012774662
-1.96976888942
-1.96887918502
-1.96698876743
-1.96427400671
-1.96396659565
-1.96244449255
-1.96169727833
-1.95876211601
-1.95871822899
-1.94877340758
-1.94341729522
-1.94203283673
-1.92740937482
-1.92058294948
-1.91516808918
-1.91242000554
-1.90970621112
-1.90489249322
-1.90237174531
-1.90237174531
-1.90054225438
-1.90031648649
-1.89908070227
-1.89739654276
-1.89583846194
-1.89561681849
-1.89331629601
-1.89174640777
-1.8870752739
-1.87558086179
-1.87323249259
-1.87232871421
-1.86988665613
-1.8694764142
-1.86336794014
-1.86103340409
-1.85747482143
-1.85250633784
-1.85187439599
-1.85019684123
-1.84643070952
-1.84636763029
-1.84580148533
-1.84463896017
-1.8441845341
-1.8347565866
-1.83460601056
-1.83020637681
-1.82586434849
-1.82329450818
-1.82039883005
-1.81458870498
-1.80729072854
-1.80666678768
-1.80657471624
-1.8065023832
-1.80614201418
-1.80543930498
-1.80459561475
-1.80440271401
-1.80231539596
-1.8011391108
-1.79828270064
-1.79784198978
-1.79647174469
-1.79399310907
-1.79370493965
-1.79158405705
-1.7884130346
-1.78726770918
-1.77931264859
-1.7673772752
-1.76700190125
-1.75610694365
-1.7537849739
-1.74827613191
-1.74292488809
-1.74197800837
-1.74194422035
-1.739371358
-1.73617564661
-1.72996991259
-1.7297782746
-1.72941938055
-1.72733376561
-1.72357949269
-1.71800527623
-1.71447943044
-1.71086017813
-1.7087134752
-1.70262333344
-1.70199630751
-1.7017294353
-1.70082207199
-1.69832627328
-1.69261798004
-1.69232139329
-1.69165981488
-1.68325702249
-1.6789703602
-1.67094771704
-1.66216690213
-1.65875274199
-1.65522332094
-1.65459283419
-1.65357818899
-1.64974914866
-1.64083333262
-1.64024195826
-1.63588033953
-1.63557336877
-1.6329293757
-1.63099657335
-1.6208565324
-1.61790886045
-1.61615558252
-1.61588656402
-1.61565600997
-1.61298727761
-1.60216050153
-1.59714437588
-1.58808547357
-1.58593393218
-1.5854500911
-1.58066533986
-1.57998300536
-1.57891720883
-1.57646962584
-1.57606461923
-1.57588651872
-1.57328941634
-1.57252186578
-1.56773958598
-1.56590615885
-1.56136869961
-1.5574538191
-1.55518478905
-1.55277027714
-1.55108503377
-1.55028556479
-1.54684751434
-1.54480214609
-1.54229551137
-1.54149999834
-1.53326451093
-1.53273036754
-1.53036881313
-1.51867771837
-1.50893849553
-1.50676014188
-1.50291995316
-1.49859834171
-1.49570528012
-1.49178482838
-1.48120945758
-1.4797680784
-1.47879081304
-1.47802206445
-1.46764250322
-1.46638806866
-1.46546809219
-1.46208458615
-1.45944877376
-1.45519324531
-1.45336930251
-1.45084767429
-1.43990598637
-1.43348354682
-1.43205097924
-1.43053595835
-1.42929528355
-1.41609194571
-1.41580273992
-1.41473536556
-1.41364882263
-1.41092844872
-1.41008522768
-1.40804569294
-1.40679108213
-1.40126299586
-1.39999518127
-1.39817682292
-1.39797457068
-1.39285510145
-1.39271906926
-1.39053671305
-1.38771410033
-1.38490142098
-1.37483821543
-1.36452598398
-1.35827359966
-1.35536653253
-1.34749877549
-1.34734747936
-1.34035179762
-1.33800844537
-1.33394782864
-1.33235941176
-1.3313106957
-1.32689866277
-1.32656523242
-1.32587079134
-1.3219650596
-1.31971209653
-1.31740066019
-1.31382977432
-1.31369628384
-1.31136864144
-1.309155925
-1.30303432986
-1.30192392365
-1.30034673151
-1.30032773477
-1.29945521751
-1.29771090868
-1.29712086926
-1.29478093344
-1.27324472015
-1.27324472015
-1.26702422217
-1.25881181675
-1.25575104381
-1.25372859128
-1.25120046852
-1.24916702538
-1.23644051557
-1.2360300267
-1.23105809801
-1.23078895604
-1.22595436056
-1.22498837275
-1.22133333959
-1.20385897662
-1.20311218351
-1.19448122593
-1.19414628729
-1.19317033688
-1.18037270998
-1.18023954629
-1.17928751128
-1.17868920358
-1.17668039198
-1.17172055114
-1.17125483437
-1.16512123825
-1.16393090384
-1.16330305256
-1.16239792052
-1.15735739417
-1.15662588276
-1.15339907527
-1.1532542584
-1.15083848731
-1.14814680349
-1.1439547796
-1.12946035325
-1.12815183933
-1.12006219765
-1.11567994615
-1.1147534011
-1.11260171737
-1.09837859725
-1.09414967151
-1.08892118605
-1.08671702403
-1.08548282343
-1.08546055234
-1.08254647041
-1.07584972496
-1.07517438747
-1.07370905611
-1.07278656849
-1.07090914801
-1.0702349694
-1.06865824475
-1.06804007208
-1.06163379362
-1.05703258622
-1.05263493527
-1.04657669581
-1.04020286386
-1.03715520087
-1.03663024674
-1.03460023982
-1.03243838359
-1.0324113476
-1.02727433621
-1.02691079129
-1.02495255438
-1.02274418347
-1.02060636083
-1.01561253453
-1.01249133158
-1.01129562101
-1.00996767737
-1.0063089615
-0.996653890837
-0.995556216628
-0.994802210035
-0.994438830971
-0.994376436271
-0.993487200379
-0.989829366379
-0.985770232196
-0.9844580481
-0.979564428999
-0.979227896631
-0.977913443007
-0.972555102116
-0.96897430923
-0.948213821255
-0.934243062404
-0.928504875737
-0.927052349709
-0.924570698276
-0.918710575178
-0.914609578028
-0.909398681046
-0.905788755159
-0.90256985598
-0.896214868631
-0.894674733239
-0.890638546274
-0.884394130793
-0.881716720897
-0.879128615445
-0.878868556896
-0.87063649725
-0.869177857604
-0.86241051918
-0.837397013336
-0.836004231053
-0.834386430673
-0.826315908899
-0.818605138886
-0.812267887018
-0.810330031636
-0.809399171789
-0.800944418227
-0.800229211131
-0.785533077496
-0.784015099243
-0.783919177549
-0.780546405063
-0.775133190373
-0.75987854612
-0.753100557189
-0.74742727509
-0.746453024166
-0.74624799595
-0.740980139889
-0.734690053661
-0.732073830389
-0.730154665407
-0.723656161118
-0.723231559607
-0.719555940892
-0.717759323872
-0.716113129291
-0.706629178281
-0.704373447598
-0.70099035731
-0.700588346701
-0.696678946308
-0.691544378276
-0.690547799537
-0.686095303544
-0.683983030794
-0.680107356062
-0.67775076445
-0.674883791239
-0.671236153649
-0.670201142679
-0.668963290998
-0.666115491573
-0.660540552594
-0.659237528913
-0.659046298525
-0.64759286004
-0.632418542727
-0.628019988651
-0.627408787269
-0.624726852393
-0.621320155628
-0.607094857179
-0.606433557515
-0.604797505534
-0.596132943771
-0.595342586236
-0.592803594486
-0.592488665927
-0.590101073681
-0.583399418831
-0.577639521183
-0.572026211538
-0.571609372449
-0.570671465649
-0.557191984763
-0.556667529533
-0.55323610965
-0.541082172206
-0.530796263179
-0.522019369922
-0.522002725612
-0.515681849999
-0.510055195925
-0.499907568507
-0.49829349482
-0.498188995075
-0.49808183073
-0.498081830729
-0.498081830728
-0.497419887531
-0.489165257672
-0.480250049577
-0.477322030161
-0.466336956361
-0.463965462627
-0.462869019133
-0.461307869194
-0.456921749323
-0.455909694998
-0.452602071638
-0.447888408079
-0.437512900508
-0.437367681747
-0.437367681744
-0.437367681743
-0.437023788011
-0.435365748961
-0.433852392825
-0.428292952642
-0.427494836543
-0.415820978181
-0.410328954381
-0.410186679991
-0.408086338332
-0.407647229298
-0.406398544775
-0.402616225829
-0.396042039592
-0.393152497007
-0.388237424696
-0.387235692289
-0.382163491525
-0.381714577685
-0.373883149526
-0.372439326889
-0.364155832283
-0.359299098772
-0.357234959317
-0.354148087544
-0.3518970618
-0.351187793316
-0.346759420037
-0.340966466282
-0.340784255484
-0.336992390212
-0.329315407515
-0.327142103407
-0.325101033649
-0.324606336161
-0.314669525368
-0.313256174869
-0.310653253531
-0.309924655848
-0.298207235329
-0.298145745296
-0.296184813936
-0.295425337429
-0.294180032768
-0.291274447075
-0.290578583998
-0.289502155175
-0.289457734124
-0.286495984733
-0.282874389875
-0.277995182253
-0.277464014955
-0.272543266351
-0.271361231215
-0.257681708711
-0.255767786645
-0.255233347366
-0.253380311662
-0.249314211154
-0.242422973449
-0.242379287529
-0.241275270558
-0.240189391581
-0.238694011564
-0.23421133599
-0.226755965621
-0.225859844274
-0.223149313802
-0.217740836819
-0.215416683112
-0.214665286621
-0.213178810564
-0.212951567491
-0.208517832503
-0.205075875721
-0.200629456873
-0.197785014211
-0.196748409173
-0.195101552392
-0.191239846524
-0.187622946841
-0.18698990521
-0.18614207348
-0.18253512816
-0.181799128333
-0.174898858825
-0.172624885814
-0.172392578856
-0.170930608539
-0.169962064943
-0.162984939952
-0.159223208916
-0.157757278448
-0.150550545543
-0.150491242308
-0.147483905412
-0.144740947177
-0.134212946868
-0.131604735172
-0.128400785326
-0.128114279136
-0.126534928405
-0.124711516016
-0.123205117233
-0.120209352876
-0.119734140659
-0.118480834021
-0.118147676742
-0.115313524276
-0.108800509339
-0.106776575267
-0.101641107358
-0.101312413646
-0.0995121318343
-0.0956804381212
-0.0942941150499
-0.0935812456095
-0.0915050072878
-0.0901211358439
-0.085886092215
-0.0840213895225
-0.0837564569805
-0.0815303031037
-0.0780158380285
-0.0769810600573
-0.0767349581535
-0.0740641092759
-0.0687240279045
-0.0687233593746
-0.0661818304355
-0.0639876677061
-0.0587969041353
-0.0580089769387
-0.0573144880057
-0.0562540683144
-0.0558904024337
-0.0537854093655
-0.0513690462945
-0.0503587099603
-0.0450953884236
-0.0423600120837
-0.0414926140085
-0.0414244016825
-0.0388593255763
-0.0380658887315
-0.0373033205049
-0.036032756302
-0.0348859870309
-0.0341501569128
-0.0331023058342
-0.0321665713122
-0.0301277104396
-0.0299094594473
-0.0291794691656
-0.0249909389844
-0.0237005549856
-0.0223468468158
-0.0199779013548
-0.0172321115375
-0.00930325239305
-0.0086495272884
-0.00681984505405
-0.00508585279703
-0.00246803534918
-4.79501963309e-16
-4.73132275546e-16
-4.73078065437e-16
-4.73023855328e-16
-2.84508202587e-16
-2.76051425642e-16
-2.56928809825e-16
-2.50884382713e-16
-2.45937710301e-16
-2.39012368924e-16
-2.38578688055e-16
-2.38361847621e-16
-2.21516056366e-16
-2.12693361187e-16
-1.76602981371e-16
-1.51191992953e-16
-1.44605464755e-16
-1.43710997963e-16
-1.30321101133e-16
-1.17852776149e-16
-8.73460375209e-17
-4.54687286086e-17
-2.79182059415e-17
-2.07353665488e-18
-1.88380127469e-18
-1.72117094882e-18
-1.70761842166e-18
-1.70761842166e-18
-1.65340831304e-18
-1.62630325873e-18
-1.59919820442e-18
-1.49077798717e-18
-1.49077798717e-18
-1.46367293286e-18
-1.4501204057e-18
-1.43656787854e-18
-1.35525271561e-18
-1.34170018845e-18
-1.34170018845e-18
-1.32814766129e-18
-1.30104260698e-18
-1.24683249836e-18
-1.2332799712e-18
-1.21972744405e-18
-1.19262238973e-18
-1.13841228111e-18
-1.08420217249e-18
-1.08420217249e-18
-1.02999206386e-18
-1.02999206386e-18
-1.02999206386e-18
-1.01643953671e-18
-9.89334482393e-19
-9.89334482393e-19
-9.89334482393e-19
-9.75781955237e-19
-9.75781955237e-19
-9.75781955237e-19
-9.75781955237e-19
-9.62229428081e-19
-9.62229428081e-19
-9.62229428081e-19
-9.62229428081e-19
-9.62229428081e-19
-9.21571846613e-19
-9.21571846613e-19
-9.21571846613e-19
-9.21571846613e-19
-9.08019319457e-19
-9.08019319457e-19
-8.80914265144e-19
-8.67361737988e-19
-8.67361737988e-19
-8.53809210832e-19
-8.53809210832e-19
-8.2670415652e-19
-8.2670415652e-19
-8.13151629364e-19
-8.13151629364e-19
-8.13151629364e-19
-8.13151629364e-19
-7.99599102208e-19
-7.72494047896e-19
-7.72494047896e-19
-7.72494047896e-19
-7.45388993584e-19
-7.45388993584e-19
-7.45388993584e-19
-7.45388993584e-19
-7.45388993584e-19
-7.18283939272e-19
-7.04731412116e-19
-7.04731412116e-19
-7.04731412116e-19
-7.04731412116e-19
-6.9117888496e-19
-6.9117888496e-19
-6.9117888496e-19
-6.64073830647e-19
-6.64073830647e-19
-6.64073830647e-19
-6.64073830647e-19
-6.50521303491e-19
-6.50521303491e-19
-6.50521303491e-19
-6.50521303491e-19
-6.50521303491e-19
-6.50521303491e-19
-6.50521303491e-19
-6.50521303491e-19
-6.36968776335e-19
-6.36968776335e-19
-6.09863722023e-19
-6.09863722023e-19
-6.09863722023e-19
-5.96311194867e-19
-5.96311194867e-19
-5.96311194867e-19
-5.82758667711e-19
-5.82758667711e-19
-5.55653613399e-19
-5.55653613399e-19
-5.55653613399e-19
-5.55653613399e-19
-5.55653613399e-19
-5.42101086243e-19
-5.42101086243e-19
-5.42101086243e-19
-5.28548559087e-19
-5.28548559087e-19
-5.28548559087e-19
-5.28548559087e-19
-5.28548559087e-19
-5.01443504775e-19
-5.01443504775e-19
-5.01443504775e-19
-5.01443504775e-19
-5.01443504775e-19
-4.87890977618e-19
-4.87890977618e-19
-4.87890977618e-19
-4.87890977618e-19
-4.74338450462e-19
-4.74338450462e-19
-4.74338450462e-19
-4.4723339615e-19
-4.4723339615e-19
-4.4723339615e-19
-4.4723339615e-19
-4.4723339615e-19
-4.4723339615e-19
-4.33680868994e-19
-4.33680868994e-19
-4.20128341838e-19
-4.20128341838e-19
-4.20128341838e-19
-4.20128341838e-19
-4.20128341838e-19
-4.20128341838e-19
-3.93023287526e-19
-3.93023287526e-19
-3.93023287526e-19
-3.93023287526e-19
-3.93023287526e-19
-3.7947076037e-19
-3.7947076037e-19
-3.7947076037e-19
-3.7947076037e-19
-3.7947076037e-19
-3.52365706058e-19
-3.52365706058e-19
-3.52365706058e-19
-3.52365706058e-19
-3.52365706058e-19
-3.52365706058e-19
-3.38813178902e-19
-3.38813178902e-19
-3.38813178902e-19
-3.38813178902e-19
-3.38813178902e-19
-3.38813178902e-19
-3.38813178902e-19
-3.25260651746e-19
-3.25260651746e-19
-3.25260651746e-19
-3.25260651746e-19
-3.25260651746e-19
-3.25260651746e-19
-3.25260651746e-19
-2.98155597434e-19
-2.98155597434e-19
-2.98155597434e-19
-2.98155597434e-19
-2.98155597434e-19
-2.98155597434e-19
-2.98155597434e-19
-2.98155597434e-19
-2.98155597434e-19
-2.98155597434e-19
-2.98155597434e-19
-2.84603070277e-19
-2.84603070277e-19
-2.84603070277e-19
-2.84603070277e-19
-2.84603070277e-19
-2.71050543121e-19
-2.71050543121e-19
-2.71050543121e-19
-2.71050543121e-19
-2.71050543121e-19
-2.71050543121e-19
-2.71050543121e-19
-2.43945488809e-19
-2.43945488809e-19
-2.43945488809e-19
-2.43945488809e-19
-2.43945488809e-19
-2.43945488809e-19
-2.43945488809e-19
-2.43945488809e-19
-2.30392961653e-19
-2.30392961653e-19
-2.30392961653e-19
-2.30392961653e-19
-2.30392961653e-19
-2.30392961653e-19
-2.30392961653e-19
-2.30392961653e-19
-2.30392961653e-19
-2.16840434497e-19
-2.16840434497e-19
-2.16840434497e-19
-2.16840434497e-19
-2.16840434497e-19
-2.16840434497e-19
-2.16840434497e-19
-2.16840434497e-19
-1.89735380185e-19
-1.89735380185e-19
-1.89735380185e-19
-1.89735380185e-19
-1.89735380185e-19
-1.89735380185e-19
-1.89735380185e-19
-1.89735380185e-19
-1.89735380185e-19
-1.76182853029e-19
-1.76182853029e-19
-1.76182853029e-19
-1.76182853029e-19
-1.76182853029e-19
-1.76182853029e-19
-1.76182853029e-19
-1.62630325873e-19
-1.62630325873e-19
-1.62630325873e-19
-1.62630325873e-19
-1.35525271561e-19
-1.35525271561e-19
-1.35525271561e-19
-1.35525271561e-19
-1.35525271561e-19
-1.35525271561e-19
-1.21972744405e-19
-1.21972744405e-19
-1.21972744405e-19
-1.21972744405e-19
-1.21972744405e-19
-1.08420217249e-19
-1.08420217249e-19
-1.08420217249e-19
-1.08420217249e-19
-1.08420217249e-19
-1.08420217249e-19
-8.13151629364e-20
-8.13151629364e-20
-8.13151629364e-20
-8.13151629364e-20
-8.13151629364e-20
-8.13151629364e-20
-8.13151629364e-20
-6.77626357803e-20
-6.77626357803e-20
-6.77626357803e-20
-6.77626357803e-20
-6.77626357803e-20
-6.77626357803e-20
-6.77626357803e-20
-5.42101086243e-20
-5.42101086243e-20
-5.42101086243e-20
-5.42101086243e-20
-5.42101086243e-20
-2.71050543121e-20
-2.71050543121e-20
-2.71050543121e-20
-2.71050543121e-20
-2.71050543121e-20
-1.35525271561e-20
-1.35525271561e-20
-1.35525271561e-20
-1.35525271561e-20
-1.35525271561e-20
-1.35525271561e-20
-1.35525271561e-20
-1.35525271561e-20
-1.35525271561e-20
-1.35525271561e-20
-1.35525271561e-20
-1.35525271561e-20
0.0
0.0
0.0
0.0
0.0
0.0
0.0
0.0
0.0
0.0
2.71050543121e-20
2.71050543121e-20
2.71050543121e-20
2.71050543121e-20
2.71050543121e-20
2.71050543121e-20
4.06575814682e-20
4.06575814682e-20
4.06575814682e-20
4.06575814682e-20
4.06575814682e-20
4.06575814682e-20
4.06575814682e-20
4.06575814682e-20
4.06575814682e-20
5.42101086243e-20
5.42101086243e-20
5.42101086243e-20
5.42101086243e-20
5.42101086243e-20
5.42101086243e-20
5.42101086243e-20
5.42101086243e-20
5.42101086243e-20
8.13151629364e-20
8.13151629364e-20
8.13151629364e-20
8.13151629364e-20
8.13151629364e-20
9.48676900925e-20
9.48676900925e-20
9.48676900925e-20
9.48676900925e-20
9.48676900925e-20
9.48676900925e-20
9.48676900925e-20
9.48676900925e-20
1.08420217249e-19
1.08420217249e-19
1.08420217249e-19
1.08420217249e-19
1.08420217249e-19
1.08420217249e-19
1.35525271561e-19
1.35525271561e-19
1.35525271561e-19
1.35525271561e-19
1.35525271561e-19
1.35525271561e-19
1.35525271561e-19
1.35525271561e-19
1.35525271561e-19
1.35525271561e-19
1.35525271561e-19
1.35525271561e-19
1.49077798717e-19
1.49077798717e-19
1.49077798717e-19
1.49077798717e-19
1.49077798717e-19
1.49077798717e-19
1.49077798717e-19
1.49077798717e-19
1.49077798717e-19
1.62630325873e-19
1.62630325873e-19
1.62630325873e-19
1.62630325873e-19
1.62630325873e-19
1.62630325873e-19
1.89735380185e-19
1.89735380185e-19
1.89735380185e-19
1.89735380185e-19
1.89735380185e-19
1.89735380185e-19
2.03287907341e-19
2.03287907341e-19
2.03287907341e-19
2.03287907341e-19
2.03287907341e-19
2.03287907341e-19
2.03287907341e-19
2.03287907341e-19
2.16840434497e-19
2.16840434497e-19
2.43945488809e-19
2.43945488809e-19
2.43945488809e-19
2.43945488809e-19
2.43945488809e-19
2.43945488809e-19
2.43945488809e-19
2.57498015965e-19
2.57498015965e-19
2.57498015965e-19
2.57498015965e-19
2.71050543121e-19
2.98155597434e-19
2.98155597434e-19
2.98155597434e-19
2.98155597434e-19
2.98155597434e-19
2.98155597434e-19
3.1170812459e-19
3.1170812459e-19
3.1170812459e-19
3.38813178902e-19
3.38813178902e-19
3.38813178902e-19
3.38813178902e-19
3.52365706058e-19
3.52365706058e-19
3.52365706058e-19
3.52365706058e-19
3.52365706058e-19
3.52365706058e-19
3.52365706058e-19
3.52365706058e-19
3.52365706058e-19
3.52365706058e-19
3.65918233214e-19
3.65918233214e-19
3.65918233214e-19
3.65918233214e-19
3.65918233214e-19
3.65918233214e-19
3.65918233214e-19
3.93023287526e-19
3.93023287526e-19
3.93023287526e-19
3.93023287526e-19
3.93023287526e-19
3.93023287526e-19
4.06575814682e-19
4.06575814682e-19
4.06575814682e-19
4.06575814682e-19
4.20128341838e-19
4.20128341838e-19
4.20128341838e-19
4.20128341838e-19
4.20128341838e-19
4.20128341838e-19
4.20128341838e-19
4.60785923306e-19
4.60785923306e-19
4.60785923306e-19
4.60785923306e-19
4.60785923306e-19
4.60785923306e-19
4.60785923306e-19
4.74338450462e-19
4.74338450462e-19
4.74338450462e-19
4.74338450462e-19
4.74338450462e-19
5.01443504775e-19
5.01443504775e-19
5.01443504775e-19
5.01443504775e-19
5.01443504775e-19
5.01443504775e-19
5.01443504775e-19
5.01443504775e-19
5.01443504775e-19
5.14996031931e-19
5.14996031931e-19
5.14996031931e-19
5.14996031931e-19
5.14996031931e-19
5.14996031931e-19
5.14996031931e-19
5.14996031931e-19
5.14996031931e-19
5.28548559087e-19
5.28548559087e-19
5.28548559087e-19
5.28548559087e-19
5.28548559087e-19
5.28548559087e-19
5.55653613399e-19
5.69206140555e-19
5.69206140555e-19
5.69206140555e-19
5.69206140555e-19
5.69206140555e-19
5.69206140555e-19
5.82758667711e-19
5.82758667711e-19
5.82758667711e-19
5.82758667711e-19
5.82758667711e-19
5.82758667711e-19
5.82758667711e-19
5.82758667711e-19
6.09863722023e-19
6.09863722023e-19
6.09863722023e-19
6.09863722023e-19
6.09863722023e-19
6.23416249179e-19
6.23416249179e-19
6.23416249179e-19
6.23416249179e-19
6.23416249179e-19
6.36968776335e-19
6.36968776335e-19
6.64073830647e-19
6.64073830647e-19
6.64073830647e-19
6.64073830647e-19
6.64073830647e-19
6.77626357803e-19
7.18283939272e-19
7.18283939272e-19
7.31836466428e-19
7.31836466428e-19
7.45388993584e-19
7.45388993584e-19
7.45388993584e-19
7.72494047896e-19
7.72494047896e-19
7.72494047896e-19
7.86046575052e-19
7.86046575052e-19
7.86046575052e-19
7.99599102208e-19
7.99599102208e-19
7.99599102208e-19
7.99599102208e-19
8.2670415652e-19
8.2670415652e-19
8.2670415652e-19
8.2670415652e-19
8.40256683676e-19
8.40256683676e-19
8.40256683676e-19
8.40256683676e-19
8.53809210832e-19
8.53809210832e-19
8.53809210832e-19
8.80914265144e-19
8.80914265144e-19
8.80914265144e-19
8.80914265144e-19
8.80914265144e-19
8.94466792301e-19
8.94466792301e-19
8.94466792301e-19
9.08019319457e-19
9.08019319457e-19
9.35124373769e-19
9.35124373769e-19
9.35124373769e-19
9.35124373769e-19
9.48676900925e-19
9.62229428081e-19
9.62229428081e-19
9.62229428081e-19
9.89334482393e-19
9.89334482393e-19
9.89334482393e-19
1.00288700955e-18
1.00288700955e-18
1.00288700955e-18
1.02999206386e-18
1.04354459102e-18
1.04354459102e-18
1.05709711817e-18
1.05709711817e-18
1.08420217249e-18
1.09775469964e-18
1.1113072268e-18
1.13841228111e-18
1.13841228111e-18
1.15196480827e-18
1.16551733542e-18
1.19262238973e-18
1.20617491689e-18
1.21972744405e-18
1.21972744405e-18
1.27393755267e-18
1.31459513414e-18
1.32814766129e-18
1.35525271561e-18
1.35525271561e-18
1.36880524276e-18
1.38235776992e-18
1.40946282423e-18
1.42301535139e-18
1.42301535139e-18
1.43656787854e-18
1.49077798717e-18
1.49077798717e-18
1.54498809579e-18
1.63985578588e-18
1.69406589451e-18
2.01932654625e-18
6.51876556207e-18
1.60597446799e-17
1.85940672581e-17
2.92192485485e-17
2.99646375421e-17
4.29344060304e-17
7.65853309589e-17
8.7440905211e-17
9.02869359137e-17
9.83913471531e-17
1.17635935715e-16
1.33953178411e-16
1.74353261863e-16
1.78635860444e-16
2.14414532136e-16
2.55316059093e-16
4.22825294742e-16
0.000921152140456
0.00196120059502
0.00481264668754
0.00693581942039
0.0109665467823
0.0112297422346
0.0118605832921
0.0135109423079
0.0146773291744
0.0177314764079
0.0282767404627
0.0291635213044
0.033220484611
0.0332587680177
0.0344163051659
0.0366310059018
0.0397862697642
0.0447729264541
0.0474767040871
0.0508005839877
0.0527793399842
0.0542248502057
0.0646423009253
0.0763285617346
0.0920228756091
0.094428306444
0.0971468210265
0.0989430796745
0.10337669752
0.114063553651
0.119734140659
0.136247603883
0.139477026804
0.143034368985
0.143577420446
0.144136271558
0.155538662178
0.161400467613
0.161825729741
0.162429777725
0.168294333286
0.180474174159
0.186142073479
0.187188410777
0.190776867163
0.195274554789
0.200059753125
0.20286981178
0.203602913553
0.20528642351
0.205697030307
0.207579611853
0.213609992357
0.216564649285
0.216919859969
0.217740836819
0.218816060466
0.223099818153
0.232529819191
0.245946657667
0.247103293676
0.247633634891
0.268281360019
0.269547307225
0.274969422108
0.277531108208
0.279780655779
0.283619389297
0.286603597853
0.290344101573
0.291179619617
0.305697316892
0.322420227041
0.329315407515
0.333634655583
0.339961262783
0.342116525798
0.344916821704
0.345486391867
0.353608685022
0.353648428568
0.355143082356
0.358113972352
0.359299098771
0.364893826846
0.36615351444
0.369866665991
0.371064580932
0.371913459633
0.373883149525
0.375813685577
0.376609480428
0.379682189895
0.381714577687
0.383179034518
0.389460331821
0.404595464201
0.417101491429
0.419564639233
0.421291300283
0.426489462264
0.427494836544
0.428655564585
0.43744517953
0.449647932001
0.453525354082
0.456825100543
0.456988012051
0.461307869191
0.465789125973
0.481247006089
0.491609291589
0.49160929159
0.491609291592
0.495662339968
0.498536194457
0.500659196713
0.517214424475
0.528048908027
0.53279488692
0.541082172209
0.554150612464
0.555500023593
0.555695459255
0.556667529535
0.560563071314
0.560659696043
0.564783098991
0.567917387307
0.57393210516
0.576991069885
0.578113940535
0.580558298102
0.582405179014
0.588747734529
0.591960526719
0.592488665928
0.592803594488
0.593058940629
0.595342586236
0.595810029608
0.596618362098
0.603957264032
0.604797505534
0.611054782555
0.611984584932
0.624726852391
0.62636393789
0.627408787268
0.628019988648
0.635907714714
0.63705588165
0.645449089094
0.65503229989
0.659046298531
0.666390727714
0.669162870397
0.670551618493
0.671236153649
0.671364024298
0.67221796966
0.674883791238
0.688220364946
0.690547799533
0.691244694925
0.705810738496
0.707619136307
0.717759323877
0.730154665403
0.740845430932
0.747427275084
0.763231606703
0.764981201131
0.765919963826
0.771309003302
0.780642440325
0.781781040488
0.783919177551
0.784015099244
0.800944418225
0.804259730398
0.808859177147
0.810330031644
0.816500283366
0.818605138877
0.82067151345
0.826730339859
0.828334707513
0.835118026539
0.838013659802
0.862410519186
0.86634787007
0.87118444629
0.876240592731
0.878454954455
0.879128615442
0.880764493291
0.881716720905
0.882026397398
0.883790224095
0.8843941308
0.885185457408
0.890638546272
0.902569855985
0.910712749996
0.91278002987
0.914609578037
0.918136738828
0.924570698272
0.926339176727
0.927052349724
0.930464955826
0.93424306241
0.934290622289
0.948091017908
0.949909044413
0.962577185768
0.975729412103
0.985770232194
0.98786048824
0.989829366375
0.994438830977
1.00471601101
1.00638756036
1.00752550616
1.01129562102
1.01249133159
1.01561253453
1.01568707464
1.01785224205
1.01799322311
1.02274418347
1.02497922082
1.02691079129
1.02726227722
1.02727433621
1.0324113476
1.03460023983
1.03675029203
1.04657669581
1.05263493527
1.06046365754
1.06282347077
1.06685233519
1.06909231284
1.07517438747
1.07569981433
1.08135583733
1.08254647041
1.08671702403
1.08690325226
1.08892118605
1.09815096999
1.09961136232
1.11260171736
1.11874637526
1.11916022047
1.12122891784
1.12244221776
1.12252894273
1.12445988698
1.12715245938
1.14703820309
1.15083848731
1.15146691085
1.15339907527
1.15623925433
1.15735739417
1.15983358874
1.16239792051
1.16393090383
1.16496585839
1.16865770279
1.17193713223
1.17335277262
1.1776542008
1.18222619847
1.1825918092
1.18842934022
1.19414628728
1.19420757237
1.19545521901
1.20311218351
1.20385897662
1.21203107586
1.21539552098
1.22595436056
1.22640713522
1.23078895604
1.23143858629
1.24442905174
1.24947226684
1.26329898942
1.2662007758
1.26933271839
1.2826070381
1.28279051291
1.29162370506
1.29679097126
1.29941299581
1.29945521752
1.30032773477
1.30303432985
1.30549195472
1.31069987272
1.31369628384
1.31971209653
1.3219650596
1.32761006249
1.33394782865
1.34734747938
1.34749877549
1.36189659834
1.36423658647
1.37483821542
1.38026303292
1.38771410034
1.38825078329
1.40622483315
1.40679108214
1.41092844873
1.41364882264
1.41580273992
1.415895111
1.41609194572
1.42308396479
1.43053595836
1.43507333371
1.45084767429
1.46208458616
1.47802206445
1.48224734332
1.4877563465
1.48942870666
1.50234383939
1.50369026201
1.50661460965
1.50893849551
1.50980867698
1.50980867698
1.50980867699
1.51579587199
1.51867771838
1.52760863004
1.53273036755
1.54684751435
1.57606461922
1.57797720618
1.58066533987
1.58808547355
1.58841718586
1.59714437588
1.60570741428
1.60587593606
1.60963632428
1.61440997012
1.61565600996
1.61588656403
1.6208565324
1.62455295884
1.63292937569
1.63557336877
1.64020279063
1.64453587942
1.64969912423
1.6532689152
1.65522332093
1.66216690215
1.66288451984
1.6789703602
1.68039244426
1.68160364581
1.69951436019
1.70082207199
1.7087134752
1.71066760194
1.71447943044
1.71800527624
1.72357949268
1.72595712521
1.7273337656
1.73617564661
1.73964205281
1.74346501034
1.74444792867
1.74827613191
1.75118094561
1.75610694365
1.7637918721
1.76737727521
1.77344519495
1.77454405111
1.77601625065
1.77890898304
1.78501586327
1.78578265614
1.78841303461
1.78853677237
1.78937288004
1.79242152095
1.79370493966
1.79632871698
1.7976809885
1.79828270064
1.80361741559
1.80440271401
1.80543930498
1.80557152795
1.80614201418
1.80636768825
1.80729072854
1.80766360319
1.81244680753
1.81458870497
1.81906830554
1.81966373812
1.82072546349
1.82128425463
1.82148225897
1.82207135056
1.82293667254
1.82586434848
1.83092844273
1.83123442206
1.83161095967
1.83256585778
1.83460601056
1.83482094032
1.83522521126
1.83789589156
1.8420149937
1.84370051217
1.84418453411
1.84882690569
1.84928906931
1.85188993331
1.85747482144
1.859186508
1.86049591601
1.86355180214
1.86988665614
1.87247527965
1.87323249259
1.88076305079
1.88164296729
1.89331629602
1.89561681849
1.89822227645
1.90054225438
1.90180896884
1.9018226509
1.90237174531
1.90237174532
1.90341322665
1.91175668749
1.91434722245
1.91434722246
1.91829849263
1.9196883182
1.92017473896
1.92037669165
1.92058294949
1.92675984694
1.92681138632
1.92981676598
1.93004144597
1.93254899145
1.93685985521
1.93875019673
1.93918607242
1.9405941802
1.9417739169
1.9418827498
1.94341729523
1.94372816581
1.94640510254
1.95090466435
1.95125815035
1.95620306982
1.95625904808
1.95657074152
1.96521805935
1.97363771863
1.97455013428
1.97612642131
1.97640468926
1.97943502582
1.98076471242
1.98097307786
1.98160208884
1.9856238831
1.98688806273
1.98688995279
1.98815355326
1.98953283719
1.98957392677
1.9898089072
1.99184962795
1.99293202302
1.99537182532
1.99951990552
2.00175757661
2.00376879867
2.0051321267
2.00529998215
2.0062174879
2.00671736959
2.00703739352
2.00756543322
2.00770578508
2.01034465105
2.01059372754
2.01418230711
2.01611032187
2.01616002657
2.02002229605
2.02155587253
2.02385446305
2.03078058983
2.03404237485
2.03550306175
2.04087762975
2.0444344247
2.04693012828
2.04862733191
2.04885237742
2.04923645786
2.05569207174
2.05618818347
2.05639151277
2.05650824546
2.05879382857
2.05917047318
2.05918785002
2.06166919114
2.06393978834
2.06425010452
2.06548287706
2.06806013839
2.06988372847
2.07579099204
2.07687761898
2.07799594077
2.08490735053
2.08574108443
2.08726975482
2.0876433022
2.0899083795
2.09356027778
2.09411671303
2.09494064832
2.09807527416
2.09889078487
2.10581186782
2.10743860198
2.10781416698
2.10974523227
2.11142683135
2.11317176962
2.11524207682
2.1161415614
2.11614156141
2.11826112228
2.12173165379
2.12685112781
2.12772270036
2.12998349374
2.1313760715
2.13171839733
2.13171839733
2.13171839734
2.13858379227
2.1396091084
2.14306983711
2.1446373697
2.14480268681
2.14669118588
2.14957905637
2.15058066658
2.15996538896
2.16178590229
2.17358242887
2.17624360948
2.17835800987
2.18243281197
2.18374996771
2.18932567953
2.19057811104
2.20022173103
2.20094397566
2.20253272796
2.20582089715
2.20809919772
2.21778342495
2.22518363751
2.23226791266
2.24336681154
2.24540822322
2.24916422702
2.25395641627
2.25520970051
2.25665807617
2.2570855982
2.27133671204
2.27133671205
2.27133671205
2.27133671206
2.27133671206
2.29630920324
2.30386878268
2.30527844907
2.3102376976
2.31776979573
2.32545525441
2.33357197031
2.33396505212
2.33853229016
2.33887217601
2.34331164829
2.34567259649
2.3497096725
2.35424638132
2.35680053288
2.35767370738
2.35959251903
2.35981017778
2.36819561136
2.37165239236
2.37172646011
2.37448873998
2.37517930752
2.37596258641
2.37753662984
2.37880136506
2.37907128415
2.37935129675
2.3826692453
2.39071258501
2.39390992467
2.39497093675
2.39586826596
2.39675352646
2.39752475652
2.40029120473
2.4140057872
2.41765153799
2.42779620153
2.42898169678
2.43002525182
2.44288542199
2.44313029639
2.44405856959
2.44849283427
2.45409649471
2.46043815319
2.46253579179
2.47162708512
2.47162708513
2.47162708513
2.4726594834
2.48503647045
2.48988066816
2.4927426182
2.49591475505
2.50946283584
2.52853112684
2.53419597462
2.5421890586
2.55309077486
2.55337492475
2.56459476739
2.56588096299
2.56641772214
2.57125461252
2.57170607737
2.59335189863
2.59942734923
2.60117050158
2.60218637882
2.60265256062
2.60271457037
2.60307685127
2.6044028803
2.60461243321
2.60551771858
2.60687689683
2.60799883172
2.60816412926
2.60985118799
2.61153460979
2.61340560596
2.61382640602
2.61662955991
2.62476696794
2.62650181292
2.62846449168
2.6288713786
2.6300215171
2.64056810175
2.64196506062
2.6425665602
2.64420034431
2.64422909052
2.64744794453
2.65019765234
2.65117807835
2.65200290339
2.66093824503
2.67012768573
2.67267031478
2.67294697304
2.67592287223
2.68001509265
2.68408955792
2.68641305734
2.68945598212
2.69962687265
2.70988245004
2.72773373526
2.72807500171
2.73060726785
2.74040518943
2.74204953488
2.74830989841
2.75565940689
2.75663537089
2.75955108691
2.75958435521
2.76701786854
2.76878962279
2.76985372933
2.76993151278
2.7751291901
2.78858128154
2.80071227283
2.80404443961
2.81279976457
2.81279976457
2.81279976457
2.81279976457
2.82013506924
2.82971421913
2.83786952701
2.83928513862
2.85175117301
2.85791180035
2.85793249634
2.86065979182
2.86310590334
2.86388045025
2.87639688429
2.88072238172
2.88355497565
2.88424345466
2.90802055029
2.92592256074
2.92592256074
2.92592256074
2.92592256074
2.92592256074
2.92592256074
2.92592256074
2.92592256074
2.92592256074
2.92592256074
2.92592256074
2.92592256074
2.92592256074
2.92592256074
2.92592256074
2.92592256074
2.92592256074
2.92592256074
2.92592256074
2.92592256074
2.92592256074
2.92900989677
2.93088729118
2.93177946824
2.93277436668
2.9404291452
2.94840287127
2.95440537419
2.9614479297
2.96744583436
2.9918186651
2.99555525735
3.0069991723
3.01448087658
3.0184612455
3.02816340818
3.03735673149
3.05901305161
3.07502802827
3.08117594191
3.08197209035
3.08220466179
3.10221743644
3.10680987182
3.11184163281
3.11274857226
3.11409980924
3.12685586451
3.14288072697
3.16271714919
3.16536972432
3.16831542603
3.16946794244
3.18229326603
3.18913225926
3.18975832599
3.20112908613
3.20324555602
3.20350136648
3.20927429101
3.21200088173
3.2138117084
3.23128117825
3.24551861293
3.24838131645
3.2492670926
3.25205196745
3.25292029269
3.25599449506
3.25899123703
3.26736722165
3.27816422747
3.29054497449
3.29169389877
3.2997358761
3.30423300812
3.32530945233
3.32530945233
3.32530945233
3.34778167294
3.36556806297
3.37011401383
3.37097733667
3.37363368557
3.37396089182
3.40581975373
3.41010584047
3.42071147432
3.4223240801
3.43369590096
3.43545309554
3.43789491049
3.44397517839
3.47240383408
3.47398721802
3.48118228271
3.48141248027
3.49305497664
3.50164280651
3.50309252683
3.5064478844
3.50944152031
3.54722719818
3.54832483554
3.59493302411
3.59908953702
3.67509999999
3.6751
3.6751
3.6751
3.6751
3.6751
3.6751
3.6751
3.6751
3.6751
3.6751
3.6751
3.6751
3.6751
3.6751
3.6751
3.6751
3.6751
3.6751
3.6751
3.6751
3.6751
3.6751
3.6751
3.6751
3.6751
3.6751
3.6751
3.6751
3.6751
3.6751
3.6751
3.6751
3.6751
3.6751
3.6751
3.6751
3.6751
3.6751
3.6751
3.6751
3.6751
3.6751
3.6751
3.6751
3.6751
3.6751
3.6751
3.6751
3.6751
3.6751
3.6751
3.6751
3.6751
3.6751
3.6751
3.6751
3.6751
3.6751
3.6751
3.6751
3.6751
3.6751
3.6751
3.6751
3.6751
3.6751
3.6751
3.6751
3.6751
3.6751
3.6751
3.6751
3.6751
3.6751
3.6751
3.6751
3.6751
3.6751
3.6751
3.6751
3.6751
3.6751
3.6751
3.6751
3.6751
3.6751
3.6751
3.6751
3.6751
3.6751
3.6751
3.6751
3.6751
3.6751
3.6751
3.6751
3.6751
3.6751
3.6751
3.6751
3.6751
3.6751
3.6751
3.6751
3.6751
3.6751
3.6751
3.6751
3.6751
3.6751
3.6751
3.6751
3.6751
3.6751
3.6751
3.6751
3.6751
3.6751
3.6751
3.6751
3.6751
3.6751
3.6751
3.6751
3.6751
3.6751
3.6751
3.6751
3.6751
3.6751
3.6751
3.6751
3.6751
3.6751
3.6751
3.6751
3.6751
3.6751
3.6751
3.6751
3.6751
3.6751
3.6751
3.6751
3.6751
3.6751
3.6751
3.6751
3.6751
3.6751
3.6751
3.6751
3.6751
3.6751
3.6751
3.6751
3.6751
3.6751
3.6751
3.67510000001
3.77279336016
3.80753301835
3.81034965424
3.81421837434
3.82670702749
3.83477945709
3.85289821474
3.85797934635
3.86542718908
3.87687101553
3.8898333895
3.89376328028
3.90240735289
3.90657516054
3.90787979318
3.92355975919
3.92860404855
3.94878100179
3.94979108953
3.95451894549
3.955692583
3.95620011387
3.95860993288
3.96344062003
3.96421347318
3.96446294875
3.97885684893
3.99091010078
3.99123939718
4.00106399997
4.00173176893
4.02664161123
4.03352237977
4.04662654369
4.07208455065
4.07907736029
4.08446423689
4.08622995791
4.08708984383
4.09687567995
4.11958197574
4.12567636517
4.12585373675
4.13042656756
4.13603425224
4.15854937903
4.16190857629
4.16272545226
4.16319125685
4.16586619656
4.17109681833
4.17195376093
4.18153719577
4.1910350432
4.19621134934
4.20256333978
4.21246352759
4.21465738888
4.21868399649
4.23108794769
4.23205713648
4.23924650388
4.24528970107
4.24685194203
4.24701513435
4.25431448229
4.26656759949
4.28154647076
4.28235872693
4.28694116854
4.28940984676
4.29021930888
4.29360563434
4.31311774822
4.3203391614
4.3203391614
4.3203391614
4.32119365144
4.32390303773
4.32392890226
4.32951540434
4.33266200313
4.33752024719
4.34577266506
4.36083111329
4.36242243289
4.36589261726
4.36895468089
4.37614486895
4.38676661286
4.389158773
4.40232811338
4.40504228316
4.40740490946
4.41075692038
4.42426340929
4.42547059975
4.42603184198
4.4286827707
4.43120090524
4.46368502741
4.46619543109
4.47462731859
4.4781710275
4.47998680652
4.48033713227
4.48584731515
4.48678040703
4.49203719543
4.49621811764
4.49826665675
4.50277442069
4.50508274584
4.5149185342
4.51599613816
4.51931145476
4.52132208433
4.52930890372
4.56206989323
4.57379801421
4.58277474162
4.59557140717
4.59717285182
4.60437641378
4.609285912
4.61020701244
4.61476080012
4.62798039382
4.63235164567
4.63259349547
4.63965256896
4.64021981634
4.64033635301
4.64113504569
4.65959445672
4.66671229476
4.66810931947
4.67370747019
4.67379096196
4.67612822337
4.67740820636
4.67744143948
4.68804261179
4.70664286811
