-4.13606358964
-4.1327486319
-4.13239194004
-4.13193330371
-4.13032729147
-4.12796544777
-4.1255912617
-4.12557290641
-4.12248005972
-4.12162222682
-4.12038198976
-4.11880476807
-4.11567487876
-4.1148571375
-4.11380607567
-4.10749311729
-4.10722024269
-4.10705823127
-4.10193075454
-4.10181604646
-4.10178410044
-4.1003561016
-4.09957056714
-4.09722031442
-4.09609562191
-4.09591064755
-4.0955337831
-4.09503962756
-4.09381321243
-4.09103751614
-4.09035629294
-4.08953190237
-4.08788420123
-4.08779639328
-4.0871712907
-4.08690913638
-4.08269547533
-4.08018870043
-4.07995081375
-4.07910471005
-4.0784184554
-4.07263272097
-4.07076618848
-4.07073525525
-4.06896133148
-4.06513143316
-4.06454139119
-4.06451761776
-4.06201902865
-4.06101004041
-4.05890990603
-4.05847351435
-4.0561846423
-4.04954587913
-4.0469640107
-4.04606174138
-4.04313549663
-4.04213229344
-4.04124540805
-4.040592341
-4.03827541845
-4.03721447128
-4.03378524507
-4.0333854157
-4.02893146194
-4.02724931107
-4.02673889562
-4.02620910363
-4.02576247637
-4.02511011471
-4.02177015159
-4.01863648999
-4.01673416232
-4.01602389187
-4.01574869081
-4.01413538928
-4.01327254014
-4.01148981049
-4.01069338527
-4.01060167795
-4.00817030325
-4.00706070289
-4.0069743746
-4.00538685707
-4.00334575674
-4.00273867106
-4.00178040098
-3.99584419633
-3.994886623
-3.99289863637
-3.99198211313
-3.98914293503
-3.98911201549
-3.98872127236
-3.98560172457
-3.98545265464
-3.98504697128
-3.98267136928
-3.98018045092
-3.9779388151
-3.97651765059
-3.97563913979
-3.97306408875
-3.97010472962
-3.96995826919
-3.96669217473
-3.96617506222
-3.96568178633
-3.96437709548
-3.95968275071
-3.95716819142
-3.95700669101
-3.95486168656
-3.95400840999
-3.95002295716
-3.94877443606
-3.94846569734
-3.94761371532
-3.94649187978
-3.94601210114
-3.94029512535
-3.93970100953
-3.93704541308
-3.9360484084
-3.93467386565
-3.93439146841
-3.93295586126
-3.9328535043
-3.93144855945
-3.93060245183
-3.92934672814
-3.92914406944
-3.92815702735
-3.92763741881
-3.9273107005
-3.92647881838
-3.92574686356
-3.9247362595
-3.9216097849
-3.92148182265
-3.91807104446
-3.91595565156
-3.91442846815
-3.90946475433
-3.90828062633
-3.90505890333
-3.90408607707
-3.90003570518
-3.89941349528
-3.89847188224
-3.89694580954
-3.89668701196
-3.89411700334
-3.8916144427
-3.89110684406
-3.89015616341
-3.88791331204
-3.88424473355
-3.87812273545
-3.87671441792
-3.87632845925
-3.87242884715
-3.87115119366
-3.86801452452
-3.86667393401
-3.86632754487
-3.86623339654
-3.863484905
-3.86309269377
-3.86272245229
-3.86006667284
-3.85776629142
-3.85653025475
-3.85617485409
-3.85557224716
-3.85447597258
-3.85314787215
-3.85255880579
-3.85216382968
-3.84931813406
-3.84828242592
-3.84629655559
-3.84541680748
-3.84166090247
-3.84111282432
-3.8410164272
-3.83764614417
-3.83570636549
-3.83362876622
-3.82740338622
-3.82574718932
-3.82485847585
-3.82367493329
-3.82267787409
-3.82069671753
-3.81863725691
-3.817810652
-3.81668136494
-3.81513434758
-3.8123457816
-3.81205928054
-3.80931996381
-3.80573510099
-3.80525310144
-3.80255290046
-3.79935600602
-3.79503460515
-3.79360216139
-3.7924863054
-3.78856772062
-3.78821200943
-3.7858862073
-3.78454290663
-3.78304995051
-3.78214552798
-3.77812384297
-3.77737943342
-3.77553393161
-3.77448495042
-3.77399773065
-3.77347932247
-3.77177295846
-3.77142747091
-3.76691706717
-3.76682958678
-3.76459143023
-3.76375890012
-3.76341582339
-3.7617842585
-3.75958088513
-3.75925383326
-3.75849384697
-3.75699630767
-3.75674810609
-3.75402411715
-3.75346870594
-3.74995146615
-3.74948700676
-3.74862998608
-3.74720551822
-3.74441872252
-3.74221536217
-3.73916060706
-3.73833723005
-3.73785093927
-3.73308522722
-3.73186498985
-3.73014896273
-3.72956532199
-3.72617136141
-3.72492273969
-3.72348233679
-3.7224060269
-3.72227512314
-3.72017461424
-3.71985909429
-3.71873186966
-3.71872944793
-3.70889170198
-3.70766155755
-3.70691181958
-3.70650999538
-3.70576014017
-3.7037737734
-3.70186402922
-3.70028639642
-3.6965259696
-3.69544712566
-3.69540290454
-3.69460102835
-3.6917452614
-3.69038577909
-3.68849509965
-3.68371010661
-3.68191467785
-3.67985168281
-3.67773605137
-3.67601277259
-3.67394787858
-3.67337132555
-3.67307927363
-3.67112783646
-3.67071235954
-3.66274963189
-3.66227784814
-3.66092529639
-3.6569505451
-3.65479602916
-3.65454638509
-3.65033661226
-3.65026150462
-3.64892202194
-3.64791359132
-3.6461667648
-3.64572866611
-3.64030728734
-3.63786728857
-3.63677958653
-3.63671335946
-3.63623544993
-3.63182818762
-3.63072966072
-3.63002809629
-3.62983944668
-3.6297502689
-3.62678472969
-3.6259747866
-3.62357550679
-3.61949322436
-3.61764404495
-3.61676097615
-3.61560894634
-3.61290869478
-3.61188163929
-3.61083054742
-3.60836643776
-3.60728923414
-3.60299755923
-3.60184940151
-3.60125369363
-3.59925189764
-3.59611948563
-3.59572906433
-3.59210735724
-3.59196963359
-3.58738239252
-3.58431929563
-3.58242091323
-3.58178202697
-3.58152887727
-3.57668333258
-3.57625962213
-3.57613619556
-3.57206961084
-3.57179629955
-3.57166468955
-3.56692964015
-3.56479641418
-3.56455767556
-3.56125200518
-3.55938340363
-3.55585083504
-3.55543384184
-3.55473072274
-3.55410515582
-3.55409403579
-3.54935768216
-3.54882807286
-3.54304910889
-3.54270536623
-3.54258548461
-3.54076972027
-3.53992697375
-3.53601561574
-3.53570393017
-3.53455300484
-3.53369606056
-3.53097950824
-3.53076352715
-3.52850542676
-3.52532154591
-3.5242713471
-3.52155542446
-3.52151141934
-3.52122799348
-3.52082142272
-3.51335915491
-3.5122725384
-3.5113663308
-3.51116432478
-3.51026947641
-3.50957255796
-3.5048881683
-3.50258341677
-3.50099026069
-3.50060504476
-3.49926522754
-3.49533644209
-3.49440666821
-3.49370661873
-3.49222068896
-3.48671102431
-3.48618946481
-3.48307973894
-3.48288220462
-3.48270822456
-3.48144981578
-3.47543050162
-3.47501058214
-3.46817431299
-3.46729664621
-3.46011150031
-3.45936853973
-3.45785060654
-3.45727676748
-3.45592313124
-3.45513629962
-3.44917191903
-3.44798443462
-3.44637259183
-3.4453506004
-3.44262459486
-3.44067623922
-3.44024640761
-3.43998922728
-3.43812701322
-3.43617228313
-3.43590082897
-3.43091093362
-3.42906043635
-3.4284335074
-3.4276178953
-3.42743095484
-3.42427428471
-3.42203856526
-3.41776063069
-3.41701139408
-3.41643770488
-3.41542152824
-3.41046459691
-3.40596790409
-3.40533487652
-3.40402718178
-3.40344236485
-3.40176937952
-3.40028210576
-3.3958234781
-3.39309245788
-3.39252675221
-3.39190543596
-3.39054135229
-3.38687506093
-3.38673855497
-3.38438862521
-3.38244405489
-3.38010250861
-3.37686043899
-3.37438149276
-3.37253950726
-3.37171647247
-3.36998721972
-3.36920155142
-3.36844676259
-3.36694299433
-3.36574840335
-3.36529183255
-3.36465777926
-3.36369793102
-3.36325692838
-3.36212807114
-3.36075018372
-3.35525624696
-3.35430088723
-3.3461530977
-3.34418998853
-3.34131935146
-3.34129827543
-3.34129579109
-3.34003276721
-3.33941564566
-3.33247814045
-3.32973629792
-3.32663450571
-3.32238459546
-3.32044864605
-3.32036061907
-3.31922329013
-3.31908048097
-3.31853907647
-3.31739101218
-3.31715069942
-3.30529501487
-3.30428260661
-3.30276329624
-3.30148656188
-3.30074950786
-3.30019397905
-3.29384402849
-3.29380557412
-3.29258982378
-3.29249855478
-3.2920026688
-3.29085578077
-3.28766999016
-3.286594834
-3.28539252337
-3.28059122881
-3.27636479471
-3.27600955047
-3.27506709503
-3.27274590396
-3.27062901987
-3.27018779177
-3.26914709178
-3.26466199453
-3.26459844004
-3.26072083602
-3.25845555562
-3.25599000575
-3.2508924799
-3.2501343614
-3.24745251164
-3.24735070944
-3.24487286955
-3.24438110501
-3.23369810421
-3.23365569756
-3.23360826446
-3.23299862233
-3.22907226042
-3.22779030032
-3.22738349875
-3.2229880526
-3.22237337772
-3.22146089355
-3.22025366074
-3.21984475507
-3.21857413502
-3.21740179878
-3.21477371321
-3.21109059735
-3.20877964068
-3.20733230633
-3.20209450475
-3.20169796694
-3.20069357021
-3.19993385402
-3.19946950496
-3.19788246349
-3.1928675124
-3.1909660819
-3.18663042107
-3.18605501419
-3.18491544859
-3.18446536411
-3.18227591974
-3.18124158012
-3.17387103602
-3.17143209851
-3.1712732469
-3.17091103936
-3.16801505511
-3.16480451444
-3.1628992172
-3.16221070365
-3.1611860814
-3.16117926385
-3.15563429103
-3.15497735046
-3.15283348893
-3.14894356081
-3.14704356942
-3.14642831858
-3.14486791143
-3.14472039923
-3.14372209625
-3.13974975939
-3.13689700363
-3.13611103761
-3.13551173979
-3.13481088723
-3.12806844825
-3.12537052568
-3.12337420456
-3.1213273807
-3.11824647332
-3.11489494989
-3.11217629718
-3.10872655663
-3.10441273932
-3.10401542222
-3.10386848085
-3.10190117654
-3.09666396471
-3.09551567246
-3.08816104867
-3.08555402686
-3.08483608644
-3.08343039687
-3.08309995067
-3.08222116873
-3.08111266695
-3.07524964357
-3.07501142172
-3.07233661943
-3.07217630685
-3.07204747632
-3.07131741945
-3.06969208283
-3.06937308818
-3.06816912537
-3.06388828261
-3.05935471639
-3.05505226919
-3.05382036984
-3.05364478533
-3.05156027671
-3.04962686944
-3.04804775176
-3.04438714604
-3.04238202339
-3.0395250669
-3.03839880516
-3.03746500935
-3.03643590781
-3.03288230156
-3.0324134091
-3.03060548499
-3.0266880845
-3.0246809153
-3.02358550217
-3.02148445406
-3.02125777247
-3.01613056791
-3.01553830192
-3.01347541745
-3.01153518823
-3.01085590478
-3.0064062519
-3.00257202631
-3.00199673231
-2.99732894627
-2.99549927857
-2.99251166679
-2.99159790492
-2.98887658072
-2.98779238405
-2.98735382472
-2.98605036302
-2.97505595346
-2.97220102903
-2.96934702076
-2.96896306296
-2.96818877899
-2.96677170364
-2.96561094874
-2.9579192826
-2.95786261345
-2.95523615601
-2.95517438049
-2.95219488037
-2.95180866763
-2.94950173615
-2.94939667573
-2.9459938491
-2.94472358843
-2.94303378921
-2.94302248288
-2.93908444377
-2.93647190287
-2.93537549376
-2.93362253737
-2.93312831544
-2.93115621845
-2.92466310779
-2.91860324368
-2.91810687465
-2.91531085245
-2.91503816917
-2.91125615568
-2.90689076875
-2.90447590634
-2.90244450741
-2.89942236735
-2.89822299876
-2.89638954254
-2.89617884606
-2.89343237206
-2.89132353642
-2.88977964219
-2.88878521683
-2.88566126089
-2.88511315032
-2.88246621917
-2.88218601566
-2.88031855778
-2.87783689494
-2.87501053721
-2.8744649372
-2.87167232015
-2.87027807394
-2.86429493736
-2.86424315059
-2.85842944493
-2.85794692462
-2.85382744503
-2.85234727587
-2.85003972337
-2.84667027486
-2.84042931094
-2.83955462755
-2.83568673668
-2.83526500535
-2.83483584074
-2.83455913587
-2.83318405208
-2.83024589782
-2.82844336695
-2.8266716543
-2.82566816368
-2.82358042338
-2.81788299038
-2.81445346367
-2.81444171156
-2.81244641566
-2.81120084134
-2.8087617605
-2.80470162426
-2.80287010687
-2.79785614802
-2.79403790088
-2.79083640248
-2.78904097828
-2.78374457468
-2.78345136112
-2.77928369262
-2.7768235553
-2.77657641189
-2.77404989397
-2.77214902037
-2.77015857274
-2.76754156733
-2.76712888259
-2.76596587124
-2.7657367741
-2.76337310161
-2.75981883103
-2.75914268865
-2.75379919493
-2.75188598361
-2.75134703142
-2.74631244857
-2.74510044273
-2.74155457399
-2.74065862236
-2.73881503741
-2.7381836232
-2.7354140878
-2.73493388432
-2.7334185504
-2.73272297778
-2.73163022315
-2.72411936179
-2.72322668909
-2.71851723888
-2.71622689215
-2.71186489195
-2.71126041264
-2.70815296267
-2.70601122951
-2.69982424905
-2.69942466827
-2.6969521691
-2.69322779358
-2.69156473437
-2.68908309168
-2.6872428781
-2.68633338864
-2.67947020287
-2.67547527293
-2.6733541909
-2.67293808438
-2.67107594998
-2.66711441482
-2.66591012695
-2.66547720586
-2.66218266154
-2.65985238443
-2.65943210668
-2.65123866044
-2.65100123345
-2.6505594647
-2.64989825063
-2.64648808319
-2.64614818673
-2.64423774837
-2.64381797106
-2.64261986853
-2.63467309215
-2.63297340766
-2.63055825403
-2.62931959583
-2.62704302934
-2.62687580591
-2.62256946364
-2.61678158082
-2.61357580836
-2.61266482237
-2.61168126645
-2.6074389814
-2.60550538634
-2.60524731346
-2.6039934002
-2.59888525167
-2.59880454878
-2.59061850271
-2.58805112179
-2.58551745956
-2.58490507584
-2.58192482257
-2.57820066726
-2.57530044493
-2.57465008072
-2.57163499494
-2.56634595151
-2.5650144333
-2.5631760679
-2.56310284223
-2.56286512587
-2.55920438298
-2.55464095872
-2.55354823377
-2.55033712323
-2.54654906126
-2.54465928833
-2.54197688496
-2.54159889045
-2.54151699002
-2.5358379944
-2.53122637329
-2.5302378749
-2.52872996449
-2.5220979893
-2.52192408555
-2.52042660974
-2.5195962891
-2.51533560935
-2.51149409093
-2.50983643754
-2.50843038782
-2.50131601227
-2.49946621664
-2.49836545984
-2.49644434985
-2.4958526334
-2.49471997079
-2.49347954461
-2.48775877084
-2.48238575503
-2.48217695837
-2.48064897974
-2.47509279396
-2.47333695717
-2.4721369473
-2.47177029185
-2.47060319422
-2.46293618887
-2.45476879639
-2.45337769518
-2.45294521608
-2.45285293805
-2.45282758642
-2.44221439712
-2.4418158875
-2.43956109964
-2.43715947922
-2.43627367018
-2.43483401482
-2.43390803298
-2.42935838168
-2.4292445853
-2.42513932668
-2.4231476615
-2.41808129192
-2.41418793671
-2.41410218201
-2.41381821295
-2.40935988143
-2.40769541251
-2.40311612075
-2.40281526954
-2.40150565916
-2.39435630503
-2.3913279801
-2.38679563177
-2.38657484298
-2.379982622
-2.37879877892
-2.37433113015
-2.37073814885
-2.37058512249
-2.36992767803
-2.36781328737
-2.36408315438
-2.35936617479
-2.35893778424
-2.35362202096
-2.35339954029
-2.35288651046
-2.35184036967
-2.35115207182
-2.34537116362
-2.33914310449
-2.33912704856
-2.33521679674
-2.33300088339
-2.32918528374
-2.31917856181
-2.31841252649
-2.31768262747
-2.3168428475
-2.31454555303
-2.31088744632
-2.30767427022
-2.30590271685
-2.30523475772
-2.29803360338
-2.29394109373
-2.29358862109
-2.29236510812
-2.29206528476
-2.28884972404
-2.28174867908
-2.2774235197
-2.27723177657
-2.27100240557
-2.26850676229
-2.26696615122
-2.26278538008
-2.26266012511
-2.25666008193
-2.25386545819
-2.25115525083
-2.24886826986
-2.24510872675
-2.24065052195
-2.24040040931
-2.23159216134
-2.23123157663
-2.2255188093
-2.22340136618
-0.935889678643
-0.932808097111
-0.927674401229
-0.926648234728
-0.923569614405
-0.920491999437
-0.918440860594
-0.911266734631
-0.911265660408
-0.911265391847
-0.908193029123
-0.903072477882
-0.902047991068
-0.900001509917
-0.895908516338
-0.890794802442
-0.889776583936
-0.886709715891
-0.886707026814
-0.886705951134
-0.881600576146
-0.877513327498
-0.875470957175
-0.874452623796
-0.871391038099
-0.865270698773
-0.862221844354
-0.862212420304
-0.862211073836
-0.859163692777
-0.854069100737
-0.854063713129
-0.854061019062
-0.84694155782
-0.846935200344
-0.844902281792
-0.840831177116
-0.837785946853
-0.834736556928
-0.829653590328
-0.828659332417
-0.82660854133
-0.825611719664
-0.825594453235
-0.825590135495
-0.820534717155
-0.813431851839
-0.813422402627
-0.8134170021
-0.810377845553
-0.808348221738
-0.80430805911
-0.804301808869
-0.798220373346
-0.79316968049
-0.790135403036
-0.789158753417
-0.789120908846
-0.78911712246
-0.786123431778
-0.781066943883
-0.781038547663
-0.781029077861
-0.780024460657
-0.773992860974
-0.767909876711
-0.765897056225
-0.764906180762
-0.764891021347
-0.764881543842
-0.761854911629
-0.755820184272
-0.753813325422
-0.747751469606
-0.744740868591
-0.74380287627
-0.740781514024
-0.740722139026
-0.740721888233
-0.740711037737
-0.737706020981
-0.735748325854
-0.728706934281
-0.728663539142
-0.728646168022
-0.725641884442
-0.719662409174
-0.719625819151
-0.71761197963
-0.713612320503
-0.708621266103
-0.708598454587
-0.708583239722
-0.70757895427
-0.699586727816
-0.695591464252
-0.692687756667
-0.692581777586
-0.69257361374
-0.689681923504
-0.689558293983
-0.684674655891
-0.684586573565
-0.684564522683
-0.68058240391
-0.677669634689
-0.677587652197
-0.66867201186
-0.668609149423
-0.66858054284
-0.665613161498
-0.663627111756
-0.663604923558
-0.659618940273
-0.657688409241
-0.653664161903
-0.645664883396
-0.644726917011
-0.644694208549
-0.644671296602
-0.636749180781
-0.635923017896
-0.635751474384
-0.632934169558
-0.632781498039
-0.632759639767
-0.629797091862
-0.627955253471
-0.623795227761
-0.620990015959
-0.620865882294
-0.620827608845
-0.612909954909
-0.612043701111
-0.609939969592
-0.606001556804
-0.604005412192
-0.60112305004
-0.601035631336
-0.600991849181
-0.600065910567
-0.59408640273
-0.594077989387
-0.588236299976
-0.586213801435
-0.576277716302
-0.573632201095
-0.573393183215
-0.573391492513
-0.573376399052
-0.573348018173
-0.573315138164
-0.570661663109
-0.565713312532
-0.565502609848
-0.5654603329
-0.564484793289
-0.558790968345
-0.556604925975
-0.550636801142
-0.549899976897
-0.549731242894
-0.549670803547
-0.540894084157
-0.539047211711
-0.538941498503
-0.537884247193
-0.534969845231
-0.534942658924
-0.529115130832
-0.526241073297
-0.526123363041
-0.526059832587
-0.521190499894
-0.517245357327
-0.511491488981
-0.511442773401
-0.506581285149
-0.505953199601
-0.503002149934
-0.502675382527
-0.502636757174
-0.499602538485
-0.498086332958
-0.494809912825
-0.494749402366
-0.494703957224
-0.49120964756
-0.490928270432
-0.490857604409
-0.485976957862
-0.482377552569
-0.476209325682
-0.471597067183
-0.471374188509
-0.471284673973
-0.470462144789
-0.470277237137
-0.468484251205
-0.464618238631
-0.458876771577
-0.458694321818
-0.455704235452
-0.452794948233
-0.450968074577
-0.444226807736
-0.444072393467
-0.443983875971
-0.441127440974
-0.433310677629
-0.433038795567
-0.432562122089
-0.432536868261
-0.430108246034
-0.429552497656
-0.427658880578
-0.425226653856
-0.424796435988
-0.424724258215
-0.418398005125
-0.41584404086
-0.409627881438
-0.409261824798
-0.409186259419
-0.409153486104
-0.409107168031
-0.409046216218
-0.400437667306
-0.398923461023
-0.394820501257
-0.392907983358
-0.38897241702
-0.388823779876
-0.386293520246
-0.386005908669
-0.385879387193
-0.383237607485
-0.382929945136
-0.375386899007
-0.371748435565
-0.366587846302
-0.365838024444
-0.363715086859
-0.355362388792
-0.355300186
-0.355101941184
-0.355057321385
-0.354982490225
-0.354113059212
-0.352148097612
-0.351527793263
-0.351465195305
-0.347302111129
-0.34249643485
-0.340763811731
-0.340523442547
-0.339970638157
-0.339853211227
-0.336962356187
-0.331817806562
-0.325226011992
-0.321192553847
-0.320726384561
-0.320569691344
-0.31675014013
-0.316648864486
-0.316569097316
-0.314191109171
-0.312230380623
-0.308656673571
-0.308450906001
-0.308095523242
-0.302579395781
-0.295025653533
-0.294680345753
-0.294220796609
-0.293856762873
-0.293684209272
-0.288826965883
-0.285275410406
-0.277897199514
-0.273957809497
-0.272193473724
-0.271336574873
-0.271297148509
-0.270771400388
-0.269306193463
-0.267939775728
-0.264496847098
-0.263707956709
-0.263593867612
-0.260382323948
-0.259699809354
-0.259449849336
-0.259292758952
-0.257769617069
-0.249130361483
-0.248434008007
-0.248257838917
-0.245316467028
-0.245043357345
-0.239644209534
-0.23858661687
-0.228696060821
-0.227990788243
-0.226830027632
-0.226147601835
-0.225564382333
-0.225347146976
-0.222926485113
-0.217747646719
-0.217620190113
-0.217517903752
-0.217330853245
-0.211824221659
-0.209546099684
-0.209197463824
-0.200228273337
-0.195629073955
-0.195175760703
-0.194946967371
-0.194029039032
-0.18860702591
-0.188218369843
-0.184649314648
-0.184459065134
-0.181784364212
-0.180704034305
-0.180608552956
-0.177576455502
-0.177012306617
-0.175579350199
-0.170337433367
-0.169352768488
-0.169170821943
-0.168508985699
-0.165723550876
-0.161765756209
-0.160188822159
-0.157682370363
-0.157371999817
-0.157169739937
-0.151305010856
-0.150442227394
-0.150191874215
-0.143468594326
-0.14120977834
-0.138964661883
-0.138619495405
-0.136672826466
-0.135964539477
-0.132992483733
-0.127164149323
-0.124755908894
-0.124398665358
-0.124037109579
-0.123745502956
-0.119808133335
-0.112442411882
-0.112284353293
-0.112155414153
-0.110133182648
-0.108691694057
-0.104008158921
-0.0991108433152
-0.0926455023741
-0.0912120741929
-0.0911535178539
-0.0907867111452
-0.0902300143422
-0.0899334795761
-0.089803010978
-0.0871371777929
-0.0856477992753
-0.0850684622084
-0.0837305848306
-0.0835597499333
-0.0813716112457
-0.0784462637313
-0.0710574162437
-0.0709731917299
-0.0699425909793
-0.0687326305974
-0.0684640330525
-0.0600717837746
-0.0595653919434
-0.0573381223831
-0.0538042159229
-0.0495220403022
-0.0491416905106
-0.0488858264199
-0.0473243934662
-0.046270279212
-0.045928157105
-0.0440863046232
-0.0422729167181
-0.0383928289591
-0.0354961451315
-0.0332311091403
-0.032954866163
-0.0312709502768
-0.0262006037477
-0.0252191149486
-0.0172988489353
-0.0164242483116
-0.0161631900225
-0.0160426282289
-0.0147272757589
-0.0046206993041
-0.00111493340391
-0.00092138998629
-0.000761191851103
0.000457269287946
0.00357719563162
0.00449165946552
0.00639738386266
0.00719062940843
0.00804213137296
0.00816046288842
0.00829985584619
0.0110946790669
0.0176645505584
0.019296822669
0.0195652546472
0.0200203061962
0.020695829164
0.0210730416057
0.0233177851781
0.025711318001
0.0261006495027
0.0314291595992
0.0363948029342
0.0378620152989
0.0382387504653
0.0395719626035
0.0413714851194
0.0485370059124
0.0542526494184
0.0545417304358
0.0564799752957
0.0569283287349
0.0584823161013
0.0600491427469
0.062515411694
0.0637878880453
0.0642417536424
0.0644901736545
0.0649510197062
0.0652699281335
0.0658511076789
0.0729853074985
0.0783076828021
0.0783163197768
0.0826126397471
0.0844816857893
0.0893538624506
0.093303570831
0.0959241616332
0.0969765899894
0.0974658962004
0.1007290632
0.103756042164
0.10602375665
0.106107606001
0.106554398708
0.106692201973
0.111215221871
0.113352781353
0.113598797218
0.115321483921
0.115938140848
0.116172559363
0.116369148667
0.11773385147
0.120927330927
0.124100715938
0.126103756076
0.128070083503
0.128461654652
0.1363165257
0.136488928925
0.137300166479
0.137772604659
0.137987252225
0.144216668999
0.148361862236
0.149883822685
0.150120820452
0.150630213249
0.1557497026
0.157141203093
0.158896057306
0.159405211929
0.162227567478
0.162766964701
0.16802960214
0.174161146036
0.175744681897
0.176364642819
0.176771892823
0.177899528577
0.179419646528
0.180007934834
0.184047095202
0.18450930609
0.184599992388
0.184992517339
0.195361700707
0.196014985931
0.197633025108
0.205741273825
0.207604042083
0.208271863868
0.209537567731
0.210381387199
0.210389358202
0.213115396223
0.213312501502
0.2145960867
0.215007101525
0.215850300753
0.216467272843
0.22147638948
0.221660023485
0.223487527469
0.224036373872
0.224418764765
0.229782528627
0.235582713355
0.238404763567
0.238686010481
0.238924715739
0.239222871778
0.239916860899
0.24225977822
0.242803784509
0.246408184278
0.251868781116
0.258040542769
0.258299604094
0.259265015197
0.259849063886
0.263251808611
0.265190504007
0.265625722633
0.26771355111
0.268064018401
0.268383591961
0.268636950163
0.273677049849
0.274439052109
0.277236326919
0.281173139896
0.281328386186
0.282722747566
0.290951882771
0.298494487705
0.2993357303
0.299520237034
0.300293895848
0.301042394321
0.30127693353
0.301873709703
0.308826061759
0.309483710037
0.309961715835
0.314651606359
0.314807127742
0.31756466632
0.317571196848
0.318237296535
0.318354221226
0.322153921627
0.322157276625
0.325414270822
0.325758739416
0.328401473568
0.328580022594
0.332186357476
0.336581353118
0.336825983508
0.338382645812
0.33985941945
0.339864674796
0.340412498685
0.340631953404
0.345428595566
0.346886243598
0.347739954837
0.358749878433
0.360906128145
0.361514814532
0.362244893955
0.362588459282
0.365958270092
0.366292929849
0.36658015227
0.372403937913
0.372754993856
0.373784093547
0.374445611016
0.378329000807
0.383140363173
0.383399239475
0.38511681504
0.386256573648
0.38697074137
0.387833425629
0.390289950919
0.391136719747
0.391152664361
0.396924250463
0.39958170803
0.402479097259
0.403691196535
0.405021274307
0.410987712612
0.411114542333
0.422926045036
0.423948317004
0.42502069743
0.426061149924
0.426999274315
0.427610706314
0.427760057356
0.42834218353
0.429444461717
0.431826477667
0.431900778639
0.432098910678
0.432322274224
0.438165781385
0.438489613288
0.438702267559
0.439265986236
0.439842833044
0.442542013137
0.443073417482
0.444593253657
0.446892912697
0.451528859835
0.453332013203
0.456885028581
0.46044589585
0.461209311103
0.46348173364
0.466932612541
0.467591040636
0.4686673618
0.4686707077
0.469614049868
0.472160059869
0.478628576709
0.482226566636
0.485063090818
0.48546179579
0.486416691424
0.487015353528
0.490327695003
0.490665395009
0.490940706089
0.496169149609
0.497547180859
0.498258186885
0.498653558861
0.49899648221
0.502790960863
0.505885188877
0.512475526837
0.512932443238
0.514611596938
0.516589580495
0.517479377157
0.51792574172
0.518571553002
0.518791029828
0.522400982989
0.530454842282
0.533400028271
0.534756989466
0.535851591395
0.535946623728
0.537865360969
0.540588633473
0.542862860328
0.543022920289
0.543848958396
0.545123940795
0.549071742166
0.549895049024
0.550368048204
0.551466055721
0.553890469986
0.556353448659
0.557514917668
0.559607646196
0.560282274728
0.564092588646
0.56414231532
0.564856963513
0.566179928355
0.566506795355
0.56953926113
0.572686173871
0.57359667294
0.574287478044
0.576058653764
0.581249311828
0.582682415768
0.585394261815
0.58540126576
0.586414003408
0.594724048781
0.599279342774
0.599877996089
0.600063789275
0.60168437101
0.601902787472
0.603051657624
0.603066098867
0.603307739266
0.605611691943
0.609947533508
0.6104722137
0.613704012524
0.613971659558
0.614928567969
0.618294706569
0.623076373927
0.625319539203
0.626391451072
0.626901605053
0.63495106006
0.635415262216
0.635821988334
0.638044630995
0.6423546013
0.645565840692
0.647045657024
0.648890119812
0.649371240919
0.650254267919
0.652351883978
0.652921718666
0.653908573246
0.65494895455
0.655631499622
0.658077589553
0.66014422381
0.661468109483
0.66183896028
0.664757909891
0.665917510304
0.666454517124
0.668300745049
0.670059806654
0.672000635214
0.672726998437
0.673723528484
0.674554839701
0.679305125611
0.680941113788
0.684435469547
0.68793152378
0.689630047619
0.69068119637
0.690784018316
0.692207735688
0.696084481088
0.697166183235
0.698294798383
0.703072096615
0.705333010134
0.709487718368
0.711050708361
0.711580370763
0.712112348071
0.712934324144
0.7142755548
0.715605277371
0.716050049908
0.717001244288
0.718985867127
0.722152023901
0.723399907655
0.724628762515
0.728089063173
0.73441939744
0.736834051872
0.738478174201
0.739178701209
0.739219193665
0.740567044751
0.741488893017
0.742641446437
0.744258256394
0.74581991508
0.747366381472
0.753401676394
0.753748701118
0.759424981525
0.760047042283
0.763660000489
0.767404686343
0.76972397177
0.772423402072
0.775671295949
0.776213393806
0.776693117289
0.776768791252
0.776918779854
0.776985371308
0.780048856888
0.780279742849
0.782822517298
0.783204586865
0.783671355469
0.784108277341
0.784312907527
0.78509194314
0.785793884072
0.791273079094
0.792022994033
0.793826618877
0.79506966447
0.79740262304
0.797665065773
0.798706994655
0.801114267991
0.802161066499
0.809209058692
0.810095290255
0.812715895879
0.813191438832
0.815441800225
0.818685415475
0.820086628652
0.821885053506
0.825662554449
0.826063405197
0.828946573917
0.830677792166
0.834088198051
0.835767160712
0.837311177303
0.837878964003
0.841139901149
0.841327095498
0.845865388799
0.84595844436
0.84663069306
0.848009099305
0.84833345828
0.85075313762
0.853009311565
0.853205329963
0.853954986821
0.854436960173
0.855409857803
0.85792610722
0.861671505937
0.865139163601
0.873577828302
0.876400312933
0.87725779668
0.877399045897
0.880099377059
0.881360870476
0.881766643315
0.882930320393
0.883290635225
0.884375709267
0.885939976364
0.887752139293
0.890444941209
0.894929180826
0.895257406747
0.896538313091
0.896538398298
0.898556023269
0.899056493149
0.899294763881
0.900084898678
0.901199202353
0.9055637051
0.908942506252
0.909247066676
0.9099259362
0.913958352296
0.91831333765
0.919062529985
0.920042003101
0.920672171294
0.921235407121
0.922696011865
0.924761208038
0.9263696739
0.926665935413
0.926906790378
0.927800967776
0.930633015764
0.933326638235
0.935207620253
0.93728710102
0.938764810407
0.941695971207
0.943943579738
0.950267369646
0.950752421249
0.951797033158
0.952578748786
0.955378485295
0.955461115292
0.957421980126
0.958976867255
0.960427355181
0.960722366673
0.966288243521
0.966539376188
0.966654060959
0.970414111886
0.972505983138
0.972549375223
0.973113050958
0.975713062489
0.981966690493
0.982022525397
0.982674381343
0.984117279909
0.991687372409
0.992143529731
0.99310948016
0.993152611803
0.99412982871
0.994154039954
0.998759825017
1.00018239708
1.00132909072
1.00573228991
1.00642264769
1.00864129968
1.00864129968
1.00864129968
1.00864129968
1.00911315222
1.01021908279
1.01359347979
1.01420223873
1.01604866002
1.0163401241
1.01774548312
1.01921155485
1.0198479273
1.0198578487
1.02115366708
1.02223381912
1.02284529735
1.02371033615
1.0242482409
1.02624075131
1.02789814081
1.03003176915
1.03257324445
1.03557893649
1.03590269451
1.03670120815
1.03770387743
1.03811171215
1.04224768855
1.04298939671
1.04926218765
1.05058792273
1.05061617328
1.05754896895
1.05920083473
1.05945792776
1.06255776861
1.06418893128
1.06670272787
1.06767582135
1.06840554745
1.06906443128
1.07134417647
1.07203913681
1.07421345495
1.07572281408
1.07718172355
1.07757283729
1.0813489671
1.08149582673
1.08388283598
1.08406342892
1.08528165414
1.08563275043
1.08572572232
1.08762292471
1.09003718135
1.09402152994
1.09428707277
1.09739799692
1.1013161451
1.1040111014
1.1091759299
1.11045425662
1.11267754842
1.11366280118
1.11374490016
1.11473697346
1.1148945371
1.11725263958
1.11975137837
1.12243938387
1.12387506923
1.12507708447
1.12777024208
1.1291839563
1.13225492046
1.13271865271
1.13547684849
1.13587153631
1.13833396975
1.13852523
1.13868659169
1.13936012375
1.14015510019
1.14151861608
1.14337697374
1.14657289866
1.14731204672
1.14894893052
1.14897985217
1.15029620496
1.15030690634
1.15328421117
1.15438199747
1.15638724496
1.15822513737
1.16076719699
1.16369658603
1.16388076345
1.1663079196
1.16765993609
1.1679551424
1.16824834955
1.17119001094
1.17333928185
1.17356281257
1.17763631233
1.18013361267
1.18126097497
1.18214207864
1.18782173068
1.18938321245
1.19058213926
1.19235039868
1.1930754149
1.19550347385
1.19628658275
1.19764289938
1.19838606165
1.20046684578
1.2024473234
1.20686494511
1.20809223351
1.21113755001
1.21251380535
1.21301119706
1.21301261816
1.21817571781
1.21868372851
1.21901806147
1.21978675147
1.2216725869
1.22310983659
1.22433708392
1.22463743915
1.2287776146
1.23046258924
1.23141136379
1.23158541196
1.23196720502
1.23319177723
1.23525849442
1.24296899567
1.24556661763
1.24567035919
1.24627743235
1.25016866045
1.25146085387
1.25534931463
1.25569787017
1.25609011089
1.25645792799
1.25658646921
1.25758206845
1.25892593417
1.25940606531
1.26040376662
1.26143985604
1.26242021807
1.26274004695
1.26358626546
1.26383587036
1.26445530067
1.26452977233
1.2731305593
1.27437335596
1.27622585447
1.27622808278
1.27813582984
1.2789349151
1.28078350031
1.28582968931
1.2859753539
1.29036194734
1.29359453196
1.29527803965
1.2963883731
1.2970521381
1.29844810706
1.29931990414
1.29964780003
1.30032546481
1.30190508725
1.30356329003
1.30714229504
1.30872750988
1.31077984617
1.31276944378
1.31438854714
1.31458773204
1.31594857983
1.31645939021
1.32035443769
1.32046866556
1.32119905107
1.32328807832
1.32443801548
1.32478166483
1.32798937853
1.32973866129
1.33116015333
1.33283799008
1.33320763577
1.33423706026
1.33552719009
1.340016987
1.34420541522
1.34752405324
1.34842376675
1.34961083735
1.35306568046
1.35387507826
1.35567592405
1.35755289119
1.35924881189
1.35926269899
1.36196447533
1.36260566598
1.36298398442
1.36648658001
1.36821990537
1.3697138576
1.37113572051
1.3721056457
1.37280910838
1.37300086889
1.37301427432
1.3739424702
1.3739424702
1.37532136213
1.37547801848
1.37613687783
1.37686090117
1.3770453722
1.37813045547
1.37813045547
1.37980513636
1.38092360375
1.38166682779
1.38477598818
1.38500431977
1.38500431977
1.38640447767
1.38721325611
1.38819869338
1.39081913735
1.39143949925
1.39208207268
1.39440650829
1.39440650829
1.39583537815
1.4002953353
1.40248226512
1.40376796806
1.40440845086
1.40454527504
1.4046626141
1.40611953035
1.40611953035
1.40640214455
1.40907193688
1.41001728902
1.41325885701
1.4136252825
1.41399846304
1.41475493867
1.41589697327
1.4161280949
1.41986881695
1.41986881695
1.42729364085
1.42813695134
1.42827991383
1.43083040044
1.43104461167
1.43124011737
1.43154191484
1.43352666568
1.43514616659
1.43532625599
1.43532625599
1.43613608284
1.43962408693
1.44297393136
1.44762999502
1.44790381383
1.44796799939
1.44819606671
1.44944914547
1.45174226087
1.45198924472
1.45211451868
1.45211451868
1.45321323046
1.4538894789
1.45573968626
1.45937810191
1.45939147359
1.4595195342
1.46127967773
1.46346063715
1.46600740942
1.46645040204
1.46707021786
1.46736089106
1.46981237901
1.46981237901
1.47098547422
1.4716041799
1.47294738568
1.47495135281
1.47568385732
1.48024064381
1.48305952396
1.48484114402
1.48661172866
1.48665727575
1.4877401703
1.48796099626
1.48796099639
1.48843880298
1.48912679408
1.48965691187
1.49352958423
1.4938617185
1.49478865421
1.49581081192
1.49731265927
1.49738909884
1.49812652095
1.49940442301
1.50025910749
1.50096239214
1.50195469808
1.50476048623
1.50539748549
1.5060549032
1.50606221495
1.50680060913
1.5068138021
1.50849428131
1.50946229124
1.50947439114
1.50968068776
1.51227080591
1.51344663986
1.51388704677
1.51390233736
1.51651376731
1.51946270782
1.51993333232
1.52004078558
1.5200829867
1.52313993533
1.52363071105
1.52369921501
1.52614154586
1.52655745788
1.5272563504
1.5279949
1.52804824555
1.5282981593
1.53003245799
1.53066722123
1.53135651011
1.5319280603
1.53420814524
1.53464965968
1.53754924837
1.53765240544
1.53817974573
1.54021115081
1.54032382367
1.54105341015
1.54171285775
1.54528498976
1.54529786461
1.54652624011
1.5467705245
1.54771047943
1.54894195545
1.54900685585
1.55048770245
1.5512900847
1.55151338965
1.55379081652
1.55501618505
1.55521794589
1.55529141934
1.55692187372
1.55865893911
1.55992683716
1.56194546751
1.56201584196
1.56228855236
1.56306426346
1.56424247357
1.56449887301
1.56476816825
1.56625321835
1.56825577832
1.56831428899
1.56954453814
1.57017344365
1.57071684386
1.57480058086
1.57652702283
1.57662151427
1.57888320749
1.57896496181
1.58098024181
1.58295932528
1.58343539856
1.58440659004
1.58482768733
1.58572330711
1.58575864081
1.58671553164
1.58673573899
1.59032598477
1.59152397897
1.59154451229
1.59229701732
1.59282239777
1.5928341905
1.59349985962
1.59354912549
1.59393996426
1.59676140217
1.59759960758
1.59865683444
1.60024934881
1.60134568679
1.6032800243
1.60422964769
1.60451224859
1.60502118449
1.60547463125
1.60675631821
1.60915934636
1.60920648668
1.61054839368
1.61054840204
1.61137409052
1.61142449265
1.61215034768
1.61237488061
1.61359699249
1.61509450087
1.61541591811
1.61603597221
1.61898284998
1.62335453113
1.62339122216
1.62408739864
1.62696801526
1.62806336296
1.629786113
1.62978611319
1.63115273288
1.63474717705
1.63498618389
1.63519911861
1.64062582419
1.64075449733
1.64084092332
1.64350617261
1.64431791479
1.64442963747
1.64629577505
1.64697314128
1.64872291114
1.6504752894
1.65047528941
1.65339763763
1.65367309428
1.65407194384
1.65437732037
1.65585849353
1.65604938019
1.65687979583
1.65921858512
1.66007603555
1.66053057694
1.66462415262
1.66670309032
1.67138684546
1.67163205419
1.67189131393
1.67216441116
1.6725616696
1.6725616696
1.67321739933
1.68277105171
1.68286163548
1.68378422521
1.6840509272
1.68526377017
1.68704454215
1.68738301537
1.68758241325
1.6880284415
1.68893147876
1.68907198732
1.69082530244
1.69082648376
1.69210575059
1.69292629611
1.6932266968
1.69548601678
1.695988528
1.695988528
1.69631853477
1.69882800977
1.69888753518
1.70066543396
1.70200121616
1.70338740941
1.70374048407
1.70748449606
1.70801897124
1.70820524118
1.71036389067
1.71057888603
1.71268732484
1.71416050992
1.71574747762
1.71630949925
1.71743588807
1.72056344427
1.72069609665
1.72069609665
1.72202107224
1.72263882672
1.725506592
1.7261465865
1.72661888315
1.72709774446
1.72820734228
1.7317446187
1.73258682574
1.73262856345
1.73412410487
1.73493188034
1.736811048
1.73710363067
1.73917725109
1.73925976424
1.74326361057
1.74641846477
1.7466214895
1.7466214895
1.74955928904
1.75107710483
1.75305483284
1.75441752038
1.75674600028
1.75828902059
1.75880586121
1.75937422882
1.75947746866
1.76196509905
1.76204019318
1.76293174887
1.76303832576
1.76465246264
1.76582872888
1.76791190846
1.76837216318
1.77064712137
1.77132279908
1.77165325079
1.77369871739
1.77369871739
1.77731256428
1.77737203193
1.77810944362
1.77842210623
1.77847707377
1.7794311492
1.7821050211
1.78386729656
1.78419279356
1.78427218464
1.78598254173
1.78673928508
1.7872023537
1.78777863826
1.78957728733
1.79156071013
1.79430356132
1.79645163943
1.79856766259
1.79951603287
1.80091249448
1.80143445898
1.80185872517
1.80185872517
1.80249119803
1.80291459619
1.80691932761
1.80716628215
1.80731488774
1.80874613176
1.80939619309
1.80983732984
1.81039020969
1.81128999174
1.81151719374
1.81370724845
1.81942311783
1.81974444494
1.82013695497
1.82026595034
1.82088975196
1.82193239979
1.82282653141
1.8235984611
1.82494559735
1.82781114766
1.83045467037
1.83102943347
1.83102943347
1.83194466987
1.83769374697
1.83816209286
1.83864692033
1.83981435603
1.84059440635
1.84196779188
1.84206317355
1.84309228754
1.84347744605
1.84400723524
1.84448516604
1.84587899402
1.84598185688
1.84851247458
1.85252802083
1.85375672784
1.85387227009
1.85413105542
1.85615478658
1.85667716278
1.85865205482
1.86113578012
1.86113578012
1.86132119651
1.86183848611
1.86314045986
1.86344387293
1.86427819508
1.8661686624
1.86704392224
1.86752971457
1.86979594224
1.86988796013
1.87005746614
1.87100265762
1.87281722059
1.87529083248
1.87752088308
1.87949443373
1.88030864639
1.88040342986
1.88040831849
1.88164140627
1.88479089919
1.88491259309
1.88520414006
1.88817681176
1.88856765758
1.89087325796
1.89191769556
1.89198918142
1.89203765081
1.89209975909
1.89209975909
1.89462791248
1.89598875152
1.89891246154
1.89892685724
1.89989486861
1.90053661759
1.90118060702
1.90383242581
1.90520142592
1.90528910377
1.90558449423
1.90851812993
1.90967410111
1.91018479898
1.91105123235
1.91407249698
1.91817497175
1.91938900834
1.91975083625
1.91988906756
1.920110058
1.92012009382
1.92075606741
1.92139082997
1.92329261123
1.92344962504
1.92384045578
1.92384045578
1.92449272053
1.92473287505
1.92628646241
1.92645388815
1.92959952957
1.93086211001
1.93390893126
1.93563053251
1.93649968001
1.93651838976
1.93771758136
1.94092320356
1.94176836287
1.94179417858
1.94272154483
1.9430153172
1.94334392981
1.94472661305
1.9477716839
1.94832369514
1.94845289432
1.95038950273
1.95118054187
1.95136708724
1.95277880295
1.95383851456
1.95398872489
1.95627407692
1.95627407692
1.95867094866
1.95933661008
1.96053623775
1.96144741678
1.96150611026
1.96160050666
1.96230041852
1.96647981241
1.96667990512
1.96761070065
1.96780566761
1.96791567201
1.96992347988
1.97081328004
1.97112740807
1.97179337609
1.97330391555
1.97801300294
1.97874431473
1.97950754557
1.97955322821
1.98206585727
1.98215487689
1.98226322591
1.98233987765
1.98443506149
1.98454845275
1.98931397264
1.98931397264
1.99060139973
1.9915605472
1.99183506008
1.99232017882
1.99275664093
1.99281231802
1.99386082656
1.99451240233
1.99735639274
1.99917379017
1.99933889777
2.00085986922
2.00218988031
2.00251422692
2.00312911985
2.00439984618
2.00536519288
2.00747968963
2.00783188659
2.00890968401
2.00917537641
2.01059702201
2.01111892598
2.01141530644
2.01311570821
2.01406450603
2.01538870403
2.01618856978
2.01786720004
2.0178684454
2.01858875056
2.01890923702
2.01987831221
2.02005964828
2.0217265894
2.02177733702
2.02205396111
2.02287064685
2.02287064685
2.02815545944
2.02840993573
2.02880805613
2.02963926517
2.03138600613
2.03140730919
2.03259102441
2.03529279608
2.03628060787
2.03634310741
2.03643168142
2.03711380607
2.03806495562
2.03947034487
2.03950274719
2.04315523279
2.04327670504
2.04362213334
2.0438225347
2.04598700193
2.04630413701
2.0483068177
2.04848818823
2.04963346166
2.05020643777
2.05103831331
2.05116483131
2.05170470791
2.05218042943
2.05294110398
2.0545544212
2.05492140797
2.05685175029
2.05685175029
2.05888917148
2.05898750608
2.06089924662
2.06147824267
2.06304605383
2.06318206498
2.06946000362
2.06965029452
2.0706930057
2.07467973134
2.07505087984
2.07586346473
2.07603207453
2.07685231177
2.07742913382
2.07751285445
2.07800624907
2.07835551846
2.08018146767
2.08041491692
2.08103633141
2.0811140349
2.08157760247
2.08183869908
2.08212795049
2.08227513575
2.08389208752
2.08465598134
2.08485323962
2.08497244463
2.08595632925
2.08658909981
2.08799085017
2.08822189532
2.08845689498
2.09062062365
2.09069234877
2.09116204832
2.09116204832
2.0913804452
2.09187583312
2.09301878752
2.09471130602
2.09516288835
2.09663404035
2.09801035222
2.09843151649
2.10005214248
2.10024613142
2.10098980654
2.10173397016
2.10252088469
2.1031544761
2.10424143551
2.106300575
2.10695705293
2.10729176974
2.10730351916
2.10908514225
2.10920836508
2.11171557301
2.1141238577
2.11456343372
2.11481169675
2.11517884156
2.11523277064
2.11662559904
2.11676999197
2.11755798332
2.12011034187
2.12039223409
2.12089105694
2.12105324097
2.12209194915
2.1223245346
2.12354688809
2.12446567223
2.12542476974
2.12570335237
2.12570335237
2.12589610724
2.12598505199
2.12673653012
2.12678354467
2.12765128528
2.12978908774
2.13040799295
2.133118606
2.13341616431
2.13365814782
2.13487418716
2.13572198189
2.13774922369
2.13900285556
2.13935320876
2.14074047493
2.14107912575
2.14198808104
2.14248142301
2.1454276491
2.14592641392
2.14619593492
2.14638023805
2.14664844372
2.14809908515
2.14841329719
2.15063187435
2.15080464537
2.15104778951
2.15112551823
2.15139945991
2.15160348786
2.15237876941
2.15434339381
2.15466509729
2.15545359627
2.15757618031
2.15784367879
2.15806231074
2.15938601306
2.16
2.16
2.16
2.16
2.16
2.16
2.16
2.16
2.16
2.16
2.16
2.16
2.16
2.16
2.16
2.16
2.16
2.16
2.16
2.16
2.16037440059
2.16037440059
2.16057597729
2.16194492438
2.1622797385
2.16390043218
2.16411032136
2.16503918571
2.16571871163
2.16774241732
2.16864477556
2.1687355662
2.16910856274
2.17036487075
2.17184831076
2.17198513509
2.17320569296
2.17369306641
2.17389890281
2.17443173583
2.17544246541
2.17553860859
2.17643038559
2.17656836293
2.17694802419
2.17815277418
2.17824525677
2.18268165446
2.18361341616
2.18392453224
2.18539961947
2.18818650952
2.18866567604
2.18891181735
2.18903887416
2.19060389679
2.19293944115
2.19347927238
2.19422764083
2.19448169857
2.19472301283
2.19507066952
2.19507066952
2.19692752212
2.19887262268
2.19964271238
2.19980996559
2.20009161007
2.20056118656
2.20126550877
2.20145018983
2.20219594921
2.20266505887
2.20383847027
2.20473892073
2.20530763121
2.20545820112
2.20609772682
2.2065288138
2.20775269249
2.20929603651
2.21054545644
2.21136612885
2.21341098436
2.21531884923
2.21559252607
2.21672998752
2.21896677337
2.21974563505
2.22009271945
2.22112711605
2.22153672242
2.22379514108
2.22526703258
2.2255473762
2.22687595858
2.22743904671
2.22746426073
2.22799876986
2.22878616665
2.22968409603
2.22968409603
2.23065165095
2.23106413139
2.23120445318
2.23212992712
2.23285952547
2.23341012212
2.23401543185
2.23402604209
2.23469980208
2.23569472543
2.23675228987
2.23748902399
2.2381628142
2.23878004941
2.23955843836
2.23981853233
2.23983445622
2.24238284639
2.24300187139
2.24393950162
2.24595583931
2.24678987073
2.24778588744
2.24795922729
2.25033700099
2.2520805039
2.25210292741
2.25329465955
2.2542778683
2.25547868795
2.25777221909
2.25828815816
2.26221405315
2.26410269172
2.26410269172
2.2646390646
2.26515486374
2.26772329751
2.26781777459
2.26818139814
2.269578086
2.26969540566
2.27072900517
2.27098643165
2.27240526558
2.27455441491
2.27476234639
2.27561270637
2.2763543859
2.27636466005
2.27637823801
2.27739067419
2.27856555566
2.28071026027
2.28133928505
2.28195315799
2.28272122978
2.28584466558
2.28667399879
2.29305377304
2.29347652443
2.293538629
2.29445045353
2.29593987335
2.29656383895
2.29778004904
2.29821004805
2.29821004805
2.29864880292
2.29903605812
2.3002247365
2.30290863802
2.30603396101
2.30676172938
2.30683031951
2.30689516595
2.30769833049
2.30814977462
2.30837309104
2.31085582622
2.31464965664
2.31578706345
2.31599758198
2.31680155069
2.31720829675
2.31738310793
2.31801317713
2.31826996024
2.31903268722
2.31928999368
2.32042062008
2.32051937196
2.32133620339
2.32156466051
2.3218157994
2.32280018213
2.32295551789
2.32336467455
2.33188478107
2.33188478107
2.33263078803
2.33445230576
2.33636899748
2.33704279362
2.33739824119
2.33808576634
2.34071324999
2.34363016152
2.34407808173
2.34586778099
2.34952676511
2.35006337853
2.35122438351
2.35154626443
2.35291592749
2.35435729826
2.35786323304
2.35789035172
2.3580813308
2.35924759847
2.35927786097
2.36146034123
2.36375936193
2.36500009028
2.36500009028
2.36524738899
2.3665422116
2.36850697618
2.36897943764
2.37019521938
2.3713472297
2.37439142587
2.37538236814
2.37633173832
2.37707689033
2.37769833653
2.3777030698
2.37908478305
2.3797011936
2.38146542541
2.38215523827
2.38304327597
2.38513456912
2.38534807458
2.38687837522
2.39112324354
2.39138023136
2.39545811548
2.39573379581
2.39742388781
2.39742388781
2.39766905333
2.39836410953
2.39924393259
2.40081957572
2.40193258828
2.40267342601
2.40355215801
2.40640521902
2.40876135802
2.40965803954
2.40999946915
2.41166085726
2.41230152813
2.41460235056
2.41474689775
2.41856240665
2.41941759609
2.42031741769
2.42200524602
2.42902051605
2.42902051605
2.42985646739
2.43202160765
2.43298649406
2.43337143754
2.43454456836
2.43525579122
2.43809015051
2.43853015622
2.4386214724
2.43912116891
2.4396770808
2.4400548998
2.44023729053
2.4423892146
2.44278574644
2.44361792977
2.44820468499
2.44845128084
2.4488608716
2.44931448597
2.44949910264
2.45855183528
2.45901743792
2.45965601467
2.45965601467
2.46068360063
2.46161856171
2.46207590209
2.46756728764
2.46780694452
2.4737511047
2.47491663546
2.47519173128
2.47604053891
2.47742047678
2.47749264661
2.4802499387
2.48036500008
2.48048059418
2.48052018776
2.48091130541
2.48395830427
2.48490195987
2.48709004509
2.48884196195
2.48920996287
2.48920996287
2.49023755103
2.49172526555
2.49613370725
2.50019229112
2.50130515041
2.50327862622
2.50694968222
2.51036383852
2.51048651865
2.51121979934
2.51306842084
2.51387904663
2.5139365901
2.51425919685
2.51493851651
2.5166860396
2.51732284241
2.51759664786
2.51759664786
2.51839399782
2.51953129379
2.52254609991
2.52269448802
2.52304978015
2.52962782547
2.53168577405
2.53233779848
2.53811119686
2.54107900894
2.54166008044
2.54308190667
2.54426757874
2.54479331675
2.54479331675
2.54616203151
2.55134653762
2.55213532885
2.55427890347
2.55635633858
2.55756423906
2.55803490095
2.55894322147
2.56033844739
2.56110132147
2.56211575281
2.56220481714
2.56299443968
2.56644252722
2.57086126042
2.57086126042
2.57178741512
2.57476081722
2.57551328388
2.57630999329
2.57785152506
2.58478328261
2.58691025586
2.58817157102
2.58912030332
2.59216162983
2.59257706836
2.59268532382
2.59305458245
2.5934635641
2.59397408928
2.59593514533
2.59593514533
2.59616789572
2.59866633349
2.60224937088
2.60314379351
2.60339650203
2.60348144583
2.61037934275
2.61524223752
2.61777463942
2.61964689164
2.62016874311
2.62016874311
2.62155491433
2.6232896822
2.62626429427
2.62834434986
2.62842145443
2.63190655907
2.63392861694
2.63489061691
2.63824116694
2.63954691763
2.64364323822
2.64366297662
2.64366297662
2.64379152487
2.64429576455
2.64622990304
2.64633052297
2.65026757739
2.65466970449
2.65990257511
2.66021688518
2.66144257726
2.66198423885
2.66460292313
2.66642295802
2.66642295802
2.67279440702
2.67284635239
2.67314170991
2.67423431652
2.67637279678
2.67740521856
2.67838687989
2.67846831324
2.67896929741
2.68064770525
2.68435223318
2.68836407203
2.68836407203
2.68909525786
2.69066166985
2.69093554326
2.69146840338
2.69909062459
2.70486321485
2.70566485449
2.70902165569
2.7093475596
2.7093475596
2.71022270288
2.71262271956
2.71302724337
2.71339699319
2.71445259139
2.71577035231
2.72255848598
2.72921669213
2.72921669213
2.73051140524
2.7334121537
2.73358864477
2.7345746336
2.73574528917
2.73664404736
2.74137685314
2.74337941757
2.74649777506
2.74781975502
2.74781975502
2.75183407171
2.75240816759
2.75243350278
2.75612682413
2.75631889587
2.76394842048
2.76400819551
2.7640923616
2.7650203048
2.7650203048
2.76935340136
2.77002296686
2.77012680606
2.7712047294
2.7737195156
2.77745060864
2.77794112205
2.78053946164
2.78069980229
2.78069980229
2.78412393088
2.7845108971
2.787224838
2.79069268325
2.79475687442
2.79475687442
2.79485312788
2.79998962989
2.80266813679
2.80324762212
2.80488538317
2.80710556742
2.80710556742
2.80747742118
2.81767362151
2.81767362151
2.8177526081
2.82640111249
2.82640111249
2.82654423356
2.8281711128
2.82922859961
2.82983615726
2.83025641407
2.830696387
2.831428456
2.83304156193
2.83323951757
2.83323951757
2.83494782042
2.83815117041
2.83815117041
2.84110905138
2.84110905138
2.84666480469
2.84823812893
2.84875110782
2.84900146408
2.85528945773
2.85974541087
2.86155583037
2.8652567772
2.86685706974
2.86755648959
2.8677160278
2.86780554392
2.86988573299
2.87098163608
2.87203200061
2.87498955456
2.87498955456
2.87620565429
2.8772752285
2.8772752285
2.88101561753
2.88101561753
2.88332869974
2.88369070987
2.8861095364
2.8861095364
2.89241979642
2.89241979642
2.89499194383
2.89566697858
2.89694582829
2.89977706734
2.89977706734
2.90398310188
2.90412690022
2.90798433229
2.90798433229
2.91202401818
2.91682184478
2.91682184478
2.91920030785
2.92192204139
2.92605254162
2.92605254162
2.92678661438
2.92891064101
2.93131217475
2.9314910143
2.93196303588
2.934906012
2.9354278758
2.9354278758
2.940238804
2.94324187019
2.94427240953
2.9446940233
2.9446940233
2.9458565269
2.94960571038
2.95187843713
2.95359839362
2.95359839362
2.95884379912
2.9618963409
2.9618963409
2.96479249121
2.96800160126
2.96935793594
2.96935793594
2.97011737385
2.97104322643
2.97215801043
2.97468198511
2.97577462074
2.97577462074
2.97811646367
2.98096553025
2.98096553025
2.98404026491
2.98424748425
2.98478323173
2.98478323173
2.98711860816
2.98711860816
2.98767927763
2.9877475237
2.9946496083
3.00113722122
3.01096060056
3.0144779681
3.01998080166
3.02640546804
3.02653639596
3.02998078884
3.03510903231
3.039395972
3.03992821623
3.03996947781
3.04153373645
3.04291784539
3.05950555375
3.06083857131
3.06595505084
3.07160523098
3.07209220328
3.07319600871
3.07686101342
3.08210388183
3.08227555186
3.08518558556
3.09013681322
3.09478672445
3.09553264237
3.09632546909
3.10196708621
3.12389438373
3.13332527306
3.13412241975
3.13562336917
3.13930542768
3.13979415253
3.15124473135
3.15186787113
3.15425264942
3.1587391867
3.16849138823
3.17513673984
3.1768133221
3.17848138392
3.1855453084
3.18582286202
3.18619849932
3.19362186666
3.19362186666
3.19362186666
3.19362186666
3.19754097142
3.20082460799
3.20492812325
3.20790974575
3.21753671707
3.23569166572
3.24079477861
3.24247660474
3.25127485515
3.25687381806
3.26409853055
3.26581067512
3.27416114604
3.27782090779
3.2835947973
3.29399872544
3.29504476404
3.30089925911
3.31119563621
3.31715738457
3.31991604289
3.32056879374
3.32785647027
3.36635391329
3.36644236877
3.37456107346
3.37817857542
3.37875648451
3.39646236935
3.3993357303
3.41416958135
3.41576307547
3.42672418688
3.43960035746
3.44150517871
3.4741346112
3.49491207408
3.50083597194
3.51263025597
3.52944446172
3.53457192326
3.56075102979
3.61692790338
3.66414231532
3.6943977583
3.70645312905
3.70940890052
3.70992270014
3.70999190098
3.70999932197
3.70999995536
3.70999999775
3.70999999992
3.71
3.71
3.71
3.71
3.71
3.71
3.71
3.71
3.71
3.71
3.71
3.71
3.71
3.71
3.71
3.71
3.71
3.71
3.71
3.71
3.71000000008
3.71000000225
3.71000004464
3.71000067803
3.71000809902
3.71007729986
3.71059109948
3.71354687095
3.7256022417
3.75585768468
3.80307209662
3.85924897021
3.88542807674
3.89055553828
3.90736974403
3.91916402806
3.92508792592
3.9458653888
3.97849482129
3.98039964254
3.99327581312
4.00423692453
4.00583041865
4.0206642697
4.02353763065
4.04124351549
4.04182142458
4.04543892654
4.05355763123
4.05364608671
4.09214352973
4.09943120626
4.10008395711
4.10284261543
4.10880436379
4.11910074089
4.12495523596
4.12600127456
4.1364052027
