-6.9050424228
-6.90276962835
-6.89706190562
-6.89457991259
-6.89281896969
-6.88931572227
-6.88862322352
-6.88082359088
-6.87904779339
-6.87811493858
-6.87786889574
-6.87576761212
-6.86955407165
-6.86842654397
-6.86309086451
-6.85560136311
-6.85540014812
-6.85207782648
-6.84781370314
-6.83885712654
-6.83790669649
-6.83746441692
-6.83299219919
-6.83107061045
-6.8281404831
-6.82757284566
-6.82696583614
-6.82389006118
-6.81887965377
-6.81489877914
-6.811237866
-6.80989162541
-6.80215983825
-6.80171599441
-6.79965636679
-6.79689771436
-6.79373867222
-6.7909555546
-6.79073491686
-6.78914099351
-6.78587274783
-6.78510368224
-6.78235725945
-6.78048637837
-6.77936654447
-6.77493970562
-6.77401708327
-6.77355231732
-6.77321680696
-6.77177485673
-6.77063208237
-6.7683253107
-6.7658900104
-6.76235920216
-6.75998300354
-6.75347874099
-6.74525681281
-6.74193153884
-6.7371359124
-6.72524846659
-6.71962977382
-6.71855626448
-6.71652314285
-6.7161882364
-6.71596569223
-6.71297296953
-6.70978566411
-6.70679462253
-6.70583252203
-6.70307340614
-6.70221908805
-6.7016794004
-6.6996463425
-6.69809302134
-6.69607246551
-6.69593741475
-6.69164071799
-6.68525599778
-6.68357374363
-6.68221383346
-6.67988857799
-6.674623721
-6.67384548675
-6.67080841649
-6.67080821446
-6.66602436057
-6.66483773034
-6.66427278275
-6.66239934766
-6.6597572977
-6.65898176381
-6.65256868082
-6.64940892089
-6.64139767437
-6.64067555178
-6.63906593024
-6.63498974738
-6.63481027873
-6.6295049416
-6.61917913084
-6.61758816287
-6.61740277165
-6.61508040929
-6.61358626018
-6.61339624679
-6.61225080986
-6.6087876689
-6.60389102215
-6.60007729771
-6.59960416515
-6.59937485211
-6.59880377721
-6.59668365376
-6.58996877662
-6.58813127091
-6.58790197395
-6.58723607426
-6.58358211085
-6.58116301355
-6.57912224181
-6.57419172583
-6.57068802921
-6.56981582714
-6.5637381524
-6.55840900007
-6.55498316661
-6.55453382783
-6.5434150902
-6.54226501721
-6.5412855709
-6.53978820867
-6.53839953242
-6.5379347357
-6.53674808933
-6.53188775945
-6.53129647012
-6.53110055173
-6.52932500981
-6.52645127796
-6.52276459042
-6.51932543676
-6.51862595499
-6.51551396772
-6.50542908144
-6.50483363779
-6.5045617165
-6.49691539639
-6.49640199899
-6.49564651446
-6.49068662024
-6.49058373621
-6.48924724285
-6.48450786447
-6.48308253164
-6.47643483843
-6.46825497792
-6.46812259156
-6.4674495751
-6.46657702008
-6.46315586104
-6.44520692752
-6.4441253638
-6.44183506417
-6.44173279765
-6.43969277859
-6.43941578484
-6.4393583792
-6.4346774692
-6.43191947547
-6.42905944537
-6.42843791424
-6.42506495
-6.42416607004
-6.4223461024
-6.41190597506
-6.41154348754
-6.4102691145
-6.40388984147
-6.40126764441
-6.39827407421
-6.397434353
-6.39637995417
-6.39326684026
-6.39182345319
-6.38744552875
-6.38675445802
-6.38342230644
-6.37994620309
-6.37843734347
-6.37841381951
-6.37699456169
-6.37534139233
-6.37278031699
-6.37133048238
-6.3692794475
-6.36800405797
-6.36629328239
-6.36327975153
-6.36287293776
-6.35935002755
-6.35749552264
-6.35695401157
-6.35429112593
-6.34826520601
-6.34711556872
-6.34113861323
-6.34037097252
-6.33847767093
-6.3361003097
-6.33513332043
-6.3257475879
-6.32532678697
-6.323568173
-6.31307378108
-6.30996028689
-6.30869518334
-6.3055518227
-6.30548483972
-6.29427960915
-6.28904695755
-6.28513033051
-6.28452075465
-6.28256088404
-6.28204992924
-6.27717093198
-6.27330339267
-6.26936731348
-6.26817901398
-6.26734309986
-6.26503586384
-6.26330565972
-6.2617434249
-6.25633807552
-6.25469030214
-6.25251442999
-6.24953492369
-6.24595618451
-6.24260348251
-6.24249706309
-6.2415697198
-6.23635957881
-6.2326163942
-6.23226818528
-6.22660850936
-6.22618031767
-6.2256007402
-6.22329186638
-6.22245940574
-6.22223896638
-6.21774063831
-6.21578102017
-6.21201635795
-6.20270726331
-6.2025693389
-6.20193972831
-6.19951760595
-6.19456362679
-6.18527357107
-6.17888374273
-6.17447562311
-6.17425011166
-6.16663776776
-6.16360681387
-6.15833531728
-6.15691021419
-6.15599925121
-6.15580459188
-6.15345235408
-6.15307876561
-6.14937458496
-6.14748762857
-6.14156303828
-6.13518969054
-6.13178563425
-6.12893561734
-6.12255005377
-6.11919809175
-6.11191673665
-6.11081721254
-6.10427744136
-6.1033416238
-6.0975031147
-6.09704963046
-6.09666703669
-6.09507007046
-6.09318515566
-6.08995221552
-6.08554598955
-6.07796834846
-6.07621580459
-6.07233470028
-6.07226138405
-6.06914026914
-6.06911489581
-6.06205561001
-6.05945272328
-6.05469821681
-6.05034051461
-6.04431320926
-6.03736753334
-6.03693084274
-6.0311759772
-6.02797030251
-6.0272703588
-6.02657515521
-6.01960038115
-6.0145043905
-6.01397439194
-6.00431599262
-5.99839481294
-5.99572180058
-5.99363267534
-5.98016603716
-5.97646371349
-5.97362101937
-5.96942841923
-5.96770938238
-5.9619523763
-5.96009559984
-5.95687972936
-5.95511766764
-5.95018406133
-5.94548828501
-5.93501396144
-5.93210402105
-5.92488347739
-5.92162033159
-5.92044099981
-5.92043763033
-5.90819575449
-5.90699124475
-5.90619853051
-5.90437594172
-5.8999045651
-5.8964967997
-5.89358695669
-5.89287480475
-5.88305831521
-5.87906318598
-5.87681361093
-5.87640093709
-5.87549569343
-5.87259219324
-5.86769194011
-5.8494100929
-5.84325104744
-5.84300507287
-5.84156568281
-5.83233945547
-5.82927562319
-5.82005595728
-5.81922952087
-5.81829950546
-5.81742739925
-5.81712262387
-5.81476202595
-5.811575677
-5.81043727056
-5.80807168857
-5.80561508715
-5.80329061714
-5.80253229255
-5.80052588116
-5.79993405989
-5.79846537066
-5.79828879594
-5.77789605258
-5.77494934162
-5.77055700789
-5.77055172449
-5.76602839469
-5.76413373774
-5.75975068258
-5.7477860057
-5.74744063025
-5.7370398757
-5.72937531329
-5.72538366226
-5.72275102582
-5.7211772176
-5.71786733016
-5.71580027116
-5.71502281943
-5.71341605436
-5.7096707186
-5.70573906634
-5.69725313
-5.69349453448
-5.68862837892
-5.68391097881
-5.68007203252
-5.67959975869
-5.67637314468
-5.6751619968
-5.66592671358
-5.66565587561
-5.66392410801
-5.658970957
-5.65624441891
-5.65542961521
-5.64782402255
-5.64367641671
-5.64030601323
-5.63632780816
-5.63545136631
-5.63301056764
-5.62995162819
-5.61930617489
-5.60937527647
-5.60150667868
-5.59937342891
-5.59655884624
-5.58836730176
-5.58644819348
-5.58217833001
-5.57772798039
-5.5737068977
-5.57367397093
-5.56726797207
-5.56574768835
-5.56485068314
-5.55654591601
-5.55243614565
-5.54889393674
-5.5455226539
-5.54322292998
-5.54155499727
-5.54110032694
-5.54106854223
-5.53559836259
-5.53522692534
-5.53366474858
-5.53194806589
-5.53151067911
-5.52496718926
-5.522315267
-5.52055305883
-5.51318113924
-5.50931993814
-5.50740229837
-5.50506579482
-5.49885263763
-5.49738173956
-5.49585817723
-5.48695896887
-5.47638426662
-5.47119898546
-5.46815054232
-5.46663193694
-5.46630752239
-5.46602930769
-5.46190482488
-5.45557466114
-5.45333320073
-5.44564733845
-5.4447785318
-5.4438937087
-5.44210008058
-5.4393922797
-5.43884428285
-5.41237041324
-5.41037089687
-5.41003192819
-5.40398464215
-5.40347674042
-5.4030131901
-5.40229761855
-5.3975917103
-5.3937518214
-5.39140469802
-5.38313452783
-5.37519193861
-5.36415226148
-5.36350302825
-5.36335084222
-5.36281008725
-5.35983899709
-5.35440194649
-5.35381633983
-5.35091423014
-5.34931082328
-5.34492392194
-5.33629712107
-5.3362654164
-5.33596178056
-5.33178842348
-5.32661729832
-5.32057881913
-5.31952846934
-5.31805886602
-5.3173696705
-5.30877566689
-5.30730869578
-5.30412391154
-5.29937244082
-5.29763564901
-5.28683136124
-5.28014770548
-5.27592342685
-5.27172531354
-5.27161731992
-5.26904974203
-5.2673932614
-5.2657620123
-5.26450508593
-5.25532285484
-5.25453535377
-5.25233755929
-5.2499139904
-5.24635306189
-5.2461718212
-5.24442336958
-5.24139342259
-5.2393669381
-5.23769942751
-5.23534663812
-5.2286940239
-5.22718367812
-5.21984107532
-5.21702806736
-5.21088681368
-5.20809887346
-5.20082661532
-5.19383458226
-5.19271871637
-5.18511575722
-5.17799884181
-5.177012701
-5.17535560429
-5.17288544179
-5.16877336364
-5.16726831953
-5.16563399335
-5.16427882941
-5.15887267446
-5.15782582949
-5.14945588159
-5.14264233055
-5.14107875902
-5.1326091188
-5.13257859212
-5.12966607417
-5.129086868
-5.12685820454
-5.12027331918
-5.11837084497
-5.11784138175
-5.11244152917
-5.10953614086
-5.10501769154
-5.10089905348
-5.09789282629
-5.09229312337
-5.09045388733
-5.08766031314
-5.08705238181
-5.08641387412
-5.08289277241
-5.07508894702
-5.07359779177
-5.07230937234
-5.06262670019
-5.04797452473
-5.04328205397
-5.04215326888
-5.03985054255
-5.0388521073
-5.03672856389
-5.03664478655
-5.0258154667
-5.02114208493
-5.01829010703
-5.01817329608
-5.01724660474
-5.01055688444
-5.00856947238
-5.0060627534
-5.00228685044
-4.99968739774
-4.9951010211
-4.99284943341
-4.99217937756
-4.99097267412
-4.98989753721
-4.98685861609
-4.98116095883
-4.98104918761
-4.97590972899
-4.9757902239
-4.97406919822
-4.97353682339
-4.97063915671
-4.96708851603
-4.96632642539
-4.96485625711
-4.95786911487
-4.94750371783
-4.94741672223
-4.94576606534
-4.93893603039
-4.93633892567
-4.92901392992
-4.92049138684
-4.91992469391
-4.91941981883
-4.90655292486
-4.90624783667
-4.90604291787
-4.89972352584
-4.89779885894
-4.89753396085
-4.89310928847
-4.89150323128
-4.88735447049
-4.87627054319
-4.8756174266
-4.87467174142
-4.87394768381
-4.87043577446
-4.86998317604
-4.86801423377
-4.86246888893
-4.86043584629
-4.85935811399
-4.849652114
-4.84472288567
-4.83361755112
-4.83303615333
-4.83242144011
-4.83177391778
-4.82927724886
-4.80662523089
-4.80641045383
-4.80422296382
-4.80359060481
-4.80071491501
-4.79649264719
-4.79569011628
-4.79521733745
-4.7941597901
-4.79201865961
-4.79168550929
-4.78752834258
-4.78752554164
-4.78449235872
-4.78254681881
-4.78183455909
-4.77647763853
-4.77450371154
-4.76855366535
-4.76841252867
-4.76419707332
-4.76102989064
-4.75774318173
-4.75690603032
-4.74802885711
-4.74676159923
-4.74631994718
-4.74120171961
-4.74069195868
-4.73569278224
-4.73219981289
-4.73119312603
-4.73119312603
-4.73119312603
-4.73119312603
-4.72843706129
-4.72710448987
-4.72443378565
-4.717018249
-4.71356216607
-4.71209745026
-4.70529788628
-4.70378043868
-4.7026606081
-4.70152521248
-4.69889432025
-4.69050732374
-4.6885104237
-4.68841146224
-4.68486548529
-4.68295022358
-4.67849465644
-4.6778009335
-4.67288431259
-4.67268867125
-4.66319542244
-4.65571516138
-4.64826816571
-4.64466937552
-4.63998011859
-4.63674914249
-4.63122824153
-4.62756969061
-4.62634424482
-4.62499662687
-4.62475184188
-4.61885359
-4.61867553938
-4.61656163209
-4.61630893483
-4.61248176423
-4.60969279902
-4.60475351305
-4.60366223427
-4.59826823501
-4.59666618136
-4.59588266968
-4.58246425484
-4.58232325513
-4.58057482824
-4.5798334951
-4.57970316528
-4.57744102166
-4.57110118512
-4.56692277316
-4.56615100928
-4.56596277048
-4.56190745863
-4.56011319575
-4.55901524512
-4.55764885582
-4.55338420085
-4.54868144143
-4.54217805278
-4.53708489029
-4.53206773111
-4.52981911458
-4.52650805904
-4.5252704644
-4.52276490201
-4.52176101131
-4.51226566394
-4.51168012676
-4.51132777812
-4.50793425237
-4.50639293597
-4.50534698651
-4.50403609055
-4.50190267829
-4.50136397501
-4.49617128466
-4.48261877398
-4.48185689704
-4.4809262431
-4.48062039092
-4.47914133715
-4.47666918551
-4.4745491706
-4.4727189004
-4.46952479689
-4.46273048468
-4.45646260705
-4.45292977018
-4.4392985229
-4.43818805969
-4.43703851813
-4.43427049043
-4.43242096594
-4.42916462456
-4.42893847155
-4.42649840907
-4.42558518582
-4.42432903857
-4.42319584921
-4.41989103813
-4.41964714696
-4.41364697075
-4.40412598105
-4.40121267712
-4.40093872271
-4.40032513433
-4.39552680247
-4.39428823166
-4.38960569893
-4.38327707788
-4.38205056756
-4.37896354579
-4.3782441436
-4.37626593888
-4.37178357987
-4.36970831057
-4.36855648128
-4.36318318237
-4.36296500498
-4.36256310077
-4.36032202129
-4.35601963393
-4.35015462036
-4.34486709846
-4.3401877462
-4.3382572217
-4.33803248704
-4.33802089596
-4.33509720505
-4.32762965573
-4.32734111557
-4.32664984829
-4.3196015478
-4.31867483977
-4.31320818689
-4.31073179165
-4.31056229637
-4.31044737387
-4.30430577989
-4.30107918663
-4.29414697588
-4.2941128432
-4.29181765701
-4.29029604947
-4.28876912976
-4.28248158188
-4.27923563845
-4.27902775144
-4.27832737114
-4.27137162625
-4.2686307813
-4.26741990017
-4.26536555871
-4.2582020428
-4.2484749428
-4.24559642286
-4.24473851723
-4.24441076632
-4.24388679088
-4.24386299562
-4.24235508172
-4.2408500392
-4.23634085449
-4.23596856969
-4.23349535662
-4.23292594252
-4.22924233676
-4.22884536493
-4.22138694766
-4.2183933287
-4.21116921725
-4.20708724514
-4.20502646838
-4.20498210697
-4.202138785
-4.19453815135
-4.19253425137
-4.19247304149
-4.19027422619
-4.18957768242
-4.18879853133
-4.18552014475
-4.17830018355
-4.17699134708
-4.17668501167
-4.17209325065
-4.17021767134
-4.16977536625
-4.16642814277
-4.16391553235
-4.16355937881
-4.15245767521
-4.15087937051
-4.14803501461
-4.14587457975
-4.14573541561
-4.14551159868
-4.1438520851
-4.13394260736
-4.13346818109
-4.13126123485
-4.13079896192
-4.13053813794
-4.12577756072
-4.12366781583
-4.12292300813
-4.12134397647
-4.11776243868
-4.10659704057
-4.10486307673
-4.10305343179
-4.10294511678
-4.09698759222
-4.09677652383
-4.0965196248
-4.09633788106
-4.0913701326
-4.09110127826
-4.07674954571
-4.07447537612
-4.07382449723
-4.07267426504
-4.07163939931
-4.07150738714
-4.06902133956
-4.06747643239
-4.06073323939
-4.05642413145
-4.05603265601
-4.05242638363
-4.04927288443
-4.04850384815
-4.04704591719
-4.04403298408
-4.0417441159
-4.0367305759
-4.03589550554
-4.0333400131
-4.03271004783
-4.02933928026
-4.02810182912
-4.02739910149
-4.02336739404
-4.02111776381
-4.01797804763
-4.01608154012
-4.01210145364
-4.01209850084
-4.01039063407
-4.00963075035
-4.00733304181
-4.00690308814
-4.00295071697
-4.00283039273
-4.00217450808
-3.98770765872
-3.98710428723
-3.98616033091
-3.98418950747
-3.9800479283
-3.97999741806
-3.97719079109
-3.97662208735
-3.97662208735
-3.9707848033
-3.96844266969
-3.96829448126
-3.96808446943
-3.96646712987
-3.96421192361
-3.96099864226
-3.96099864226
-3.96087970037
-3.96080287342
-3.95214271225
-3.95185469761
-3.95103567597
-3.95056051789
-3.94542849625
-3.94467655875
-3.93992813824
-3.93949810286
-3.93678262261
-3.93542407778
-3.93514905991
-3.93514905991
-3.93345167404
-3.93315169577
-3.93187163094
-3.93074367987
-3.92894009598
-3.9251148688
-3.92424473133
-3.91483703607
-3.91460388155
-3.91007108306
-3.90869826476
-3.90498093391
-3.90465844709
-3.8993621737
-3.8993621737
-3.88977325205
-3.8893220662
-3.88684976435
-3.87739710925
-3.87651710419
-3.87459043921
-3.87419065994
-3.87224585097
-3.87087818728
-3.87067968298
-3.86950982841
-3.86868169942
-3.86435231495
-3.86379879926
-3.86232540545
-3.86214116795
-3.8610420343
-3.86042296582
-3.85973714138
-3.8593881604
-3.85555431559
-3.85405389703
-3.85405389703
-3.85374309869
-3.85327539296
-3.85299275403
-3.85065993185
-3.84915961245
-3.84583601712
-3.84528820162
-3.84473100984
-3.83960073937
-3.8394306768
-3.83779917796
-3.83662459722
-3.83391461548
-3.82990159952
-3.82883088325
-3.82534273439
-3.82207945455
-3.82108086047
-3.81723830399
-3.81677834994
-3.81501507226
-3.81325063629
-3.81138483657
-3.8098825709
-3.80730535508
-3.80242306891
-3.80086653858
-3.80007291421
-3.80004505597
-3.79978315191
-3.79978315191
-3.79582077014
-3.79552860483
-3.78958393396
-3.78387381328
-3.78283156434
-3.78224292469
-3.78137241251
-3.78124454492
-3.77794210385
-3.77759974355
-3.77573139064
-3.76967966618
-3.76901129064
-3.76782856557
-3.767444022
-3.7649812114
-3.7644297438
-3.76153150424
-3.75935303742
-3.75707898628
-3.75596142986
-3.75575053898
-3.75396876011
-3.75385728709
-3.75179984612
-3.74673104752
-3.7452636033
-3.73883665233
-3.73813113197
-3.73755738127
-3.73727638739
-3.73727638739
-3.73467411276
-3.73266396411
-3.7278573084
-3.72488490679
-3.72405420807
-3.72076495522
-3.71996200321
-3.71780684088
-3.71663711116
-3.70965151406
-3.70846892659
-3.70782988361
-3.70739289492
-3.70675697064
-3.70331745301
-3.70257244613
-3.69731212813
-3.69690248246
-3.69632597984
-3.69614168255
-3.69549215799
-3.69500840113
-3.69317018358
-3.68851199575
-3.68774922642
-3.6858796699
-3.68084695466
-3.68021270716
-3.67969432375
-3.67655578285
-3.6751
-3.6751
-3.6751
-3.6751
-3.6751
-3.6751
-3.6751
-3.6751
-3.6751
-3.6751
-3.6751
-3.6751
-3.6751
-3.6751
-3.6751
-3.6751
-3.6751
-3.6751
-3.6751
-3.6751
-3.67373433927
-3.67048852156
-3.66969466648
-3.66746104797
-3.66746104797
-3.66585194949
-3.66535429547
-3.66315192812
-3.66154075025
-3.65674247877
-3.65460295828
-3.65438769074
-3.65350330392
-3.6505245571
-3.64700727298
-3.64668285808
-3.643788876
-3.64263329783
-3.64214525309
-3.64088188881
-3.63848541638
-3.63825745778
-3.63614302574
-3.63581587702
-3.63491568793
-3.63205918684
-3.63183990764
-3.6213210656
-3.61911182856
-3.61837416229
-3.61487668289
-3.60826887668
-3.60713275742
-3.60654914842
-3.60624789264
-3.60253717348
-3.59699952247
-3.59571956521
-3.59394515947
-3.59334278038
-3.59277061648
-3.59150681312
-3.59150681312
-3.58754365385
-3.58293175767
-3.58110585016
-3.5807092874
-3.58004149926
-3.57892811824
-3.57725814756
-3.57682026281
-3.57505204326
-3.57393976912
-3.57115757285
-3.56902257576
-3.56767414487
-3.56731713874
-3.56580080268
-3.56477868156
-3.56187682569
-3.55821750725
-3.55525509228
-3.55330925152
-3.54846083315
-3.543937224
-3.54328832737
-3.5405913696
-3.53528787819
-3.53344117202
-3.53261822372
-3.53016563601
-3.5291944461
-3.52383966259
-3.52034976036
-3.51968505659
-3.51653494493
-3.51519984479
-3.51514006153
-3.51387272316
-3.51200577996
-3.51087154368
-3.51087154368
-3.50758265652
-3.50660465207
-3.50627194459
-3.50407761603
-3.50234771481
-3.50104223239
-3.4996070235
-3.49958186626
-3.49798435959
-3.49562536425
-3.49311784483
-3.49137102448
-3.48977344616
-3.48830996156
-3.48646437625
-3.48584768505
-3.48580992901
-3.47976761371
-3.47829988546
-3.47607673393
-3.47129593222
-3.46931841683
-3.46695682908
-3.46654583471
-3.46090805656
-3.45677415491
-3.45672098805
-3.45389535271
-3.45156413304
-3.44871695092
-3.44327891459
-3.44205560641
-3.43274718276
-3.42734639669
-3.42734639669
-3.42699740238
-3.42577442598
-3.41968458665
-3.41946057845
-3.41859841529
-3.41528682331
-3.41500865462
-3.41255795683
-3.41194759035
-3.40858348933
-3.40348778696
-3.4029947747
-3.40097854375
-3.39921999767
-3.39919563733
-3.39916344354
-3.39676292469
-3.39397724283
-3.38889207902
-3.38740064097
-3.38594512842
-3.38412400544
-3.3767182384
-3.37475186262
-3.35962521205
-3.35862285489
-3.35847560294
-3.35631363756
-3.35278217513
-3.35130273257
-3.34841905921
-3.34635921574
-3.34544102116
-3.34309123613
-3.34309123613
-3.34262262638
-3.33625900929
-3.32884876766
-3.3271232054
-3.32696057598
-3.32680682298
-3.32490249394
-3.32383210535
-3.32330261491
-3.31741596971
-3.3084206754
-3.30572384717
-3.30522470095
-3.3033184652
-3.30235405717
-3.30193957422
-3.30044565983
-3.29983681879
-3.2980283685
-3.2974182866
-3.29473753493
-3.29450339103
-3.29256665737
-3.29202497817
-3.29142951975
-3.28909551655
-3.28872721045
-3.28775708681
-3.26578683284
-3.26146795554
-3.26064750712
-3.26064750712
-3.25692341765
-3.25532582528
-3.2544830476
-3.25285290331
-3.24662305482
-3.23970696348
-3.2386449302
-3.23440149553
-3.22572592616
-3.22445359842
-3.22170081816
-3.22093762813
-3.21769011283
-3.21427257623
-3.20595989178
-3.20589559252
-3.20544277496
-3.20267751669
-3.20260576331
-3.19743103222
-3.19197997999
-3.19045945565
-3.19045806863
-3.18845181981
-3.18633579667
-3.1863238662
-3.18538175365
-3.18293689562
-3.18290760336
-3.18072323344
-3.1796030121
-3.17943994718
-3.17941424294
-3.17672035436
-3.17398890074
-3.16981595317
-3.16980351739
-3.16677101341
-3.16442145731
-3.16217046999
-3.16040369055
-3.15893022157
-3.15891899883
-3.15746556604
-3.15745433369
-3.15564291215
-3.15418138285
-3.1499983323
-3.14836276376
-3.14625719773
-3.14240748347
-3.14239340031
-3.1412986742
-3.14079244588
-3.1371640537
-3.12709933399
-3.12649000756
-3.12467632947
-3.12464260862
-3.11682121277
-3.11616756581
-3.11304113014
-3.11297577043
-3.11157900781
-3.10993100715
-3.10784491828
-3.10422743995
-3.10417559651
-3.10410901758
-3.10147002892
-3.09971347875
-3.09762997684
-3.09086527715
-3.08527879557
-3.08315273475
-3.08234319416
-3.08118004926
-3.0811550068
-3.07840398934
-3.07688493806
-3.07142961383
-3.0710868878
-3.06204019312
-3.06001251136
-3.05787900533
-3.05578418347
-3.0555023592
-3.05417941635
-3.05389791058
-3.05387710991
-3.03526161078
-3.03012799336
-3.02784021658
-3.02728498599
-3.02725779166
-3.02692750316
-3.02414597215
-3.0224596398
-3.01573928249
-3.01469601476
-3.01447950114
-3.01329470459
-3.01197661957
-3.01108079855
-3.01064834424
-3.00953605011
-3.00950599707
-3.00554606286
-3.00460587307
-3.00263273956
-2.99651242104
-2.99648987733
-2.99175739497
-2.99117270825
-2.99020155535
-2.98912602104
-2.98868828895
-2.9815781954
-2.98156995578
-2.96722396784
-2.96612000896
-2.96326366243
-2.96326217194
-2.96216948344
-2.95995266056
-2.95886829177
-2.94584803948
-2.94527980529
-2.93118600976
-2.92842249873
-2.92777023767
-2.92758833307
-2.92758823533
-2.92575768738
-2.92248581019
-2.92231469319
-2.91577706471
-2.91550425046
-2.91523017312
-2.91513629546
-2.91420894288
-2.9069844103
-2.90474697244
-2.8995589518
-2.89540510041
-2.89209611369
-2.88952850321
-2.88952848825
-2.88856869457
-2.87811613709
-2.8684931038
-2.86585447853
-2.86117530374
-2.85247111152
-2.84914289395
-2.84914289073
-2.8443760368
-2.84408515826
-2.84234652609
-2.83796338489
-2.83604136498
-2.83590492755
-2.83514001656
-2.83352932774
-2.8293858941
-2.82787601411
-2.82533627007
-2.82263970463
-2.81549150208
-2.81513966907
-2.81429725998
-2.80649414564
-2.80649414479
-2.79870050233
-2.79382103988
-2.79227506891
-2.77858615511
-2.77154937692
-2.77017163767
-2.7668004418
-2.76398917507
-2.7616496439
-2.76164964364
-2.75949736644
-2.74720473522
-2.74533448578
-2.7402520012
-2.73532633554
-2.73246236453
-2.73134641
-2.72919275275
-2.7258846271
-2.72407582805
-2.72167057862
-2.72145940421
-2.7195871837
-2.71468185723
-2.71468185714
-2.71141165691
-2.69873875528
-2.69168872299
-2.68990460026
-2.68801557654
-2.684360555
-2.66792513425
-2.66566860743
-2.66566860739
-2.66288201207
-2.65989139312
-2.65764191825
-2.65043083498
-2.64944581682
-2.64918913963
-2.6483136155
-2.64734390683
-2.64613343516
-2.64093184931
-2.63500797278
-2.62651247554
-2.62439177064
-2.62379259058
-2.6235911861
-2.61469333664
-2.61469333662
-2.60723604996
-2.5957059696
-2.58970156301
-2.58526239261
-2.58073840925
-2.57662521866
-2.5695723175
-2.56464043861
-2.56445762119
-2.56184538589
-2.56184538588
-2.55619432566
-2.55139996121
-2.54911902825
-2.54117476606
-2.53807878905
-2.52836628077
-2.52801468835
-2.52681911981
-2.52223321506
-2.52199464196
-2.51265975892
-2.50722028908
-2.50722028908
-2.50222217357
-2.48981486852
-2.4890696292
-2.48616347376
-2.48487917664
-2.47867019174
-2.45924791919
-2.45912475505
-2.45842445285
-2.45583384733
-2.45092008352
-2.45092008352
-2.45076344164
-2.4483155363
-2.44598798562
-2.44579490453
-2.44460705489
-2.44062749577
-2.43184394054
-2.42059807602
-2.41688406267
-2.41623469998
-2.41497127143
-2.39689873909
-2.39305363693
-2.39305363693
-2.38321174135
-2.38131102791
-2.37335194397
-2.37050422235
-2.36481370538
-2.36385456639
-2.36297787764
-2.36047502024
-2.35735056659
-2.34125568268
-2.33373699054
-2.33373699054
-2.32239905458
-2.31552128642
-2.31510282039
-2.31276500907
-2.30998934695
-2.30785836228
-2.29663672712
-2.29188858225
-2.28449485605
-2.27309371776
-2.27309371776
-2.27184232456
-2.27048112471
-2.27042105415
-2.2616640701
-2.2612086618
-2.24311881283
-2.24297708431
-2.2427775238
-2.2303034288
-2.2287158674
-2.22846966132
-2.22591387031
-2.21995123111
-2.21125529812
-2.21125529812
-2.21110468915
-2.20994166603
-2.20378091904
-2.19528202686
-2.19436451747
-2.18792967603
-2.1797073031
-2.16984275467
-2.15766394269
-2.15131311645
-2.14993913804
-2.14836150685
-2.14836150685
-2.14605595376
-2.13991014802
-2.11554734836
-2.0947021208
-2.09084473763
-2.0883374023
-2.08689686351
-2.08590042107
-2.08485723106
-2.08456082136
-2.08456082136
-2.08312147183
-2.07929674564
-2.07477694527
-2.04699559759
-2.04326519507
-2.04204890558
-2.04145530282
-2.02654626704
-2.02001084777
-2.02001084777
-2.01598105839
-2.01168849535
-2.00291343103
-1.99911908581
-1.99746073878
-1.99708246854
-1.99687022292
-1.99193802755
-1.98933960595
-1.98684915778
-1.97695329027
-1.96006431974
-1.95920598203
-1.95487877381
-1.95487877381
-1.93241039176
-1.9308098626
-1.92777766867
-1.91109206599
-1.91075111549
-1.89202679406
-1.88934185908
-1.88934185908
-1.87501157974
-1.86855826174
-1.85702420226
-1.8519880666
-1.84629395262
-1.84586991828
-1.84475073989
-1.83777284858
-1.82512862672
-1.82358798189
-1.82358798189
-1.81800825991
-1.81556481789
-1.81180882451
-1.80291938953
-1.7975306811
-1.78101558313
-1.76691104229
-1.75930213884
-1.75781627357
-1.75781627357
-1.75428557379
-1.75209034746
-1.74944715861
-1.74346273324
-1.73531947378
-1.72127394996
-1.7207826262
-1.71264573341
-1.71248391976
-1.69611885453
-1.69223789046
-1.69223789046
-1.68073651502
-1.65744496574
-1.64910517382
-1.63605777795
-1.62707700065
-1.62707700065
-1.62082468671
-1.62051425238
-1.61234748577
-1.60018825506
-1.59002378276
-1.58876181455
-1.588663982
-1.58495507431
-1.58167330737
-1.56257210089
-1.56257210089
-1.54234331575
-1.53918268812
-1.5270513501
-1.51365459072
-1.51249996369
-1.50988280542
-1.50119296103
-1.4989778241
-1.4989778241
-1.4887619509
-1.48835491572
-1.48145513194
-1.46971561144
-1.45869052192
-1.45692192646
-1.45504210874
-1.44166565257
-1.43656742847
-1.43656742847
-1.3896753228
-1.37563609526
-1.37563609526
-1.36731437999
-1.36542431946
-1.36186551999
-1.35313524048
-1.3519764581
-1.32482676633
-1.32334928181
-1.31769489556
-1.3165047612
-1.3165047612
-1.30705717095
-1.28393438653
-1.26817804349
-1.26420281287
-1.26024778448
-1.25952280853
-1.25952280853
-1.24349899169
-1.2428409031
-1.24195025495
-1.21505688769
-1.20727127948
-1.20506400265
-1.20506400265
-1.19754171242
-1.19047218929
-1.16764632974
-1.15350127525
-1.15350127525
-1.12460036085
-1.11250071558
-1.10851305156
-1.1051337814
-1.1051337814
-1.08765211602
-1.07437679435
-1.06004680255
-1.06004680255
-1.05724676799
-1.05318721798
-1.03338798207
-1.02471056888
-1.01796476746
-1.01796476746
-1.01102049061
-0.986352441369
-0.983872250106
-0.97828433974
-0.97828433974
-0.969991053458
-0.945578011197
-0.940397174607
-0.940397174607
-0.931442513533
-0.924901645663
-0.923353952338
-0.906074636203
-0.904060658218
-0.904060658218
-0.869479636679
-0.869479636678
-0.83711879472
-0.83711879472
-0.814795956935
-0.814586226157
-0.807491415717
-0.807491415717
-0.795336515431
-0.786759301584
-0.785389060493
-0.781049610904
-0.781049610904
-0.758156194657
-0.758156194657
-0.7434078364
-0.739090787956
-0.739090787955
-0.736595004887
-0.724063504669
-0.724063504668
-0.713226984923
-0.713226984922
-0.706684958897
-0.706684958897
-0.701423465534
-0.697645239566
-0.671656090847
-0.64112627502
-0.636609882397
-0.559244445404
-0.509980410674
-0.495934657747
-0.46797002987
-0.428103005642
-0.415945628919
-0.35387412285
-0.318318187776
-0.318318187776
-0.312978776354
-0.312978776354
-0.304263344395
-0.304263344395
-0.29244443916
-0.29244443916
-0.27789773991
-0.27789773991
-0.261095530293
-0.261095530293
-0.24259711453
-0.24259711453
-0.223034924926
-0.223034924926
-0.220676943401
-0.203094614964
-0.203094614964
-0.183487175194
-0.183487175194
-0.164911381551
-0.164911381551
-0.148006192378
-0.148006192378
-0.133295642353
-0.133295642353
-0.121133657612
-0.121133657612
-0.111662355112
-0.111662355112
-0.108730049658
-0.104802287385
-0.104802287385
-0.10029240119
-0.10029240119
-0.0977865723978
-0.0977865723977
-0.0369934183748
-0.00840974544943
-0.00140151593454
-0.000183280454887
-1.92030280108e-05
-1.60762433384e-06
-1.05841637497e-07
-5.33768191418e-09
-1.98679751606e-10
-5.19067032195e-12
-8.89290946654e-14
-9.11258373447e-16
-1.02186054757e-17
-4.70272692316e-18
-4.33680868994e-19
-2.98155597434e-19
-1.35525271561e-19
-1.08420217249e-19
-2.71050543121e-20
9.48676900925e-20
1.35525271561e-19
4.06575814682e-19
5.14996031931e-19
8.40256683676e-19
4.3503612171e-18
1.34712119931e-17
9.08629183179e-16
8.89283221714e-14
5.19066830262e-12
1.98679752622e-10
5.33768191322e-09
1.05841637497e-07
1.60762433384e-06
1.92030280108e-05
0.000183280454887
0.00140151593454
0.00840974544943
0.0369934183748
0.108730049658
0.2206769434
0.353874122848
0.415945628919
0.428103005641
0.44095334957
0.440953349571
0.440953349571
0.440953349571
0.46797002987
0.495934657746
0.509980410674
0.559244445404
0.636609882397
0.641126275021
0.671656090847
0.697645239566
0.701423465534
0.736595004886
0.7434078364
0.785389060494
0.786759301584
0.795336515431
0.814586226157
0.814795956935
0.906074636203
0.923353952339
0.924901645664
0.931442513534
0.945578011197
0.969991053458
0.983872250106
0.98635244137
1.01102049061
1.02471056888
1.03338798207
1.05318721798
1.05724676799
1.07437679435
1.08765211602
1.10851305156
1.11250071558
1.12460036085
1.16764632974
1.19047218929
1.19754171242
1.20727127948
1.21505688769
1.24195025495
1.2428409031
1.24349899169
1.26024778448
1.26420281287
1.26817804349
1.28393438653
1.30705717095
1.31769489556
1.32334928181
1.32482676633
1.3519764581
1.35313524048
1.36186551999
1.36542431946
1.36731437999
1.3896753228
1.44166565257
1.45504210874
1.45692192646
1.45869052192
1.46971561144
1.48145513194
1.48835491572
1.4887619509
1.50119296103
1.50988280542
1.51249996369
1.51365459072
1.5270513501
1.53918268812
1.54234331575
1.58167330737
1.58495507431
1.588663982
1.58876181455
1.59002378276
1.60018825506
1.61234748577
1.62051425238
1.62082468671
1.63605777795
1.64910517382
1.65744496574
1.68073651502
1.69611885453
1.71248391976
1.71264573341
1.7207826262
1.72127394996
1.73531947378
1.74346273324
1.74944715861
1.75209034746
1.75428557379
1.75930213884
1.76691104229
1.78101558313
1.7975306811
1.80291938953
1.81180882451
1.81556481789
1.81800825991
1.82512862672
1.83777284858
1.84475073989
1.84586991828
1.84629395262
1.8519880666
1.85702420226
1.86855826174
1.87501157974
1.89202679406
1.91075111549
1.91109206599
1.92777766867
1.9308098626
1.93241039176
1.95920598203
1.96006431974
1.97695329027
1.98684915778
1.98933960595
1.99193802755
1.99687022292
1.99708246854
1.99746073878
1.99911908581
2.00291343103
2.01168849535
2.01598105839
2.02654626704
2.04145530282
2.04204890558
2.04326519507
2.04699559759
2.07477694527
2.07929674564
2.08312147183
2.08485723106
2.08590042107
2.08689686351
2.0883374023
2.09084473763
2.0947021208
2.11554734836
2.13991014802
2.14605595376
2.14993913804
2.15131311645
2.15766394269
2.16984275467
2.1797073031
2.18792967603
2.19436451747
2.19528202686
2.20378091904
2.20994166603
2.21110468915
2.21995123111
2.22591387031
2.22846966132
2.2287158674
2.2303034288
2.2427775238
2.24297708431
2.24311881283
2.26120866179
2.2616640701
2.27042105415
2.27048112471
2.27184232456
2.28449485605
2.29188858225
2.29663672712
2.30785836228
2.30998934694
2.31276500907
2.31510282039
2.31552128642
2.32239905458
2.34125568268
2.35735056659
2.36047502024
2.36297787764
2.36385456639
2.36481370538
2.37050422235
2.37335194397
2.38131102791
2.38321174135
2.39689873909
2.41497127143
2.41623469998
2.41688406267
2.42059807601
2.43184394054
2.44062749577
2.44460705489
2.44579490453
2.44598798562
2.4483155363
2.45076344164
2.45583384733
2.45842445285
2.45912475505
2.45924791919
2.47867019174
2.48487917664
2.48616347376
2.4890696292
2.48981486852
2.50222217357
2.51265975892
2.52199464196
2.52223321506
2.52681911981
2.52801468835
2.52836628077
2.53807878905
2.54117476606
2.54911902825
2.55139996121
2.55619432566
2.56445762119
2.56464043861
2.5695723175
2.57662521866
2.58073840925
2.58526239261
2.58970156301
2.5957059696
2.60723604996
2.6235911861
2.62379259058
2.62439177064
2.62651247554
2.63500797278
2.64093184931
2.64613343516
2.64734390683
2.6483136155
2.64918913963
2.64944581682
2.65043083498
2.65764191825
2.65989139312
2.66288201207
2.66792513425
2.684360555
2.68801557654
2.68990460026
2.69168872299
2.69873875528
2.71141165691
2.7195871837
2.72145940421
2.72167057862
2.72407582805
2.7258846271
2.72919275275
2.73134641
2.73246236453
2.73532633554
2.7402520012
2.74533448578
2.74720473522
2.75949736644
2.76398917507
2.7668004418
2.77017163767
2.77154937692
2.77858615511
2.79227506891
2.79382103988
2.79870050232
2.81429725998
2.81513966907
2.81549150208
2.82263970463
2.82533627007
2.82787601411
2.8293858941
2.83352932774
2.83514001656
2.83590492755
2.83604136498
2.83796338489
2.84234652609
2.84408515826
2.8443760368
2.85247111152
2.86117530374
2.86585447853
2.8684931038
2.87811613709
2.88856869457
2.89209611369
2.89540510041
2.8995589518
2.90474697244
2.9069844103
2.91420894288
2.91513629546
2.91523017312
2.91550425046
2.9157770647
2.92231469319
2.92248581019
2.92575768738
2.92777023767
2.92842249873
2.93118600976
2.94527980529
2.94584803948
2.95886829177
2.95995266056
2.96216948344
2.96612000896
2.96722396784
2.98868828895
2.98912602104
2.99020155535
2.99117270825
2.99175739497
3.00263273956
3.00460587307
3.00554606286
3.01064834424
3.01108079855
3.01197661957
3.01329470459
3.01447950114
3.01469601476
3.01573928249
3.0224596398
3.02414597215
3.02692750316
3.02784021658
3.03012799336
3.03526161078
3.05387710991
3.05787900533
3.06001251136
3.06204019312
3.0710868878
3.07142961383
3.07688493806
3.07840398934
3.08234319416
3.08315273475
3.08527879557
3.09086527715
3.09762997684
3.09971347875
3.10147002892
3.10410901758
3.10784491828
3.10993100715
3.11157900781
3.11616756581
3.11682121277
3.12649000756
3.12709933399
3.1371640537
3.14079244588
3.1412986742
3.14625719773
3.14836276376
3.1499983323
3.15418138285
3.15564291215
3.15891899883
3.15893022157
3.16040369055
3.16217046999
3.16442145731
3.16677101341
3.17398890074
3.17672035436
3.1796030121
3.18072323344
3.18538175365
3.18845181981
3.19197997999
3.19743103222
3.20260576331
3.20267751669
3.20544277496
3.20589559251
3.20595989178
3.21427257623
3.21769011283
3.22093762813
3.22170081816
3.22445359842
3.22572592616
3.23440149553
3.2386449302
3.23970696348
3.24662305482
3.25285290331
3.2544830476
3.25532582528
3.25692341765
3.26146795554
3.26578683284
3.28775708681
3.28872721045
3.28909551655
3.29142951975
3.29202497817
3.29256665737
3.29450339103
3.29473753493
3.2974182866
3.2980283685
3.29983681879
3.30044565983
3.30193957422
3.30235405717
3.3033184652
3.30522470095
3.30572384717
3.3084206754
3.31741596971
3.32330261491
3.32383210535
3.32490249394
3.32680682298
3.32696057598
3.3271232054
3.32884876766
3.33625900929
3.34262262638
3.34544102116
3.34635921574
3.34841905921
3.35130273257
3.35278217513
3.35631363756
3.35847560294
3.35862285489
3.35962521205
3.37475186262
3.3767182384
3.38412400544
3.38594512842
3.38740064097
3.38889207902
3.39397724283
3.39676292469
3.39916344354
3.39919563733
3.39921999767
3.40097854375
3.4029947747
3.40348778696
3.40858348933
3.41194759035
3.41255795683
3.41500865462
3.41528682331
3.41859841529
3.41946057845
3.41968458665
3.42577442598
3.42699740238
3.43274718276
3.44205560641
3.44327891459
3.44871695092
3.45156413304
3.45389535271
3.45672098805
3.45677415491
3.46090805656
3.46654583471
3.46695682908
3.46931841683
3.47129593222
3.47607673393
3.47829988546
3.47976761371
3.48580992901
3.48584768505
3.48646437625
3.48830996156
3.48977344616
3.49137102448
3.49311784483
3.49562536425
3.49798435959
3.49958186626
3.4996070235
3.50104223239
3.50234771481
3.50407761603
3.50627194459
3.50660465207
3.50758265652
3.51200577996
3.51387272316
3.51514006153
3.51519984479
3.51653494493
3.51968505659
3.52034976036
3.52383966259
3.5291944461
3.53016563601
3.53261822372
3.53344117202
3.53528787819
3.5405913696
3.54328832737
3.543937224
3.54846083315
3.55330925152
3.55525509228
3.55821750725
3.56187682569
3.56477868156
3.56580080268
3.56731713874
3.56767414487
3.56902257576
3.57115757285
3.57393976912
3.57505204326
3.57682026281
3.57725814756
3.57892811824
3.58004149925
3.5807092874
3.58110585015
3.58293175767
3.58754365385
3.59277061648
3.59334278038
3.59394515947
3.59571956521
3.59699952247
3.60253717348
3.60624789264
3.60654914842
3.60713275742
3.60826887668
3.61487668289
3.61837416229
3.61911182856
3.6213210656
3.63183990763
3.63205918684
3.63491568793
3.63581587702
3.63614302574
3.63825745778
3.63848541638
3.64088188881
3.64214525309
3.64263329783
3.643788876
3.64668285808
3.64700727298
3.6505245571
3.65350330392
3.65438769074
3.65460295828
3.65674247877
3.66154075025
3.66315192812
3.66535429547
3.66585194949
3.66969466648
3.67048852156
3.67373433927
3.6751
3.6751
3.6751
3.6751
3.6751
3.6751
3.6751
3.6751
3.6751
3.6751
3.6751
3.6751
3.6751
3.6751
3.6751
3.6751
3.6751
3.6751
3.6751
3.6751
3.67655578285
3.67969432375
3.68021270716
3.68084695466
3.6858796699
3.68774922642
3.68851199575
3.69317018358
3.69500840113
3.69549215799
3.69614168255
3.69632597984
3.69690248246
3.69731212813
3.70257244613
3.70331745301
3.70675697064
3.70739289492
3.70782988361
3.70846892659
3.70965151406
3.71663711116
3.71780684088
3.71996200321
3.72076495522
3.72405420807
3.72488490679
3.7278573084
3.73266396411
3.73467411276
3.73755738127
3.73813113197
3.73883665233
3.7452636033
3.74673104751
3.75179984612
3.75385728708
3.75396876011
3.75575053898
3.75596142986
3.75707898628
3.75935303742
3.76153150424
3.7644297438
3.7649812114
3.767444022
3.76782856557
3.76901129064
3.76967966618
3.77573139064
3.77759974355
3.77794210385
3.78124454492
3.78137241251
3.78224292469
3.78283156434
3.78387381328
3.78958393396
3.79552860483
3.79582077014
3.80004505597
3.80007291421
3.80086653858
3.80242306891
3.80730535508
3.8098825709
3.81138483657
3.81325063629
3.81501507226
3.81677834994
3.81723830399
3.82108086047
3.82207945455
3.82534273439
3.82883088325
3.82990159952
3.83391461548
3.83662459722
3.83779917796
3.8394306768
3.83960073937
3.84473100984
3.84528820162
3.84583601712
3.84915961245
3.85065993185
3.85299275403
3.85327539296
3.85374309869
3.85555431559
3.8593881604
3.85973714138
3.86042296582
3.8610420343
3.86214116795
3.86232540545
3.86379879926
3.86435231495
3.86868169942
3.86950982841
3.87067968298
3.87087818728
3.87224585097
3.87419065994
3.87459043921
3.87651710419
3.87739710925
3.88684976435
3.8893220662
3.88977325205
3.90465844709
3.90498093391
3.90869826476
3.91007108306
3.91460388155
3.91483703607
3.92424473132
3.9251148688
3.92894009598
3.93074367987
3.93187163094
3.93315169577
3.93345167404
3.93542407778
3.93678262261
3.93949810286
3.93992813824
3.94467655875
3.94542849625
3.95056051789
3.95103567597
3.95185469761
3.95214271225
3.96080287342
3.96087970037
3.96421192361
3.96646712987
3.96808446943
3.96829448126
3.96844266969
3.9707848033
3.97719079109
3.97999741806
3.9800479283
3.98418950747
3.98616033091
3.98710428723
3.98770765872
4.00217450808
4.00283039273
4.00295071697
4.00690308814
4.00733304181
4.00963075035
4.01039063407
4.01209850084
4.01210145364
4.01608154012
4.01797804763
4.02111776381
4.02336739404
4.02739910149
4.02810182912
4.02933928026
4.03271004783
4.0333400131
4.03589550554
4.0367305759
4.0417441159
4.04403298408
4.04704591719
4.04850384815
4.04927288443
4.05242638363
4.05603265601
4.05642413145
4.06073323939
4.06747643239
4.06902133956
4.07150738714
4.07163939931
4.07267426504
4.07382449723
4.07447537611
4.07674954571
4.09110127826
4.0913701326
4.09633788106
4.0965196248
4.09677652383
4.09698759222
4.10294511678
4.10305343179
4.10486307673
4.10659704057
4.11776243868
4.12134397647
4.12292300813
4.12366781583
4.12577756072
4.13053813794
4.13079896192
4.13126123485
4.13346818109
4.13394260736
4.1438520851
4.14551159868
4.14573541561
4.14587457975
4.14803501461
4.15087937051
4.15245767521
4.16355937881
4.16391553235
4.16642814277
4.16977536625
4.17021767134
4.17209325065
4.17668501167
4.17699134708
4.17830018355
4.18552014475
4.18879853133
4.18957768242
4.19027422619
4.19247304149
4.19253425137
4.19453815135
4.202138785
4.20498210697
4.20502646838
4.20708724514
4.21116921725
4.2183933287
4.22138694766
4.22884536493
4.22924233676
4.23292594252
4.23349535662
4.23596856969
4.23634085449
4.2408500392
4.24235508172
4.24386299562
4.24388679088
4.24441076632
4.24473851723
4.24559642286
4.2484749428
4.2582020428
4.26536555871
4.26741990017
4.2686307813
4.27137162625
4.27832737114
4.27902775144
4.27923563845
4.28248158188
4.28876912976
4.29029604947
4.29181765701
4.2941128432
4.29414697588
4.30107918663
4.30430577989
4.31044737387
4.31056229637
4.31073179165
4.31320818689
4.31867483977
4.3196015478
4.32664984829
4.32734111557
4.32762965573
4.33509720505
4.33802089596
4.33803248704
4.3382572217
4.3401877462
4.34486709846
4.35015462036
4.35601963393
4.36032202129
4.36256310077
4.36296500498
4.36318318237
4.36855648128
4.36970831057
4.37178357987
4.37626593888
4.3782441436
4.37896354579
4.38205056756
4.38327707788
4.38960569893
4.39428823166
4.39552680247
4.40032513433
4.40093872271
4.40121267712
4.40412598105
4.41364697075
4.41964714696
4.41989103813
4.42319584921
4.42432903857
4.42558518582
4.42649840907
4.42893847155
4.42916462456
4.43242096594
4.43427049043
4.43703851813
4.43818805969
4.4392985229
4.45292977018
4.45646260705
4.46273048468
4.46952479689
4.4727189004
4.4745491706
4.47666918551
4.47914133715
4.48062039092
4.4809262431
4.48185689704
4.48261877398
4.49617128466
4.50136397501
4.50190267829
4.50403609055
4.50534698651
4.50639293597
4.50793425237
4.51132777811
4.51168012676
4.51226566394
4.52176101131
4.52276490201
4.5252704644
4.52650805904
4.52981911458
4.53206773111
4.53708489029
4.54217805278
4.54868144143
4.55338420085
4.55764885582
4.55901524512
4.56011319575
4.56190745863
4.56596277048
4.56615100928
4.56692277316
4.57110118512
4.57744102166
4.57970316528
4.5798334951
4.58057482824
4.58232325513
4.58246425484
4.59588266968
4.59666618136
4.59826823501
4.60366223427
4.60475351305
4.60969279902
4.61248176423
4.61630893483
4.61656163209
4.61867553938
4.61885359
4.62475184188
4.62499662687
4.62634424482
4.62756969061
4.63122824153
4.63674914249
4.63998011859
4.64466937552
4.64826816571
4.65571516138
4.66319542244
4.67268867125
4.67288431259
4.6778009335
4.67849465644
4.68295022358
4.68486548529
4.68841146224
4.6885104237
4.69050732374
4.69889432025
4.70152521248
4.7026606081
4.70378043868
4.70529788628
4.71209745026
4.71356216607
4.717018249
4.72443378565
4.72710448987
4.72843706129
4.73219981289
4.73569278224
4.74069195868
4.74120171961
4.74631994718
4.74676159923
4.74802885711
4.75690603032
4.75774318173
4.76102989064
4.76419707332
4.76841252867
4.76855366535
4.77450371154
4.77647763853
4.78183455909
4.78254681881
4.78449235872
4.78752554164
4.78752834258
4.79168550929
4.79201865961
4.7941597901
4.79521733745
4.79569011628
4.79649264719
4.80071491501
4.80359060481
4.80422296382
4.80641045383
4.80662523089
4.82927724886
4.83177391778
4.83242144011
4.83303615333
4.83361755112
4.84472288567
4.849652114
4.85935811399
4.86043584629
4.86246888893
4.86801423377
4.86998317604
4.87043577446
4.87394768381
4.87467174142
4.8756174266
4.87627054319
4.88735447049
4.89150323128
4.89310928847
4.89753396085
4.89779885894
4.89972352584
4.90604291787
4.90624783667
4.90655292486
4.91941981883
4.91992469391
4.92049138684
4.92901392992
4.93633892567
4.93893603039
4.94576606534
4.94741672223
4.94750371783
4.95786911487
4.96485625711
4.96632642539
4.96708851603
4.97063915671
4.97353682339
4.97406919822
4.9757902239
4.97590972899
4.98104918761
4.98116095883
4.98685861609
4.98989753721
4.99097267412
4.99217937756
4.99284943341
4.9951010211
4.99968739774
5.00228685044
5.0060627534
5.00856947238
5.01055688444
5.01724660474
5.01817329608
5.01829010703
5.02114208493
5.0258154667
5.03664478655
5.03672856389
5.0388521073
5.03985054255
5.04215326888
5.04328205397
5.04797452473
5.06262670019
5.07230937234
5.07359779177
5.07508894702
5.08289277241
5.08641387412
5.08705238181
5.08766031314
5.09045388733
5.09229312337
5.09789282629
5.10089905348
5.10501769154
5.10953614086
5.11244152917
5.11784138175
5.11837084497
5.12027331918
5.12685820454
5.129086868
5.12966607417
5.13257859212
5.1326091188
5.14107875902
5.14264233055
5.14945588159
5.15782582949
5.15887267446
5.16427882941
5.16563399335
5.16726831953
5.16877336364
5.17288544179
5.17535560429
5.177012701
5.17799884181
5.18511575722
5.19271871637
5.19383458226
5.20082661532
5.20809887346
5.21088681368
5.21702806736
5.21984107532
5.22718367812
5.2286940239
5.23534663812
5.23769942751
5.2393669381
5.24139342259
5.24442336958
5.2461718212
5.24635306189
5.2499139904
5.25233755929
5.25453535377
5.25532285484
5.26450508593
5.2657620123
5.2673932614
5.26904974203
5.27161731992
5.27172531354
5.27592342685
5.28014770548
5.28683136124
5.29763564901
5.29937244082
5.30412391154
5.30730869578
5.30877566689
5.3173696705
5.31805886602
5.31952846934
5.32057881913
5.32661729832
5.33178842348
5.33596178056
5.3362654164
5.33629712107
5.34492392194
5.34931082328
5.35091423014
5.35381633983
5.35440194649
5.35983899709
5.36281008725
5.36335084222
5.36350302825
5.36415226148
5.37519193861
5.38313452783
5.39140469802
5.3937518214
5.3975917103
5.40229761855
5.4030131901
5.40347674042
5.40398464215
5.41003192819
5.41037089687
5.41237041324
5.43884428285
5.4393922797
5.44210008058
5.4438937087
5.4447785318
5.44564733845
5.45333320073
5.45557466114
5.46190482488
5.46602930769
5.46630752239
5.46663193694
5.46815054232
5.47119898546
5.47638426662
5.48695896887
5.49585817723
5.49738173956
5.49885263763
5.50506579482
5.50740229837
5.50931993814
5.51318113924
5.52055305883
5.522315267
5.52496718926
5.53151067911
5.53194806589
5.53366474858
5.53522692534
5.53559836259
5.54106854223
5.54110032694
5.54155499727
5.54322292998
5.5455226539
5.54889393674
5.55243614565
5.55654591601
5.56485068314
5.56574768835
5.56726797207
5.57367397093
5.5737068977
5.57772798039
5.58217833001
5.58644819348
5.58836730176
5.59655884624
5.59937342891
5.60150667868
5.60937527647
5.61930617489
5.62995162819
5.63301056764
5.63545136631
5.63632780816
5.64030601323
5.64367641671
5.64782402255
5.65542961521
5.65624441891
5.658970957
5.66392410801
5.66565587561
5.66592671358
5.6751619968
5.67637314468
5.67959975869
5.68007203252
5.68391097881
5.68862837892
5.69349453448
5.69725313
5.70573906634
5.7096707186
5.71341605436
5.71502281943
5.71580027116
5.71786733016
5.7211772176
5.72275102582
5.72538366226
5.72937531329
5.7370398757
5.74744063025
5.7477860057
5.75975068258
5.76413373774
5.76602839469
5.77055172449
5.77055700789
5.77494934162
5.77789605258
5.79828879594
5.79846537066
5.79993405989
5.80052588116
5.80253229255
5.80329061714
5.80561508715
5.80807168857
5.81043727056
5.811575677
5.81476202595
5.81712262387
5.81742739925
5.81829950546
5.81922952087
5.82005595728
5.82927562319
5.83233945547
5.84156568281
5.84300507287
5.84325104744
5.8494100929
5.86769194011
5.87259219324
5.87549569343
5.87640093709
5.87681361093
5.87906318598
5.88305831521
5.89287480475
5.89358695669
5.8964967997
5.8999045651
5.90437594172
5.90619853051
5.90699124475
5.90819575449
5.92043763033
5.92044099981
5.92162033159
5.92488347739
5.93210402105
5.93501396144
5.94548828501
5.95018406133
5.95511766764
5.95687972936
5.96009559984
5.9619523763
5.96770938238
5.96942841923
5.97362101937
5.97646371349
5.98016603716
5.99363267534
5.99572180058
5.99839481294
6.00431599262
6.01397439194
6.0145043905
6.01960038115
6.02657515521
6.0272703588
6.02797030251
6.0311759772
6.03693084274
6.03736753334
6.04431320926
6.05034051461
6.05469821681
6.05945272328
6.06205561001
6.06911489581
6.06914026914
6.07226138405
6.07233470028
6.07621580459
6.07796834846
6.08554598955
6.08995221552
6.09318515566
6.09507007046
6.09666703669
6.09704963046
6.0975031147
6.1033416238
6.10427744136
6.11081721254
6.11191673665
6.11919809175
6.12255005377
6.12893561734
6.13178563425
6.13518969054
6.14156303828
6.14615032961
6.14672236274
6.14748762857
6.15307876561
6.15345235408
6.15580459188
6.15599925121
6.15833531728
6.16165084915
6.16360681387
6.1644597607
6.16663776776
6.17888374273
6.18527357107
6.18734068081
6.19372034178
6.19456362679
6.19578175717
6.19595223479
6.20193972831
6.2025693389
6.21133479278
6.21201635795
6.21336046832
6.21774063831
6.22223896638
6.22245940574
6.22300397129
6.22329186638
6.22618031767
6.22660850936
6.23226818528
6.2326163942
6.23281502457
6.23825043284
6.2415697198
6.24242294163
6.24249706309
6.24595618451
6.24953492369
6.25469030214
6.25633807552
6.2617434249
6.26330565972
6.26503586384
6.26734309986
6.26831489166
6.2707458274
6.27330339267
6.2758196589
6.27717093198
6.27769504222
6.28268870862
6.28452075465
6.28513033051
6.28705193049
6.28904695755
6.2927498846
6.29306800087
6.30548483972
6.3055518227
6.30869518334
6.31564702555
6.31777455401
6.32164533266
6.32281478404
6.323568173
6.32532678697
6.33285988872
6.33513332043
6.3361003097
6.33847767093
6.34037097252
6.34113861323
6.34826520601
6.34891054102
6.35336067107
6.35429112593
6.35935002755
6.36108413222
6.36327975153
6.36800405797
6.3692794475
6.36958434802
6.37133048238
6.37278031699
6.37534139233
6.37841381951
6.37843734347
6.37994620309
6.38342230644
6.3843282698
6.38487809244
6.38675445802
6.38744552875
6.38975154738
6.39016930088
6.39182345319
6.39326684026
6.40113143529
6.40126764441
6.40360417641
6.40388984147
6.40397246877
6.4102691145
6.41138926797
6.41190597506
6.42081007658
6.4223461024
6.42506495
6.42843791424
6.42847556376
6.42919869142
6.43235804397
6.4393583792
6.43941578484
6.44173279765
6.44183506417
6.44344308849
6.4441253638
6.44520692752
6.45921846352
6.46237040501
6.46315586104
6.46657702008
6.46787390831
6.46812259156
6.46825497792
6.46974927088
6.4719584018
6.48308253164
6.48924724285
6.49058373621
6.49068662024
6.49564651446
6.50160133686
6.50348683643
6.5045617165
6.50483363779
6.50542908144
6.5056567169
6.50668510942
6.51648810858
6.51829068316
6.51862595499
6.51932543676
6.52276459042
6.52645127796
6.53081029309
6.53110055173
6.53129647012
6.5346780503
6.53486269694
6.5379347357
6.5391751043
6.53978820867
6.54226501721
6.5434150902
6.54482061487
6.55210508688
6.55840900007
6.5615287738
6.56343243112
6.5637381524
6.56598905801
6.57068802921
6.57419172583
6.57547841773
6.57650316105
6.57912224181
6.5824005973
6.58358211085
6.58996877662
6.59140099399
6.59668365376
6.59880377721
6.5992570178
6.59937485211
6.59973501409
6.60007729771
6.60230414604
6.60389102215
6.6087876689
6.61225080986
6.61358626018
6.61508040929
6.61740277165
6.61917913084
6.62701570537
6.6295049416
6.63435736769
6.63906593024
6.63966515775
6.64067555178
6.64095907125
6.64139767437
6.64292314967
6.64758078391
6.64940892089
6.65297142001
6.6597572977
6.66239934766
6.66427278275
6.66483773034
6.66602436057
6.6666717266
6.67080821446
6.67080841649
6.67384548675
6.67421331562
6.674623721
6.67495560209
6.68525599778
6.68858980512
6.69038396738
6.69164071799
6.69266337431
6.69593741475
6.6972002821
6.6996463425
6.70221908805
6.70307340614
6.70422957256
6.70583252203
6.70679462253
6.70978566411
6.71043199268
6.71259369387
6.7161882364
6.71652314285
6.71711842782
6.71855626448
6.71897030429
6.72217333503
6.72524846659
6.73269859461
6.73764124014
6.73772370031
6.74525681281
6.74667400471
6.75347874099
6.75365311189
6.75656118851
6.75927865816
6.76235920216
6.76498691582
6.7683253107
6.77063208237
6.77177485673
6.77314632621
6.77355231732
6.77401708327
6.77936654447
6.78510368224
6.78587274783
6.78699333162
6.78914099351
6.79073491686
6.7909555546
6.79270758795
6.80029495076
6.8005927137
6.80171599441
6.80215983825
6.80989162541
6.811237866
6.81284073379
6.81489877914
6.81887965377
6.82356496151
6.82696583614
6.82894716313
6.82988525888
6.83098422162
6.83107061045
6.83790669649
6.83885712654
6.84316505979
6.84321687776
6.84781370314
6.84843804132
6.84886415044
6.85207782648
6.85540014812
6.85596354162
6.86309086451
6.86423115788
6.86453785394
6.8649498811
6.86842654397
6.86955407165
6.87576761212
6.87786889574
6.88720256576
6.89032357992
6.89457991259
6.89706190562
6.89907462794
6.90243074947
6.90276962835
6.90524007534
