-5.02340008482
-5.0201434803
-5.0197535941
-5.01664085053
-5.01630774789
-5.0135798159
-5.00907834362
-5.00709234734
-5.00364280574
-5.00171206956
-4.99420912697
-4.99389991609
-4.99229186015
-4.9870562431
-4.98700976616
-4.98656972087
-4.985572443
-4.97879406
-4.97088235683
-4.97024485974
-4.96797453661
-4.96784699079
-4.96393485953
-4.96283482754
-4.96048037578
-4.95465169202
-4.95334858921
-4.94633317388
-4.94330751023
-4.94218043141
-4.94197917999
-4.9378795004
-4.93632146185
-4.9338542923
-4.92929090258
-4.9205676151
-4.92031000188
-4.9191639895
-4.91867470311
-4.91591559665
-4.91170987632
-4.90718010418
-4.90271792827
-4.90187668859
-4.89832442317
-4.89394987129
-4.89359201664
-4.88978556373
-4.88446008011
-4.88433239081
-4.88045995691
-4.87622455656
-4.87493930377
-4.86913433428
-4.86691468966
-4.86541301219
-4.86359088572
-4.85575377638
-4.85401127256
-4.85369603074
-4.84924104744
-4.84596186025
-4.84422942957
-4.83733339512
-4.83603753138
-4.83168545107
-4.83143968827
-4.82689054154
-4.82598106093
-4.81923651311
-4.8157927237
-4.81351115162
-4.81101495315
-4.80924798148
-4.80547279807
-4.80004574168
-4.79545598158
-4.79502156602
-4.79415695968
-4.78669976292
-4.78463745043
-4.78443931314
-4.77727472694
-4.77372632857
-4.77316392085
-4.76899216339
-4.76404170433
-4.76288290504
-4.75896794114
-4.75820280772
-4.75190933883
-4.74624740703
-4.74374353807
-4.7412747247
-4.74080592981
-4.74053618234
-4.73171297669
-4.72957298135
-4.7219800134
-4.71929856741
-4.7184125178
-4.71839975322
-4.71821080039
-4.70671969739
-4.70516994067
-4.70330000194
-4.69541772946
-4.69509998635
-4.69300055737
-4.69231980935
-4.68449672031
-4.68335198476
-4.67857571544
-4.67232960359
-4.67147601362
-4.6675091328
-4.66557074565
-4.66531358133
-4.65947239746
-4.65193235011
-4.64913633658
-4.64734146424
-4.6465226599
-4.64193974185
-4.63828237406
-4.63508354545
-4.62735304983
-4.62583890036
-4.62524192794
-4.62269897602
-4.61629390461
-4.61122872141
-4.61018809435
-4.60806250704
-4.6024382781
-4.59850656719
-4.5975512423
-4.59057316399
-4.58865162803
-4.58478876515
-4.58415520157
-4.57893546441
-4.57190101165
-4.57172842208
-4.56912101419
-4.56477908639
-4.55888833392
-4.55706443811
-4.55533146554
-4.54947127182
-4.54575108754
-4.54490968372
-4.53891326223
-4.53248963148
-4.5316272997
-4.52995910109
-4.52970301223
-4.51910432809
-4.51805258103
-4.51297730663
-4.50981685167
-4.50782399723
-4.50559554313
-4.50284190828
-4.49196364569
-4.49115938177
-4.48981341145
-4.48697286004
-4.48392260093
-4.47820900829
-4.47571562627
-4.46969331795
-4.46433200673
-4.46423239358
-4.4609015889
-4.45992416628
-4.45033302022
-4.44945720261
-4.44858307175
-4.43727396499
-4.43621243125
-4.43582976177
-4.43476518638
-4.42910570203
-4.42197062567
-4.42144711272
-4.41164046916
-4.41028648655
-4.408639458
-4.40856537307
-4.40760799263
-4.39431066979
-4.39312492457
-4.3880591175
-4.38735738381
-4.38327239196
-4.38230389771
-4.37852181724
-4.3784469951
-4.37827374626
-4.37798500399
-4.37758077701
-4.37706107751
-4.37642592117
-4.37567532715
-4.3748093181
-4.37382792013
-4.37273116287
-4.37151907942
-4.37019170634
-4.36874908371
-4.36736533279
-4.36719125507
-4.36717671748
-4.36551826746
-4.36379906965
-4.36373017139
-4.36298161499
-4.36182702086
-4.35980887335
-4.35767578983
-4.35623415918
-4.35598253804
-4.35542783475
-4.35306507605
-4.35058758514
-4.34895708409
-4.34799543692
-4.34655876145
-4.34528870979
-4.34246748561
-4.34004828556
-4.33953184974
-4.33851428621
-4.33648189102
-4.33399626612
-4.33331770177
-4.3300393778
-4.32960310154
-4.32917431165
-4.32664701841
-4.32564006639
-4.32314072636
-4.31952060794
-4.31891702452
-4.31578677288
-4.31395653557
-4.31292846042
-4.31193933442
-4.30797840927
-4.30460991597
-4.30390411766
-4.30371977133
-4.30316742627
-4.30209541955
-4.29971658326
-4.29541593326
-4.29100229832
-4.28930951612
-4.2884049218
-4.28647581261
-4.28582038647
-4.28346898397
-4.28183661376
-4.27708484291
-4.27667738178
-4.27500010099
-4.2729728944
-4.27222064468
-4.26724416718
-4.26457439624
-4.26221794972
-4.26215556201
-4.25872726758
-4.2574241108
-4.25695498426
-4.25164259253
-4.25013486996
-4.24789102339
-4.24621854889
-4.24175899587
-4.24085749812
-4.24068301891
-4.23975236002
-4.23503617167
-4.23165236855
-4.22927817973
-4.22597797763
-4.22354182599
-4.22340921914
-4.22077090476
-4.2193883197
-4.21742946947
-4.21484460768
-4.21133911378
-4.2100814873
-4.20513833863
-4.20459901657
-4.19882733409
-4.19781111071
-4.1969002193
-4.19406995923
-4.19364251511
-4.19240629371
-4.18985235596
-4.18587541458
-4.17923489728
-4.17794383094
-4.17757060279
-4.17612657316
-4.17248494589
-4.17021205457
-4.16650867786
-4.16562576802
-4.1647768386
-4.16170354306
-4.15865757478
-4.1543354149
-4.15158058081
-4.15057058384
-4.14534953934
-4.14439500426
-4.14347937277
-4.13961930677
-4.1393722713
-4.13710106679
-4.13243834971
-4.1296989936
-4.12888226664
-4.12360248342
-4.12218901341
-4.1167042522
-4.11457135848
-4.11438102957
-4.11230217492
-4.11223623008
-4.11043609736
-4.10684626457
-4.09901397101
-4.09666989392
-4.09560971723
-4.09107472066
-4.08988880965
-4.08906329451
-4.08832938367
-4.08510354677
-4.08302875991
-4.07880534968
-4.07487633871
-4.06977647804
-4.06661771055
-4.06611894064
-4.06366740802
-4.06303520153
-4.06188953142
-4.05825313248
-4.05797727339
-4.04978286511
-4.04486272468
-4.04380550653
-4.04292597048
-4.04120717262
-4.03819469602
-4.03614562505
-4.03252632274
-4.03086052313
-4.02772539471
-4.02374058678
-4.02138982591
-4.01612217958
-4.01485023965
-4.01264650444
-4.01047800976
-4.00922231947
-4.00585555982
-4.0037564719
-3.99887264982
-3.99675682936
-3.99312104111
-3.98936898909
-3.98755433393
-3.98702419985
-3.98226756738
-3.97824836281
-3.97666836014
-3.97625473582
-3.97565496303
-3.96883920886
-3.96267035986
-3.96132917004
-3.95932716858
-3.95808025278
-3.95528369605
-3.95353684812
-3.9497125421
-3.9495994945
-3.94039739055
-3.93999563315
-3.93603033159
-3.93556282466
-3.9307197577
-3.93017674914
-3.92827307876
-3.92260685954
-3.92255324969
-3.9202562011
-3.91023430373
-3.90972659591
-3.90945302462
-3.90780424241
-3.90470914585
-3.90123813626
-3.90011137538
-3.89553307029
-3.8898877381
-3.88670473853
-3.88479108709
-3.88382193918
-3.88294264171
-3.87956371761
-3.87418133823
-3.86913964333
-3.86859412954
-3.86854247263
-3.86168108374
-3.85861584838
-3.85785033383
-3.85650346981
-3.85037781373
-3.84799266962
-3.84710520484
-3.84158504673
-3.83847503158
-3.8372704476
-3.83205628886
-3.8318132839
-3.83013988188
-3.82644952667
-3.82001230829
-3.81553025487
-3.81517373728
-3.81466445826
-3.81363005555
-3.80571231892
-3.80451298407
-3.8038563387
-3.79509961728
-3.79339806988
-3.79290527448
-3.79177801504
-3.78778445055
-3.78218587172
-3.77954899473
-3.77765739064
-3.77646548039
-3.77087675283
-3.76828868677
-3.76578678472
-3.76094884663
-3.75947108026
-3.75772815403
-3.75332489431
-3.75154767952
-3.74796922494
-3.74470658224
-3.73888815021
-3.73865957744
-3.73637156162
-3.73416155133
-3.72704162868
-3.72553194035
-3.72467846895
-3.72103253931
-3.7199459837
-3.71289032947
-3.71152645006
-3.70742655342
-3.70100752966
-3.7009021721
-3.70070083789
-3.69961500314
-3.697267404
-3.6890304599
-3.68439026087
-3.68175723575
-3.68074792774
-3.67695951456
-3.67430419189
-3.67380179465
-3.67341203079
-3.66479509198
-3.66251169779
-3.65725393093
-3.65412983743
-3.65253759448
-3.64946728274
-3.64809734013
-3.64785339163
-3.64316608408
-3.64018742844
-3.63012044616
-3.62774500427
-3.62757653612
-3.62543403174
-3.62372092324
-3.62250676501
-3.62135017009
-3.61521073646
-3.60417674658
-3.60299285935
-3.60258504361
-3.60131315869
-3.60109237024
-3.59703529656
-3.59479629338
-3.58986834843
-3.58453408814
-3.57710555377
-3.57706107781
-3.57587429238
-3.57468178128
-3.57168826552
-3.56819356193
-3.56479348464
-3.5641636628
-3.55281211666
-3.55117653871
-3.54876793842
-3.54834930808
-3.54647110762
-3.54495547548
-3.54154381166
-3.53810014506
-3.52843375676
-3.52502060273
-3.52493492568
-3.52209958921
-3.5216770642
-3.52138936509
-3.51484891527
-3.5116813287
-3.50498941108
-3.50397139353
-3.50293383874
-3.50282378508
-3.50264036799
-3.50238359601
-3.50205348108
-3.50165003856
-3.50117328721
-3.50062324923
-3.49999995022
-3.49930341921
-3.49853368862
-3.49833980662
-3.49769079433
-3.49677477563
-3.49644868809
-3.49593736525
-3.49578567523
-3.49472353927
-3.49460501245
-3.49358841732
-3.4923803624
-3.49109943094
-3.48974568284
-3.48831918143
-3.48811078355
-3.48681999348
-3.48524818922
-3.48491081633
-3.48486244789
-3.48360384234
-3.48188702999
-3.48009783278
-3.47942595666
-3.47823633478
-3.47630262356
-3.47429679014
-3.47221892906
-3.47165483599
-3.47139481913
-3.47006913833
-3.46986748119
-3.46784751944
-3.46755520431
-3.46555417743
-3.46464026309
-3.4631892208
-3.46133136678
-3.46075276161
-3.45824491541
-3.45779228082
-3.4556658013
-3.45479838649
-3.4530155419
-3.45029426341
-3.44750209554
-3.44701367861
-3.44463917159
-3.44432340927
-3.44410367171
-3.44389488876
-3.44170562843
-3.44053114188
-3.4387016065
-3.43562724983
-3.43451265615
-3.43248270604
-3.43032946665
-3.43008963418
-3.42926812638
-3.42598366569
-3.42391244154
-3.42262948245
-3.42253119733
-3.41920573879
-3.4180246488
-3.41647014511
-3.41571260046
-3.41353641081
-3.41215023689
-3.40851882117
-3.40765668526
-3.40530066214
-3.40481853009
-3.40340791765
-3.4025261912
-3.40104954412
-3.39821348608
-3.39721204742
-3.39330622791
-3.39226193358
-3.38933227722
-3.38849809374
-3.38657468301
-3.38529039072
-3.38281039784
-3.38118076754
-3.38076553176
-3.38043244432
-3.37700361061
-3.37438634628
-3.37406675219
-3.37275912661
-3.36844752606
-3.36661202916
-3.36406902327
-3.36212044495
-3.36019144721
-3.35964971943
-3.35962383639
-3.35548596656
-3.35511218744
-3.35384131892
-3.35053430229
-3.35009731705
-3.34591389974
-3.34589041069
-3.34133862431
-3.34118074629
-3.34108033766
-3.33640554667
-3.3327653729
-3.33156505334
-3.33155421203
-3.33046222698
-3.32688621742
-3.32665951176
-3.32631161669
-3.32168917138
-3.32046550377
-3.31711289719
-3.31665428563
-3.31567237955
-3.31155511194
-3.30639191181
-3.30592559105
-3.30536223638
-3.30271620204
-3.30259047339
-3.30116495075
-3.2999024471
-3.29950165367
-3.29587449839
-3.29052082843
-3.29039379585
-3.28798746389
-3.2851042187
-3.28018701861
-3.27962495116
-3.27931773911
-3.27913441937
-3.27844764684
-3.27408331196
-3.27330439713
-3.27289227889
-3.26847959141
-3.26525035031
-3.26281408407
-3.25854180677
-3.25730405857
-3.25708708871
-3.25612300889
-3.25493761109
-3.2523960043
-3.25129890839
-3.2458580368
-3.24544985043
-3.24370023181
-3.24024793151
-3.23954022651
-3.23607146658
-3.23357035262
-3.233138907
-3.22961506517
-3.22878021662
-3.22754054915
-3.22571459638
-3.22145114088
-3.21880209991
-3.21539255484
-3.21530245702
-3.21475045106
-3.21378231105
-3.21037244308
-3.20909483126
-3.20422044668
-3.20282860176
-3.19909455358
-3.19870707049
-3.19650411122
-3.19334159457
-3.19172690463
-3.19069036449
-3.19012170689
-3.18783073994
-3.18368174062
-3.18355505597
-3.17875483643
-3.17718456887
-3.17254034457
-3.1718454821
-3.17063055276
-3.16832683422
-3.16614763518
-3.16552103235
-3.16463494687
-3.16402005811
-3.15735345547
-3.15321933071
-3.15302297783
-3.15063112014
-3.15026270102
-3.14605655221
-3.14385343223
-3.14345066553
-3.14177077388
-3.13764406525
-3.13752878449
-3.13702077669
-3.13013354334
-3.12859384106
-3.12761504192
-3.12319212695
-3.12219068098
-3.12162709327
-3.11964787702
-3.11756632136
-3.11619692721
-3.11041103973
-3.10914834884
-3.10683949432
-3.1066634156
-3.10204680158
-3.10194309909
-3.10005787571
-3.09489270028
-3.09354095351
-3.09331914074
-3.09106286593
-3.08768646489
-3.08500025522
-3.08328440178
-3.08042852058
-3.0787506767
-3.07620464859
-3.07538963513
-3.0731192977
-3.06970148258
-3.06707528999
-3.06575923189
-3.06307672049
-3.0596443328
-3.05834876411
-3.05771326073
-3.05615162958
-3.05088834068
-3.05040085473
-3.0460548581
-3.04382757511
-3.04337841332
-3.04106948918
-3.04092139997
-3.03695348945
-3.03581943925
-3.02901555456
-3.02821188118
-3.02793998492
-3.0245329005
-3.02260816767
-3.02055620741
-3.01897916264
-3.01647931764
-3.01486267821
-3.01285289187
-3.01198219194
-3.00510241415
-3.00187908368
-2.99936863742
-2.99860198828
-2.9973052596
-2.99680634446
-2.9962987888
-2.99595483285
-2.98946191935
-2.9889044684
-2.9815728904
-2.97985855142
-2.97642003017
-2.97634363227
-2.97474520252
-2.97455164049
-2.97363867566
-2.97260934067
-2.96565978401
-2.96369399869
-2.96305225426
-2.95763673037
-2.95685124714
-2.95354065573
-2.95221565885
-2.94957003576
-2.9476169785
-2.94746183312
-2.94655620127
-2.94146022738
-2.93760071722
-2.93731166339
-2.93330783864
-2.93116272073
-2.93096734958
-2.92979900983
-2.92511340926
-2.92049756433
-2.92044383558
-2.91867678338
-2.91687748534
-2.91479733532
-2.91168847125
-2.90863149297
-2.90860061939
-2.90730230596
-2.90028337046
-2.90008784675
-2.89836635858
-2.89427353193
-2.89339020157
-2.89192630416
-2.88654100126
-2.88618860505
-2.88472616196
-2.88352999277
-2.88187048031
-2.88184235875
-2.87509501527
-2.86804660244
-2.86662195749
-2.86629822431
-2.86531039861
-2.86470392439
-2.86394881258
-2.86207119469
-2.86081814773
-2.85811141212
-2.84956397881
-2.84868682008
-2.84641573408
-2.84312844475
-2.84176438407
-2.84098026426
-2.83933802319
-2.83922506311
-2.83558334183
-2.83236088231
-2.83200046
-2.82925167187
-2.82370645399
-2.8218228746
-2.81652726863
-2.81542823972
-2.81525204259
-2.81501760763
-2.81246518694
-2.81217424906
-2.81049059346
-2.80629497896
-2.80079565292
-2.79844230121
-2.79753921115
-2.79606484149
-2.7936395543
-2.78903955938
-2.78875095496
-2.78554647609
-2.78514941803
-2.7815719786
-2.78005918716
-2.78005534171
-2.77993086876
-2.77107961871
-2.77067550558
-2.7646418271
-2.76445675258
-2.76259976138
-2.76219787878
-2.76075773435
-2.75961062169
-2.75815431515
-2.75328633085
-2.74926603029
-2.74765260897
-2.74763574997
-2.74434566488
-2.73947028733
-2.73613128774
-2.73611029369
-2.7353765789
-2.73449546309
-2.73119279943
-2.7306050966
-2.72637977922
-2.724520917
-2.7201534297
-2.71964324122
-2.71735598043
-2.7135000728
-2.71167423419
-2.7095726353
-2.70830590557
-2.70624822988
-2.70426884864
-2.70133163827
-2.70013848776
-2.69923028622
-2.69633833111
-2.69278806909
-2.69012986258
-2.6873938535
-2.6829882977
-2.68100538362
-2.68096512602
-2.67978104255
-2.6791206761
-2.67806854741
-2.67738656439
-2.67185760714
-2.6672351189
-2.66329761061
-2.66268729992
-2.66213234191
-2.66184792368
-2.65635882644
-2.65515812347
-2.65473228008
-2.65349523781
-2.65055017741
-2.64452090143
-2.64428220585
-2.64364939952
-2.6435577212
-2.63939315864
-2.63504899836
-2.63244139933
-2.63132347391
-2.62968580277
-2.62714044896
-2.62579641912
-2.62552563156
-2.62376405312
-2.62181644985
-2.61652528139
-2.61568834173
-2.61168995188
-2.60970741827
-2.60784276855
-2.60777042907
-2.60723640812
-2.60297084545
-2.60206875395
-2.6
-2.6
-2.6
-2.6
-2.6
-2.6
-2.6
-2.6
-2.6
-2.6
-2.6
-2.6
-2.6
-2.6
-2.6
-2.6
-2.6
-2.6
-2.6
-2.6
-2.6
-2.6
-2.6
-2.6
-2.6
-2.6
-2.6
-2.6
-2.6
-2.6
-2.6
-2.6
-2.6
-2.6
-2.6
-2.6
-2.6
-2.6
-2.6
-2.6
-2.6
-2.6
-2.6
-2.6
-2.6
-2.6
-2.6
-2.6
-2.6
-2.6
-2.6
-2.6
-2.6
-2.6
-2.6
-2.6
-2.6
-2.6
-2.6
-2.6
-2.6
-2.6
-2.6
-2.6
-2.6
-2.6
-2.6
-2.6
-2.6
-2.6
-2.6
-2.6
-2.6
-2.6
-2.6
-2.6
-2.6
-2.6
-2.6
-2.6
-2.6
-2.6
-2.6
-2.6
-2.6
-2.6
-2.6
-2.6
-2.6
-2.6
-2.6
-2.6
-2.6
-2.6
-2.6
-2.6
-2.6
-2.6
-2.6
-2.6
-2.6
-2.6
-2.6
-2.6
-2.6
-2.6
-2.6
-2.6
-2.6
-2.6
-2.6
-2.6
-2.6
-2.6
-2.6
-2.6
-2.6
-2.6
-2.6
-2.6
-2.6
-2.6
-2.6
-2.6
-2.6
-2.6
-2.6
-2.6
-2.6
-2.6
-2.6
-2.6
-2.6
-2.6
-2.6
-2.6
-2.6
-2.6
-2.6
-2.6
-2.6
-2.6
-2.6
-2.6
-2.6
-2.6
-2.6
-2.6
-2.6
-2.6
-2.59793063201
-2.59703269733
-2.59295945647
-2.59222267411
-2.59219119754
-2.5903932301
-2.58860879565
-2.58436839423
-2.58429080558
-2.57927175163
-2.5763016192
-2.57621561258
-2.57468709441
-2.57340350762
-2.57036076233
-2.56992036269
-2.56890995951
-2.5687648837
-2.561763624
-2.56066822856
-2.56055550181
-2.55710157066
-2.55681075644
-2.55530294451
-2.55117805234
-2.54942180359
-2.5493876026
-2.54585305865
-2.54402199417
-2.54375305309
-2.54178890814
-2.54062447929
-2.5394670084
-2.53921014019
-2.53697568294
-2.53495567405
-2.53238897369
-2.53126183006
-2.52813143308
-2.52556688934
-2.52485417188
-2.52357017854
-2.52302912502
-2.52297916423
-2.5225911614
-2.52214284734
-2.52178432758
-2.52128600419
-2.51721453381
-2.51356040586
-2.51321381611
-2.50950930721
-2.50413363569
-2.50405446315
-2.50044698864
-2.49572547465
-2.49469980197
-2.49459931884
-2.49075033467
-2.48938327735
-2.48627836545
-2.48525986419
-2.4801335834
-2.47811567993
-2.47581479324
-2.4688265801
-2.46845700081
-2.46636557151
-2.46612140222
-2.46548471782
-2.46436575892
-2.45691319302
-2.45604442957
-2.45257198216
-2.45059135206
-2.44745866357
-2.44189636521
-2.44151879053
-2.43949441579
-2.43806629014
-2.43800300084
-2.43424266767
-2.43268241908
-2.42854723452
-2.42689766076
-2.41909240646
-2.41748615032
-2.41493677087
-2.41479051869
-2.41473121947
-2.41272002228
-2.41185759987
-2.40963957073
-2.40318161346
-2.40018979383
-2.39673878908
-2.39338745388
-2.39207936911
-2.39148631706
-2.39074415473
-2.38794979429
-2.38574555544
-2.38149198745
-2.38130374504
-2.37870618275
-2.3718696691
-2.37142742534
-2.37055156811
-2.36922335969
-2.36244304411
-2.36189337205
-2.36093749215
-2.36063447495
-2.35973622808
-2.35302500022
-2.35289722651
-2.34992597993
-2.34499452802
-2.34444607487
-2.34361668068
-2.34252476053
-2.33654666825
-2.33421924189
-2.33390198386
-2.33383590138
-2.32961994028
-2.3292054011
-2.32483385356
-2.32437815543
-2.32242829009
-2.3207016209
-2.31622095382
-2.31546169877
-2.31058859343
-2.30964401405
-2.30805107984
-2.30684545518
-2.30619579754
-2.30610397406
-2.30553597436
-2.30106740925
-2.29718674227
-2.29676188958
-2.29634530212
-2.29389733495
-2.29120205362
-2.29000893588
-2.28910325857
-2.28797884747
-2.28760279506
-2.28743666909
-2.28670198624
-2.28238849789
-2.27977016196
-2.2781295501
-2.2719262372
-2.27072560164
-2.26972848948
-2.26884178395
-2.25957463581
-2.25685512893
-2.2526784342
-2.25180505851
-2.25144593233
-2.25032938485
-2.24744509337
-2.24110732418
-2.23325849373
-2.23313241031
-2.23190976098
-2.23145819478
-2.2255726804
-2.22290253957
-2.22273801653
-2.2150972219
-2.2147891842
-2.2135934262
-2.20620517522
-2.20447733951
-2.19845539219
-2.19829924641
-2.1973326707
-2.19641754236
-2.19539112013
-2.18633614589
-2.18110381775
-2.1799763651
-2.17801880183
-2.17731380877
-2.17363588616
-2.17132914932
-2.16832551487
-2.1630399099
-2.15959430951
-2.1593726844
-2.15616214752
-2.15045675163
-2.14891313272
-2.14653497059
-2.14419662496
-2.14157916481
-2.14114544338
-2.13274138613
-2.1313884773
-2.13047325255
-2.12413166163
-2.12394489163
-2.12267361381
-2.11706059143
-2.11519117109
-2.11486647852
-2.10679141763
-2.10648172789
-2.10418026488
-2.09972636432
-2.09929215003
-2.09781807895
-2.08992392632
-2.08920175448
-2.08566687588
-2.08506459289
-2.0823798869
-2.0806342979
-2.07439527664
-2.07211726558
-2.07089278673
-2.06713496273
-2.06365222669
-2.06278961906
-2.05816312141
-2.05722247857
-2.05524076291
-2.04944172175
-2.04858607965
-2.04688446822
-2.04406508072
-2.03858494863
-2.03566077798
-2.03415068536
-2.03143185281
-2.03034382184
-2.03002182074
-2.0244321672
-2.02216271697
-2.01933386835
-2.01404327415
-2.0114438218
-2.01035248057
-2.00854063791
-2.00778198007
-2.00598714421
-1.99936729636
-1.99799598824
-1.99678678434
-1.99285376212
-1.99007147718
-1.98677875601
-1.98635858482
-1.98221529134
-1.98143256828
-1.97650735555
-1.97442911997
-1.97425336648
-1.97424779411
-1.96724270377
-1.96671466067
-1.96344011687
-1.95907361889
-1.95857383273
-1.95564440712
-1.95434008194
-1.95150770737
-1.95050950482
-1.94907434683
-1.94401864548
-1.94305800523
-1.94034753315
-1.93702870597
-1.93660815862
-1.93622710657
-1.93002403473
-1.92927797753
-1.92726684453
-1.92445543628
-1.92384764236
-1.9220298376
-1.91952734783
-1.91840813686
-1.91751234761
-1.91524516754
-1.91486547808
-1.91161362921
-1.90863677919
-1.90778664137
-1.90631795629
-1.90465977514
-1.90366411288
-1.90079507217
-1.90021668465
-1.89978462793
-1.89856837
-1.89494628295
-1.89389251665
-1.88708072154
-1.88116016417
-1.88036143326
-1.87373639695
-1.87323722051
-1.87319360479
-1.87266144798
-1.86720735547
-1.86253679001
-1.8607760484
-1.85444421097
-1.85067034272
-1.84821357299
-1.84785488603
-1.84620179304
-1.84391661218
-1.84208585772
-1.83606278069
-1.83014604856
-1.82898586213
-1.82530180261
-1.82433735788
-1.82242206011
-1.8192456358
-1.81863839383
-1.81305082896
-1.80762129825
-1.80757632188
-1.80669460154
-1.80221651595
-1.79697303788
-1.79693943771
-1.79232973142
-1.79184749643
-1.78809732081
-1.78684148093
-1.78659034064
-1.78195655993
-1.77719427975
-1.77255616303
-1.7714077151
-1.76951234729
-1.76804370727
-1.76590707464
-1.76545890491
-1.76365838341
-1.75940163432
-1.75527487333
-1.75127948281
-1.75094214652
-1.74741681265
-1.74582758993
-1.74558597744
-1.74368817883
-1.74009486198
-1.73863822384
-1.73663810591
-1.73331911626
-1.73238926653
-1.73013905903
-1.72709905929
-1.72564191143
-1.72420019975
-1.72144351955
-1.72019976116
-1.71883001291
-1.71636062793
-1.71403626539
-1.71385634186
-1.71187301541
-1.71185777762
-1.7098259674
-1.70794158689
-1.7062053367
-1.70609011471
-1.70461786491
-1.70317976627
-1.70189158132
-1.70075379573
-1.69976683962
-1.69893108696
-1.69824685506
-1.69771440414
-1.69733393697
-1.6971055986
-1.69534609787
-1.69452492906
-1.68694618834
-1.68516888498
-1.67686135515
-1.66880379516
-1.66822608006
-1.65853173592
-1.65840503427
-1.64994606416
-1.64303706229
-1.63998016075
-1.63212271713
-1.63196779119
-1.6215898703
-1.6172254345
-1.61477288888
-1.60548361645
-1.60323741431
-1.59791366918
-1.59136961708
-1.58492616566
-1.58156234904
-1.57908614515
-1.56665962481
-1.56573637691
-1.56547031652
-1.55278270544
-1.55045330942
-1.54844142623
-1.53952824051
-1.53573075667
-1.53027534509
-1.5265810493
-1.52158632196
-1.51354409789
-1.51216530439
-1.50803753606
-1.50048938385
-1.4951017862
-1.49411538232
-1.48751859866
-1.48279623998
-1.47612982009
-1.47451640513
-1.47113776479
-1.46145245396
-1.46014284296
-1.45821303004
-1.44982748369
-1.44867133437
-1.4403696042
-1.44020713223
-1.43534637602
-1.43129657739
-1.42310985851
-1.422963957
-1.42260432312
-1.41566017287
-1.40920107818
-1.40895978499
-1.40492216526
-1.40301993895
-1.39785077528
-1.39740466462
-1.39346125364
-1.3898590826
-1.38732831658
-1.38705065791
-1.38504101024
-1.38383376346
-1.38301727484
-1.37200449979
-1.36982818065
-1.35679568145
-1.35242738908
-1.34677520412
-1.33513181229
-1.3305370145
-1.32172926952
-1.3179475707
-1.3042419915
-1.30088104622
-1.29687999278
-1.28393889398
-1.27791133093
-1.2722415334
-1.26712805435
-1.25154575227
-1.2504557652
-1.24782897487
-1.23392957421
-1.22514597594
-1.22365838898
-1.21755735128
-1.20134730089
-1.19974690316
-1.19871272329
-1.18530797428
-1.17611277044
-1.1722467166
-1.16944828139
-1.15377750224
-1.15277544155
-1.14574867903
-1.13830529783
-1.12975563835
-1.12304171999
-1.11921933462
-1.10799722035
-1.10707542786
-1.09318265777
-1.09265940828
-1.08475829543
-1.07860930419
-1.06606962573
-1.06428884845
-1.06282921569
-1.05023339766
-1.04131471908
-1.03945071352
-1.0364554758
-1.02296801907
-1.02024295181
-1.012803399
-1.00978436743
-0.999643726038
-0.996918251906
-0.986128410286
-0.984383777166
-0.97954855697
-0.972195398683
-0.960367894097
-0.959990682634
-0.959426476255
-0.948916328178
-0.941005061695
-0.937856010918
-0.932698326522
-0.927202448344
-0.922628343959
-0.91697128568
-0.907178242647
-0.905944691414
-0.90489880774
-0.897839040787
-0.888969322883
-0.887856257868
-0.880584564764
-0.879166301958
-0.872699979954
-0.871541877944
-0.865330417944
-0.858490257064
-0.85599803058
-0.852363889856
-0.852193293252
-0.846452626243
-0.841280544987
-0.841267999925
-0.836688414284
-0.83268656482
-0.829284188884
-0.827395671835
-0.826489244062
-0.825538187466
-0.824308367185
-0.822746800626
-0.821808332841
-0.814425148777
-0.802400298911
-0.798689927784
-0.791364241896
-0.781358777718
-0.772423769059
-0.771819844419
-0.764596492202
-0.757910975791
-0.752397350541
-0.748081235613
-0.744983188556
-0.74492867158
-0.743118244861
-0.718017144051
-0.691085997171
-0.664135966817
-0.63716778938
-0.610182201748
-0.583179941286
-0.556161745812
-0.529128353581
-0.502080503262
-0.47501893392
-0.447944384996
-0.420857596283
-0.393759307911
-0.366650260322
-0.339531194254
-0.312402850717
-0.285265970976
-0.258121296529
-0.230969569085
-0.203811530548
-0.176647922994
-0.149479488651
-0.122306969877
-0.0951311091461
-0.0679526490193
-0.0407723321305
-0.0135909011643
-3.4558944248e-18
-2.35813972516e-18
-2.71050543121e-20
1.24683249836e-18
0.0135909011643
0.0407723321305
0.0679526490193
0.0951311091462
0.122306969878
0.149479488651
0.176647922994
0.203811530548
0.230969569085
0.258121296529
0.285265970977
0.312402850718
0.339531194254
0.366650260322
0.393759307911
0.420857596283
0.447944384996
0.47501893392
0.502080503262
0.529128353581
0.556161745812
0.583179941286
0.610182201749
0.63716778938
0.664135966817
0.691085997171
0.718017144051
0.743118244861
0.74492867158
0.744983188556
0.748081235614
0.752397350541
0.757910975792
0.764596492202
0.771819844419
0.772423769059
0.781358777718
0.791364241896
0.798689927784
0.802400298911
0.814425148777
0.821808332841
0.822746800626
0.824308367185
0.825538187467
0.826489244062
0.827395671835
0.829284188884
0.832686564821
0.836688414284
0.841267999925
0.841280544987
0.846452626243
0.852193293252
0.852363889856
0.85599803058
0.858490257064
0.865330417944
0.871541877944
0.872699979954
0.879166301958
0.880584564764
0.887856257868
0.888969322883
0.897839040787
0.90489880774
0.905944691414
0.907178242647
0.91697128568
0.922628343959
0.927202448344
0.932698326522
0.937856010918
0.941005061695
0.948916328178
0.959426476255
0.959990682634
0.960367894098
0.972195398683
0.97954855697
0.984383777166
0.986128410286
0.996918251906
0.999643726038
1.00978436743
1.012803399
1.02024295181
1.02296801907
1.0364554758
1.03945071352
1.04131471908
1.05023339766
1.06282921569
1.06428884845
1.06606962573
1.07860930419
1.08475829543
1.09265940828
1.09318265777
1.10707542786
1.10799722035
1.11921933462
1.12304171999
1.12975563835
1.13830529783
1.14574867903
1.15277544155
1.15377750224
1.16944828139
1.1722467166
1.17611277044
1.18530797428
1.19871272329
1.19974690316
1.20134730089
1.21755735128
1.22365838898
1.22514597594
1.23392957421
1.24782897487
1.2504557652
1.25154575227
1.26712805435
1.2722415334
1.27791133093
1.28393889398
1.29687999278
1.30088104623
1.3042419915
1.3179475707
1.32172926952
1.3305370145
1.33513181229
1.34677520412
1.35242738908
1.35679568145
1.36982818065
1.37200449979
1.38301727484
1.38383376346
1.38504101024
1.38705065791
1.38732831658
1.3898590826
1.39346125364
1.39740466462
1.39785077528
1.40301993895
1.40492216526
1.40895978499
1.40920107818
1.41566017287
1.42260432312
1.422963957
1.42310985851
1.43129657739
1.43534637602
1.44020713223
1.4403696042
1.44867133437
1.44982748369
1.45821303005
1.46014284296
1.46145245396
1.47113776479
1.47451640513
1.47612982009
1.48279623998
1.48751859866
1.49411538232
1.4951017862
1.50048938385
1.50803753606
1.51216530439
1.51354409789
1.52158632196
1.5265810493
1.53027534509
1.53573075667
1.53952824051
1.54844142623
1.55045330942
1.55278270544
1.56547031652
1.56573637691
1.56665962481
1.57908614515
1.58156234904
1.58492616566
1.59136961708
1.59791366918
1.60323741431
1.60548361645
1.61477288888
1.6172254345
1.6215898703
1.63196779119
1.63212271713
1.63998016075
1.64303706229
1.64994606416
1.65840503427
1.65853173592
1.66822608006
1.66880379516
1.67686135515
1.68516888498
1.68694618834
1.69452492906
1.69534609787
1.6971055986
1.69733393697
1.69771440414
1.69824685506
1.69893108696
1.69976683962
1.70075379573
1.70189158132
1.70317976627
1.70461786491
1.70609011471
1.7062053367
1.70794158689
1.7098259674
1.71185777762
1.71187301541
1.71385634186
1.71403626539
1.71636062793
1.71883001291
1.72019976116
1.72144351955
1.72420019975
1.72564191143
1.72709905929
1.73013905903
1.73238926653
1.73331911626
1.73663810591
1.73863822384
1.74009486198
1.74368817883
1.74558597744
1.74582758993
1.74741681265
1.75094214652
1.75127948281
1.75527487333
1.75940163432
1.76365838341
1.76545890491
1.76590707464
1.76804370727
1.76951234729
1.7714077151
1.77255616303
1.77719427975
1.78195655993
1.78659034064
1.78684148093
1.78809732081
1.79184749643
1.79232973142
1.79693943771
1.79697303788
1.80221651595
1.80669460154
1.80757632188
1.80762129825
1.81305082896
1.81863839383
1.8192456358
1.82242206011
1.82433735788
1.82530180261
1.82898586213
1.83014604856
1.83606278069
1.84208585772
1.84391661218
1.84620179304
1.84785488603
1.84821357299
1.85067034272
1.85444421097
1.8607760484
1.86253679001
1.86720735547
1.87266144798
1.87319360479
1.87323722051
1.87373639695
1.88036143326
1.88116016417
1.88708072154
1.89389251665
1.89494628295
1.89856837
1.89978462793
1.90021668465
1.90079507217
1.90366411288
1.90465977514
1.90631795629
1.90778664137
1.90863677919
1.91161362921
1.91486547808
1.91524516754
1.91751234761
1.91840813686
1.91952734783
1.9220298376
1.92384764236
1.92445543628
1.92726684453
1.92927797753
1.93002403473
1.93622710657
1.93660815862
1.93702870597
1.94034753315
1.94305800523
1.94401864548
1.94907434683
1.95050950482
1.95150770737
1.95434008194
1.95564440712
1.95857383273
1.95907361889
1.96344011687
1.96671466067
1.96724270377
1.97424779411
1.97425336648
1.97442911997
1.97650735555
1.98143256828
1.98221529134
1.98635858482
1.98677875601
1.99007147718
1.99285376212
1.99678678434
1.99799598824
1.99936729636
2.00598714421
2.00778198007
2.00854063791
2.01035248057
2.0114438218
2.01404327415
2.01933386835
2.02216271697
2.0244321672
2.03002182074
2.03034382184
2.03143185281
2.03415068536
2.03566077798
2.03858494863
2.04406508072
2.04688446822
2.04858607965
2.04944172175
2.05524076291
2.05722247857
2.05816312141
2.06278961906
2.06365222669
2.06713496273
2.07089278673
2.07211726558
2.07439527664
2.0806342979
2.0823798869
2.08506459289
2.08566687588
2.08920175448
2.08992392632
2.09781807895
2.09929215003
2.09972636432
2.10418026488
2.10648172789
2.10679141763
2.11486647852
2.11519117109
2.11706059143
2.12267361381
2.12394489163
2.12413166163
2.13047325255
2.1313884773
2.13274138613
2.14114544338
2.14157916481
2.14419662496
2.14653497059
2.14891313272
2.15045675163
2.15616214752
2.1593726844
2.15959430951
2.1630399099
2.16832551487
2.17132914932
2.17363588616
2.17731380877
2.17801880183
2.1799763651
2.18110381775
2.18633614589
2.19539112013
2.19641754236
2.1973326707
2.19829924641
2.19845539219
2.20447733951
2.20620517522
2.2135934262
2.2147891842
2.2150972219
2.22273801653
2.22290253957
2.2255726804
2.23145819478
2.23190976098
2.23313241031
2.23325849373
2.24110732418
2.24744509337
2.25032938485
2.25144593233
2.25180505851
2.2526784342
2.25685512893
2.25957463581
2.26884178395
2.26972848948
2.27072560164
2.2719262372
2.2781295501
2.27977016196
2.28238849789
2.28670198624
2.28743666909
2.28760279506
2.28797884747
2.28910325857
2.29000893588
2.29120205362
2.29389733495
2.29634530212
2.29676188958
2.29718674227
2.30106740925
2.30553597436
2.30610397406
2.30619579754
2.30684545518
2.30805107984
2.30964401405
2.31058859343
2.31546169877
2.31622095382
2.3207016209
2.32242829009
2.32437815543
2.32483385356
2.3292054011
2.32961994028
2.33383590138
2.33390198386
2.33421924189
2.33654666825
2.34252476053
2.34361668068
2.34444607487
2.34499452802
2.34992597993
2.35289722651
2.35302500022
2.35973622808
2.36063447495
2.36093749215
2.36189337205
2.36244304411
2.36922335969
2.37055156811
2.37142742534
2.3718696691
2.37870618275
2.38130374504
2.38149198745
2.38574555544
2.38794979429
2.39074415473
2.39148631706
2.39207936911
2.39338745388
2.39673878908
2.40018979383
2.40318161346
2.40963957073
2.41185759987
2.41272002228
2.41473121947
2.41479051869
2.41493677087
2.41748615032
2.41909240646
2.42689766076
2.42854723452
2.43268241908
2.43424266767
2.43800300084
2.43806629014
2.43949441579
2.44151879053
2.44189636521
2.44745866357
2.45059135206
2.45257198216
2.45604442957
2.45691319302
2.46436575892
2.46548471782
2.46612140222
2.46636557151
2.46845700081
2.4688265801
2.47581479324
2.47811567993
2.4801335834
2.48525986419
2.48627836545
2.48938327735
2.49075033467
2.49459931884
2.49469980197
2.49572547465
2.50044698864
2.50405446315
2.50413363569
2.50950930721
2.51321381611
2.51356040586
2.51721453381
2.52128600419
2.52178432758
2.52214284734
2.5225911614
2.52297916423
2.52302912502
2.52357017854
2.52485417188
2.52556688934
2.52813143308
2.53126183006
2.53238897369
2.53495567405
2.53697568294
2.53921014019
2.5394670084
2.54062447929
2.54178890814
2.54375305309
2.54402199417
2.54585305865
2.5493876026
2.54942180359
2.55117805234
2.55530294451
2.55681075644
2.55710157066
2.56055550181
2.56066822856
2.561763624
2.5687648837
2.56890995951
2.56992036269
2.57036076233
2.57340350762
2.57468709441
2.57621561258
2.5763016192
2.57927175163
2.58429080558
2.58436839423
2.58860879565
2.5903932301
2.59219119754
2.59222267411
2.59295945647
2.59703269733
2.59793063201
2.6
2.6
2.6
2.6
2.6
2.6
2.6
2.6
2.6
2.6
2.6
2.6
2.6
2.6
2.6
2.6
2.6
2.6
2.6
2.6
2.6
2.6
2.6
2.6
2.6
2.6
2.6
2.6
2.6
2.6
2.6
2.6
2.6
2.6
2.6
2.6
2.6
2.6
2.6
2.6
2.6
2.6
2.6
2.6
2.6
2.6
2.6
2.6
2.6
2.6
2.6
2.6
2.6
2.6
2.6
2.6
2.6
2.6
2.6
2.6
2.6
2.6
2.6
2.6
2.6
2.6
2.6
2.6
2.6
2.6
2.6
2.6
2.6
2.6
2.6
2.6
2.6
2.6
2.6
2.6
2.6
2.6
2.6
2.6
2.6
2.6
2.6
2.6
2.6
2.6
2.6
2.6
2.6
2.6
2.6
2.6
2.6
2.6
2.6
2.6
2.6
2.6
2.6
2.6
2.6
2.6
2.6
2.6
2.6
2.6
2.6
2.6
2.6
2.6
2.6
2.6
2.6
2.6
2.6
2.6
2.6
2.6
2.6
2.6
2.6
2.6
2.6
2.6
2.6
2.6
2.6
2.6
2.6
2.6
2.6
2.6
2.6
2.6
2.6
2.6
2.6
2.6
2.6
2.6
2.6
2.6
2.6
2.6
2.6
2.6
2.60206875395
2.60297084545
2.60723640812
2.60777042907
2.60784276855
2.60970741827
2.61168995188
2.61568834173
2.61652528139
2.62181644985
2.62376405312
2.62552563156
2.62579641912
2.62714044896
2.62968580277
2.63132347391
2.63244139933
2.63504899836
2.63939315864
2.6435577212
2.64364939952
2.64428220585
2.64452090143
2.65055017741
2.65349523781
2.65473228008
2.65515812347
2.65635882644
2.66184792368
2.66213234191
2.66268729992
2.66329761061
2.6672351189
2.67185760714
2.67738656439
2.67806854741
2.6791206761
2.67978104255
2.68096512602
2.68100538362
2.6829882977
2.6873938535
2.69012986258
2.69278806909
2.69633833111
2.69923028622
2.70013848776
2.70133163827
2.70426884864
2.70624822988
2.70830590557
2.7095726353
2.71167423419
2.7135000728
2.71735598043
2.71964324122
2.7201534297
2.724520917
2.72637977922
2.7306050966
2.73119279943
2.73449546309
2.7353765789
2.73611029369
2.73613128774
2.73947028733
2.74434566488
2.74763574997
2.74765260897
2.74926603029
2.75328633085
2.75815431515
2.75961062169
2.76075773435
2.76219787878
2.76259976138
2.76445675258
2.7646418271
2.77067550558
2.77107961871
2.77993086876
2.78005534171
2.78005918716
2.7815719786
2.78514941803
2.78554647609
2.78875095496
2.78903955938
2.7936395543
2.79606484149
2.79753921115
2.79844230121
2.80079565292
2.80629497896
2.81049059346
2.81217424906
2.81246518694
2.81501760763
2.81525204259
2.81542823972
2.81652726863
2.8218228746
2.82370645399
2.82925167187
2.83200046
2.83236088231
2.83558334183
2.83922506311
2.83933802319
2.84098026426
2.84176438407
2.84312844475
2.84641573408
2.84868682008
2.84956397881
2.85811141212
2.86081814773
2.86207119469
2.86394881258
2.86470392439
2.86531039861
2.86629822431
2.86662195749
2.86804660244
2.87509501527
2.88184235875
2.88187048031
2.88352999277
2.88472616196
2.88618860505
2.88654100126
2.89192630416
2.89339020157
2.89427353193
2.89836635858
2.90008784675
2.90028337046
2.90730230596
2.90860061939
2.90863149297
2.91168847125
2.91479733532
2.91687748534
2.91867678338
2.92044383558
2.92049756433
2.92511340926
2.92979900983
2.93096734958
2.93116272073
2.93330783864
2.93731166339
2.93760071722
2.94146022738
2.94655620127
2.94746183312
2.9476169785
2.94957003576
2.95221565885
2.95354065573
2.95685124714
2.95763673037
2.96305225426
2.96369399869
2.96565978401
2.97260934067
2.97363867566
2.97455164049
2.97474520252
2.97634363227
2.97642003017
2.97985855142
2.9815728904
2.9889044684
2.98946191935
2.99595483285
2.9962987888
2.99680634446
2.9973052596
2.99860198828
2.99936863743
3.00187908368
3.00510241415
3.01198219194
3.01285289187
3.01486267821
3.01647931764
3.01897916264
3.02055620741
3.02260816767
3.0245329005
3.02793998492
3.02821188118
3.02901555456
3.03581943925
3.03695348945
3.04092139997
3.04106948918
3.04337841332
3.04382757511
3.0460548581
3.05040085473
3.05088834068
3.05615162958
3.05771326073
3.05834876411
3.0596443328
3.06307672049
3.06575923189
3.06707528999
3.06970148258
3.0731192977
3.07538963513
3.07620464859
3.0787506767
3.08042852058
3.08328440178
3.08500025522
3.08768646489
3.09106286593
3.09331914074
3.09354095351
3.09489270028
3.10005787571
3.10194309909
3.10204680158
3.1066634156
3.10683949432
3.10914834884
3.11041103973
3.11619692721
3.11756632136
3.11964787702
3.12162709327
3.12219068098
3.12319212695
3.12761504192
3.12859384106
3.13013354334
3.13702077669
3.13752878449
3.13764406525
3.14177077388
3.14345066553
3.14385343223
3.14605655221
3.15026270102
3.15063112014
3.15302297783
3.15321933071
3.15735345547
3.16402005811
3.16463494687
3.16552103235
3.16614763518
3.16832683422
3.17063055276
3.1718454821
3.17254034457
3.17718456887
3.17875483643
3.18355505597
3.18368174062
3.18783073994
3.19012170689
3.19069036449
3.19172690463
3.19334159457
3.19650411122
3.19870707049
3.19909455358
3.20282860176
3.20422044668
3.20909483126
3.21037244308
3.21378231105
3.21475045106
3.21530245702
3.21539255484
3.21880209991
3.22145114088
3.22571459638
3.22754054915
3.22878021662
3.22961506517
3.233138907
3.23357035262
3.23607146658
3.23954022651
3.24024793151
3.24370023181
3.24544985043
3.2458580368
3.25129890839
3.2523960043
3.25493761109
3.25612300889
3.25708708871
3.25730405857
3.25854180677
3.26281408407
3.26525035031
3.26847959141
3.27289227889
3.27330439713
3.27408331196
3.27844764684
3.27913441937
3.27931773911
3.27962495116
3.28018701861
3.2851042187
3.28798746389
3.29039379585
3.29052082843
3.29587449839
3.29950165367
3.2999024471
3.30116495075
3.30259047339
3.30271620204
3.30536223638
3.30592559105
3.30639191181
3.31155511194
3.31567237955
3.31665428563
3.31711289719
3.32046550377
3.32168917138
3.32631161669
3.32665951176
3.32688621742
3.33046222698
3.33155421203
3.33156505334
3.3327653729
3.33640554667
3.34108033766
3.34118074629
3.34133862431
3.34589041069
3.34591389974
3.35009731705
3.35053430229
3.35384131892
3.35511218744
3.35548596656
3.35962383639
3.35964971943
3.36019144721
3.36212044495
3.36406902327
3.36661202916
3.36844752606
3.37275912661
3.37406675219
3.37438634628
3.37700361061
3.38043244432
3.38076553176
3.38118076754
3.38281039784
3.38529039072
3.38657468301
3.38849809374
3.38933227722
3.39226193358
3.39330622791
3.39721204742
3.39821348608
3.40104954412
3.4025261912
3.40340791765
3.40481853009
3.40530066214
3.40765668526
3.40851882117
3.41215023689
3.41353641081
3.41571260046
3.41647014511
3.4180246488
3.41920573879
3.42253119733
3.42262948245
3.42391244154
3.42598366569
3.42926812638
3.43008963418
3.43032946665
3.43248270604
3.43451265615
3.43562724983
3.4387016065
3.44053114188
3.44170562843
3.44389488876
3.44410367171
3.44432340927
3.44463917159
3.44701367861
3.44750209554
3.45029426341
3.4530155419
3.45479838649
3.4556658013
3.45779228082
3.45824491541
3.46075276161
3.46133136678
3.4631892208
3.46464026309
3.46555417743
3.46755520431
3.46784751944
3.46986748119
3.47006913833
3.47139481913
3.47165483599
3.47221892906
3.47429679014
3.47630262356
3.47823633478
3.47942595666
3.48009783278
3.48188702999
3.48360384234
3.48486244789
3.48491081633
3.48524818922
3.48681999348
3.48811078355
3.48831918143
3.48974568284
3.49109943094
3.4923803624
3.49358841732
3.49460501245
3.49472353927
3.49578567523
3.49593736525
3.49644868809
3.49677477563
3.49769079433
3.49833980662
3.49853368862
3.49930341921
3.49999995022
3.50062324923
3.50117328721
3.50165003856
3.50205348108
3.50238359601
3.50264036799
3.50282378508
3.50293383874
3.50397139353
3.50498941108
3.5116813287
3.51484891527
3.52138936509
3.5216770642
3.52209958921
3.52493492568
3.52502060273
3.52843375676
3.53810014506
3.54154381166
3.54495547548
3.54647110762
3.54834930808
3.54876793842
3.55117653871
3.55281211666
3.5641636628
3.56479348464
3.56819356193
3.57168826552
3.57468178128
3.57587429238
3.57706107781
3.57710555377
3.58453408814
3.58986834843
3.59479629338
3.59703529656
3.60109237024
3.60131315869
3.60258504361
3.60299285935
3.60417674658
3.61521073646
3.62135017009
3.62250676501
3.62372092324
3.62543403174
3.62757653612
3.62774500427
3.63012044616
3.64018742844
3.64316608408
3.64785339163
3.64809734013
3.64946728274
3.65253759448
3.65412983743
3.65725393093
3.66251169779
3.66479509198
3.67341203079
3.67380179465
3.67430419189
3.67695951456
3.68074792774
3.68175723575
3.68439026087
3.6890304599
3.697267404
3.69961500314
3.70070083789
3.7009021721
3.70100752966
3.70742655342
3.71152645006
3.71289032947
3.7199459837
3.72103253931
3.72467846895
3.72553194035
3.72704162868
3.73416155133
3.73637156162
3.73865957744
3.73888815021
3.74470658224
3.74796922494
3.75154767952
3.75332489431
3.75772815403
3.75947108026
3.76094884663
3.76578678472
3.76828868677
3.77087675283
3.77646548039
3.77765739064
3.77954899473
3.78218587172
3.78778445055
3.79177801504
3.79290527448
3.79339806988
3.79509961728
3.8038563387
3.80451298407
3.80571231892
3.81363005555
3.81466445826
3.81517373728
3.81553025487
3.82001230829
3.82644952667
3.83013988188
3.8318132839
3.83205628886
3.8372704476
3.83847503158
3.84158504673
3.84710520484
3.84799266962
3.85037781373
3.85650346981
3.85785033383
3.85861584838
3.86168108374
3.86854247263
3.86859412954
3.86913964333
3.87418133823
3.87956371761
3.88294264171
3.88382193918
3.88479108709
3.88670473853
3.8898877381
3.89553307029
3.90011137538
3.90123813626
3.90470914585
3.90780424241
3.90945302462
3.90972659591
3.91023430373
3.9202562011
3.92255324969
3.92260685954
3.92827307876
3.93017674914
3.9307197577
3.93556282466
3.93603033159
3.93999563315
3.94039739055
3.9495994945
3.9497125421
3.95353684812
3.95528369605
3.95808025278
3.95932716858
3.96132917004
3.96267035986
3.96883920886
3.97565496303
3.97625473582
3.97666836014
3.97824836281
3.98226756738
3.98702419985
3.98755433393
3.98936898909
3.99312104111
3.99675682936
3.99887264982
4.0037564719
4.00585555982
4.00922231947
4.01047800976
4.01264650444
4.01485023965
4.01612217958
4.02138982591
4.02374058678
4.02772539471
4.03086052313
4.03252632274
4.03614562505
4.03819469602
4.04120717262
4.04292597048
4.04380550653
4.04486272468
4.04978286511
4.05797727339
4.05825313248
4.06188953142
4.06303520153
4.06366740802
4.06611894064
4.06661771055
4.06977647804
4.07487633871
4.07880534968
4.08302875991
4.08510354677
4.08832938367
4.08906329451
4.08988880965
4.09107472066
4.09560971723
4.09666989392
4.09901397101
4.10684626457
4.11043609736
4.11223623008
4.11230217492
4.11438102957
4.11457135848
4.1167042522
4.12218901341
4.12360248342
4.12888226664
4.1296989936
4.13243834971
4.13710106679
4.1393722713
4.13961930677
4.14347937277
4.14439500426
4.14534953934
4.15057058384
4.15158058081
4.1543354149
4.15865757478
4.16170354306
4.1647768386
4.16562576802
4.16650867786
4.17021205457
4.17248494589
4.17612657316
4.17757060279
4.17794383094
4.17923489728
4.18587541458
4.18985235596
4.19240629371
4.19364251511
4.19406995923
4.1969002193
4.19781111071
4.19882733409
4.20459901657
4.20513833863
4.2100814873
4.21133911378
4.21484460768
4.21742946947
4.2193883197
4.22077090476
4.22340921914
4.22354182599
4.22597797763
4.22927817973
4.23165236855
4.23503617167
4.23975236002
4.24068301891
4.24085749812
4.24175899587
4.24621854889
4.24789102339
4.25013486996
4.25164259253
4.25695498426
4.2574241108
4.25872726758
4.26215556201
4.26221794972
4.26457439624
4.26724416718
4.27222064468
4.2729728944
4.27500010099
4.27667738178
4.27708484291
4.28183661376
4.28346898397
4.28582038647
4.28647581261
4.2884049218
4.28930951612
4.29100229832
4.29541593326
4.29971658326
4.30209541955
4.30316742627
4.30371977133
4.30390411765
4.30460991597
4.30797840927
4.31193933442
4.31292846042
4.31395653557
4.31578677288
4.31891702452
4.31952060794
4.32314072636
4.32564006639
4.32664701841
4.32917431165
4.32960310154
4.3300393778
4.33331770177
4.33399626612
4.33648189102
4.33851428621
4.33953184974
4.34004828556
4.34246748561
4.34528870979
4.34655876145
4.34799543692
4.34895708409
4.35058758514
4.35306507605
4.35542783475
4.35598253804
4.35623415918
4.35767578983
4.35980887335
4.36182702086
4.36298161499
4.36373017139
4.36379906965
4.36551826746
4.36717671748
4.36719125507
4.36736533279
4.36874908371
4.37019170634
4.37151907942
4.37273116287
4.37382792013
4.3748093181
4.37567532715
4.37642592117
4.37706107751
4.37758077701
4.37798500399
4.37827374626
4.3784469951
4.37852181724
4.38230389771
4.38327239196
4.38735738381
4.3880591175
4.39312492457
4.39431066979
4.40760799263
4.40856537307
4.408639458
4.41028648655
4.41164046916
4.42144711272
4.42197062567
4.42910570203
4.43476518638
4.43582976177
4.43621243125
4.43727396499
4.44858307175
4.44945720261
4.45033302022
4.45992416628
4.4609015889
4.46423239358
4.46433200673
4.46969331795
4.47571562627
4.47820900829
4.48392260093
4.48697286004
4.48981341145
4.49115938177
4.49196364569
4.50284190828
4.50559554313
4.50782399723
4.50981685167
4.51297730663
4.51805258103
4.51910432809
4.52970301223
4.52995910109
4.5316272997
4.53248963148
4.53891326223
4.54490968372
4.54575108754
4.54947127182
4.55533146554
4.55706443811
4.55888833392
4.56477908639
4.56912101419
4.57172842208
4.57190101165
4.57893546441
4.58415520157
4.58478876515
4.58865162803
4.59057316399
4.5975512423
4.59850656719
4.6024382781
4.60806250704
4.61018809435
4.61122872141
4.61629390461
4.62269897602
4.62524192794
4.62583890036
4.62735304983
4.63508354545
4.63828237406
4.64193974185
4.6465226599
4.64734146424
4.64913633658
4.65193235011
4.65947239746
4.66531358133
4.66557074565
4.6675091328
4.67147601362
4.67232960359
4.67857571544
4.68335198476
4.68449672031
4.69231980935
4.69300055737
4.69509998635
4.69541772946
4.70330000194
4.70516994067
4.70671969739
4.71821080039
4.71839975322
4.7184125178
4.71929856741
4.7219800134
4.72957298135
4.73171297669
4.74053618234
4.74080592981
4.7412747247
4.74374353807
4.74624740703
4.75190933883
4.75820280772
4.75896794114
4.76288290504
4.76404170433
4.76899216339
4.77316392085
4.77372632857
4.77727472694
4.78443931314
4.78463745043
4.78669976292
4.79415695968
4.79502156602
4.79545598158
4.80004574168
4.80547279807
4.80924798148
4.81101495315
4.81351115162
4.8157927237
4.81923651311
4.82598106093
4.82689054154
4.83143968827
4.83168545107
4.83603753138
4.83733339512
4.84422942957
4.84596186025
4.84924104744
4.85369603074
4.85401127256
4.85575377638
4.86359088572
4.86541301219
4.86691468966
4.86913433428
4.87493930377
4.87622455656
4.88045995691
4.88433239081
4.88446008011
4.88978556373
4.89359201664
4.89394987129
4.89832442317
4.90187668859
4.90271792827
4.90718010418
4.91170987632
4.91591559665
4.91867470311
4.9191639895
4.92031000188
4.9205676151
4.92929090258
4.9338542923
4.93632146185
4.9378795004
4.94197917999
4.94218043141
4.94330751023
4.94633317388
4.95334858921
4.95465169202
4.96048037578
4.96283482754
4.96393485953
4.96784699079
4.96797453661
4.97024485974
4.97088235683
4.97879406
4.985572443
4.98656972087
4.98700976616
4.9870562431
4.99229186015
4.99389991609
4.99420912697
5.00171206956
5.00364280574
5.00709234734
5.00907834362
5.0135798159
5.01630774789
5.01664085053
5.0197535941
5.0201434803
5.02340008482
