-46.8156633344
-46.8156633344
-46.8156633344
-46.8156633344
-46.8156633344
-46.8156633344
-46.8156633344
-46.8156633344
-46.8156633344
-46.8156633344
-46.8156633344
-46.8156633344
-46.8156633344
-46.8156633344
-46.8156633344
-46.8156633344
-46.8127567115
-46.8118125402
-46.8087404463
-46.8055474143
-46.8051092241
-46.8025703987
-46.8023478591
-46.8017691415
-46.7995174931
-46.7981931941
-46.793782429
-46.7902526265
-46.7893752769
-46.7892867185
-46.7879242946
-46.7877911821
-46.7836909287
-46.7824459324
-46.774502282
-46.7723860857
-46.772316706
-46.7698854473
-46.769161452
-46.7674721202
-46.7669583352
-46.7656478122
-46.7635352233
-46.7630462655
-46.7627615619
-46.7601441719
-46.7570533895
-46.7466630154
-46.7456063293
-46.7425351925
-46.7419290384
-46.739356246
-46.7385224774
-46.7357319804
-46.7300554566
-46.7284980988
-46.7281942322
-46.7280590255
-46.7264843613
-46.7255856648
-46.7252004434
-46.7247638349
-46.7242179278
-46.723108748
-46.723108748
-46.7226728354
-46.7212014052
-46.7199887994
-46.718283601
-46.7178748141
-46.717804623
-46.7147872471
-46.7143836389
-46.7092965362
-46.7042126922
-46.7031503982
-46.702993834
-46.6995177176
-46.6936448803
-46.6909544786
-46.6907974185
-46.6905571048
-46.6903263914
-46.6891165704
-46.6857225338
-46.6830940757
-46.6828225318
-46.6702720443
-46.6698074795
-46.6642677671
-46.6589993012
-46.6584703148
-46.6577043469
-46.6573028561
-46.6554585269
-46.6548883241
-46.6527436105
-46.6514640618
-46.6513414607
-46.6507408564
-46.6484737624
-46.6480727636
-46.6469996574
-46.646670614
-46.6462812183
-46.6446908254
-46.6413529099
-46.6405909421
-46.6390640336
-46.6368796759
-46.6353677734
-46.63535895
-46.6309443176
-46.6298077014
-46.628906843
-46.6282830775
-46.6269945353
-46.6269945353
-46.6269945353
-46.6265719514
-46.6263089067
-46.6261273425
-46.6258928642
-46.6242552235
-46.6240040073
-46.6204714241
-46.6175934443
-46.6137071199
-46.6136144392
-46.6106866751
-46.6095526304
-46.6088526168
-46.608830692
-46.6079702797
-46.6069036144
-46.6060608099
-46.6027004392
-46.5992844582
-46.5985996822
-46.5978357345
-46.596619561
-46.5962342412
-46.5956215801
-46.5953189868
-46.5952641203
-46.5950228187
-46.5950228187
-46.5947106181
-46.5941928925
-46.59401002
-46.5924893605
-46.5924815588
-46.5923273482
-46.5922252615
-46.5905642293
-46.5890943356
-46.5882695363
-46.5876038309
-46.5860084133
-46.5838276734
-46.5810854422
-46.5801624277
-46.5796245645
-46.5784397558
-46.5783753121
-46.5778054121
-46.5746443052
-46.5724078696
-46.5719695146
-46.5710000645
-46.57068849
-46.5697430332
-46.5684902725
-46.5682604497
-46.5659763136
-46.5651968003
-46.5630412979
-46.5625850539
-46.5543837736
-46.551862178
-46.550103908
-46.5483987104
-46.5482735367
-46.547924904
-46.547924904
-46.547924904
-46.547924904
-46.547924904
-46.547924904
-46.547924904
-46.547924904
-46.547924904
-46.547924904
-46.5475643254
-46.5463140586
-46.5450054406
-46.5432552057
-46.5414690595
-46.5406904914
-46.5382340651
-46.5379695394
-46.5374620478
-46.5371743194
-46.5368726469
-46.5313530578
-46.5313287152
-46.530309863
-46.5236461963
-46.5230598275
-46.5196192695
-46.5186057873
-46.5151534377
-46.513024162
-46.5104624866
-46.5085861222
-46.5082543357
-46.5079320121
-46.5070695086
-46.5054019357
-46.5053140754
-46.50529406
-46.5047576364
-46.5038377794
-46.5031337268
-46.5030077378
-46.5030077378
-46.5007653741
-46.4998813614
-46.4994519451
-46.4984326629
-46.4978233682
-46.4978158708
-46.4973037371
-46.4972119804
-46.4971733717
-46.4967673576
-46.4958511685
-46.4940774198
-46.4934360077
-46.4932647988
-46.4930148137
-46.4920635121
-46.492013178
-46.4920052984
-46.4916298885
-46.490006799
-46.4896701629
-46.4895015388
-46.4893014652
-46.4874330483
-46.4871716243
-46.4870630397
-46.485635604
-46.4850301927
-46.4821997618
-46.4816726955
-46.480146715
-46.4795109971
-46.4794599726
-46.4767921122
-46.4747065118
-46.4736250216
-46.4733613186
-46.4723597316
-46.4713499556
-46.4706198615
-46.4704382661
-46.4689129653
-46.468598281
-46.4677156816
-46.4675433421
-46.4644028557
-46.461568477
-46.4608601002
-46.4518286337
-46.450763524
-46.4491228525
-46.4461001676
-46.4403111501
-46.4391658727
-46.4385621632
-46.4384385799
-46.4379982206
-46.4377923241
-46.4361872653
-46.4358065139
-46.4354401401
-46.4337126022
-46.4325272246
-46.4323594155
-46.4317705365
-46.4314539962
-46.430426291
-46.427230351
-46.4260358844
-46.4233605213
-46.4232618863
-46.422585807
-46.4215907936
-46.4210282068
-46.4188918633
-46.4183867777
-46.4156801072
-46.4150317512
-46.4148498517
-46.414214238
-46.4112159483
-46.4064222388
-46.4063913274
-46.4053762763
-46.4053762762
-46.4053762762
-46.4053762762
-46.4053762762
-46.4053762762
-46.4053762762
-46.4053762762
-46.4053762762
-46.4053762762
-46.4053762762
-46.4053762762
-46.4053762762
-46.4053762762
-46.4053762762
-46.4053762762
-46.4053762762
-46.4053762762
-46.4053762762
-46.4053762762
-46.4053762762
-46.4041511542
-46.4024826427
-46.4015327166
-46.3989571019
-46.3959893803
-46.3944232523
-46.3938297722
-46.3928588725
-46.3924175628
-46.3918990358
-46.3897307102
-46.3895840509
-46.3878787649
-46.3852071553
-46.384802704
-46.384140613
-46.3840920983
-46.3819316364
-46.3814172735
-46.3813617314
-46.381009058
-46.3805537762
-46.3805096948
-46.3803037626
-46.3716047876
-46.3703993512
-46.3703845311
-46.3703068004
-46.3700118486
-46.3679436762
-46.3667745614
-46.3658627166
-46.3646250479
-46.3646250479
-46.3646250479
-46.3645474676
-46.3640947542
-46.3638416861
-46.3635629686
-46.3634170838
-46.3621704365
-46.3604306398
-46.3602557551
-46.3576300041
-46.354472797
-46.3527164118
-46.3495301586
-46.3491491685
-46.3489152564
-46.3482756085
-46.3467121876
-46.3460047827
-46.3444783527
-46.3433608064
-46.3425999376
-46.3408736675
-46.3390692864
-46.3374318941
-46.3356680666
-46.3352831914
-46.3338432951
-46.3327120146
-46.3323034009
-46.3284757704
-46.3282804581
-46.3252365582
-46.3251509626
-46.3249047277
-46.3232104244
-46.3222931906
-46.3221713469
-46.3217524568
-46.3210460832
-46.3210460832
-46.3210460832
-46.3210460832
-46.3204969595
-46.3193156465
-46.3193009709
-46.3169534474
-46.316893547
-46.3167118495
-46.3158216683
-46.3151967286
-46.3148539698
-46.3145526281
-46.3143104398
-46.3122026222
-46.3110426503
-46.309744951
-46.3094628301
-46.3085687368
-46.3076597724
-46.3069489092
-46.3059874452
-46.305771222
-46.3027374391
-46.2983077297
-46.2964028964
-46.2963341685
-46.2954757686
-46.2949104825
-46.2947546057
-46.2930385081
-46.2925520257
-46.2916210882
-46.2892292097
-46.2892292097
-46.2892292097
-46.2862013067
-46.2849034095
-46.2833399798
-46.2832915625
-46.2811756377
-46.2809725904
-46.2806303822
-46.2805049004
-46.2796043693
-46.2780357356
-46.2778047574
-46.2768789716
-46.2753747338
-46.2752395321
-46.272897897
-46.2722670526
-46.272096159
-46.2717095647
-46.2716528915
-46.2696347371
-46.2695902807
-46.2692068394
-46.2684348215
-46.2682804322
-46.2682075809
-46.2676993348
-46.2672073888
-46.2672073888
-46.2672073888
-46.2672073888
-46.2672073888
-46.2654727919
-46.2642370906
-46.2636213298
-46.26151005
-46.261139031
-46.2609872975
-46.2564170784
-46.2560298963
-46.2557715792
-46.2552453302
-46.2539954243
-46.2535935322
-46.2507808022
-46.2469370572
-46.2460114013
-46.2456707992
-46.242567933
-46.2425181382
-46.2418824046
-46.2416139342
-46.2402368946
-46.2398679107
-46.239529089
-46.239082998
-46.2377407529
-46.2375955107
-46.2370024348
-46.2346997944
-46.2327081006
-46.2325048123
-46.2322672188
-46.2308088643
-46.2308088643
-46.2304609011
-46.2288482877
-46.2274254615
-46.2274102007
-46.2266103785
-46.2264416748
-46.225474243
-46.2237272447
-46.2225907237
-46.2194853675
-46.2178968166
-46.2176094052
-46.2157240275
-46.2148403608
-46.2143950064
-46.2142667974
-46.2142624694
-46.2138960599
-46.2133310486
-46.2124015478
-46.2115288585
-46.2112991546
-46.2104840216
-46.2079180721
-46.2072185188
-46.2052800577
-46.2051174243
-46.2050809998
-46.2049445457
-46.2042349489
-46.2026493602
-46.2011826032
-46.201106098
-46.1989240999
-46.1972116151
-46.1972054983
-46.1968916834
-46.1966384157
-46.1961081763
-46.1936129534
-46.1931444678
-46.192432453
-46.1913105472
-46.1909562038
-46.1902781997
-46.1900450468
-46.1892370888
-46.1891947398
-46.1888664607
-46.1880225927
-46.1880089783
-46.1876370314
-46.1871231506
-46.1862378359
-46.182544916
-46.1819182078
-46.1795272565
-46.1786840757
-46.1783074205
-46.1773804568
-46.17556474
-46.1749789622
-46.1741340369
-46.1740007827
-46.1734837606
-46.1720269556
-46.171827187
-46.1714993441
-46.1705581516
-46.1692232453
-46.1681492967
-46.168026455
-46.1661584475
-46.1638929684
-46.1637503597
-46.1629736747
-46.1628732854
-46.1623330356
-46.162034165
-46.1619009881
-46.1614457502
-46.1600417252
-46.1595056127
-46.1566545413
-46.1554362401
-46.1549713686
-46.1543711216
-46.1536418264
-46.1534712929
-46.1534564812
-46.1520062284
-46.1513708279
-46.1496747961
-46.1490145921
-46.1483409882
-46.1483288145
-46.1482235569
-46.147760739
-46.147234949
-46.1470309131
-46.1468672916
-46.1459973854
-46.1451347925
-46.1449529479
-46.1449394374
-46.1449002955
-46.1430161631
-46.141629795
-46.1410293356
-46.141000427
-46.1400179616
-46.139042458
-46.1386667998
-46.1380979044
-46.1377531855
-46.1375055898
-46.1367108243
-46.1363738913
-46.1349417332
-46.1347667945
-46.134525429
-46.1331900507
-46.1330440622
-46.1327387903
-46.1319462314
-46.1317094927
-46.1303756793
-46.130144583
-46.1293714245
-46.1282854049
-46.1280896796
-46.1259483494
-46.1258344743
-46.1255370423
-46.1242416053
-46.1242032336
-46.1235993759
-46.1231948598
-46.1216525776
-46.1215052696
-46.1200396994
-46.1195963508
-46.1180708796
-46.1174123459
-46.1167694274
-46.1165943607
-46.1161613665
-46.1160829002
-46.1157615206
-46.1157438451
-46.1157412074
-46.1156308719
-46.1151434972
-46.1150872239
-46.1149285595
-46.1143981668
-46.1136281514
-46.1129792243
-46.1125676686
-46.1111184028
-46.1108756893
-46.1107871691
-46.1105227108
-46.1104343938
-46.1086356449
-46.1086239643
-46.107713863
-46.1072093726
-46.1065648015
-46.1063841939
-46.1060424842
-46.1052643094
-46.1049540141
-46.1045229764
-46.1044738937
-46.1038983768
-46.1035708384
-46.1030537179
-46.1024975583
-46.1022959608
-46.102288232
-46.1022225743
-46.1014893997
-46.1010057451
-46.1009015534
-46.100545559
-46.1
-46.1
-46.1
-46.1
-46.1
-46.1
-46.1
-46.1
-46.1
-46.1
-46.1
-46.1
-46.1
-46.1
-46.1
-46.1
-46.1
-46.1
-46.1
-46.1
-46.1
-46.1
-46.1
-46.1
-46.1
-46.1
-46.1
-46.1
-46.1
-46.1
-46.1
-46.1
-46.1
-46.1
-46.1
-46.1
-46.1
-46.1
-46.1
-46.1
-46.1
-46.1
-46.1
-46.1
-46.1
-46.1
-46.1
-46.1
-46.1
-46.1
-46.1
-46.1
-46.1
-46.1
-46.1
-46.1
-46.1
-46.1
-46.1
-46.1
-46.1
-46.1
-46.1
-46.1
-46.1
-46.1
-46.1
-46.1
-46.1
-46.1
-46.1
-46.1
-46.1
-46.1
-46.1
-46.1
-46.1
-46.1
-46.1
-46.1
-46.1
-46.1
-46.1
-46.1
-46.1
-46.1
-46.1
-46.1
-46.1
-46.1
-46.1
-46.1
-46.1
-46.1
-46.1
-46.1
-46.1
-46.1
-46.1
-46.1
-46.1
-46.1
-46.1
-46.1
-46.1
-46.1
-46.1
-46.1
-46.1
-46.1
-46.1
-46.1
-46.1
-46.1
-46.1
-46.1
-46.1
-46.1
-46.1
-46.1
-46.1
-46.1
-46.1
-46.1
-46.1
-46.1
-46.1
-46.1
-46.1
-46.1
-46.1
-46.1
-46.1
-46.1
-46.1
-46.1
-46.1
-46.1
-46.1
-46.1
-46.1
-46.1
-46.1
-46.1
-46.1
-46.1
-46.1
-46.1
-46.1
-46.1
-46.1
-46.1
-46.1
-46.1
-46.1
-46.1
-46.1
-46.1
-46.1
-46.1
-46.1
-46.1
-46.1
-46.1
-46.1
-46.1
-46.1
-46.1
-46.1
-46.1
-46.1
-46.1
-46.1
-46.1
-46.1
-46.1
-46.0999999998
-7.0099024424
-6.92269169247
-6.88883322027
-6.79751809719
-6.77536336434
-6.74344567488
-6.71226090579
-6.69293685436
-6.66215094072
-6.657199202
-6.63008925324
-6.62845515914
-6.62790951278
-6.61387834098
-6.6095577352
-6.5890791449
-6.55952002983
-6.55411129192
-6.54591526779
-6.54224797657
-6.52539425617
-6.4998220072
-6.49234394088
-6.48388022019
-6.48129379688
-6.4637267461
-6.44976540348
-6.44509574078
-6.4447110658
-6.43937851219
-6.41307705508
-6.40520886156
-6.39460543643
-6.39357377035
-6.3893608523
-6.38322956439
-6.38256514196
-6.36259469849
-6.34471798318
-6.32959488268
-6.31893161769
-6.31169330761
-6.29985530612
-6.28550319369
-6.27702215843
-6.26287670895
-6.25794320416
-6.25361688153
-6.23909829429
-6.23466966155
-6.23407565825
-6.23159228342
-6.22867093295
-6.22789701177
-6.22558355872
-6.22423615231
-6.22302326642
-6.22209156711
-6.21457388675
-6.20143236115
-6.19784852742
-6.18887508516
-6.18248409345
-6.17991524317
-6.17594978536
-6.16802129838
-6.16679161426
-6.16182497408
-6.15716213858
-6.15210444254
-6.14783880885
-6.14152501865
-6.13958776726
-6.13897139484
-6.13465794631
-6.12340023914
-6.1233832466
-6.09460463372
-6.08201429796
-6.07560802894
-6.07293869665
-6.06972352981
-6.0523175103
-6.02863836556
-6.02774207404
-6.00345308042
-6.00190005793
-6.00044938856
-5.99510393386
-5.96827678111
-5.95699875593
-5.93947796039
-5.91871329808
-5.89913140737
-5.89690315055
-5.89304112503
-5.87258851306
-5.87164465771
-5.86700759694
-5.85573473107
-5.84729969359
-5.84644860565
-5.8430640269
-5.84271119445
-5.82858530418
-5.82010829881
-5.81749248961
-5.81075109837
-5.80712874417
-5.80512395678
-5.80402853382
-5.7976115
-5.79558593043
-5.77807459149
-5.77773352553
-5.77657046056
-5.7765259225
-5.77131971053
-5.76784752992
-5.76428961451
-5.76112888953
-5.76020831644
-5.75538322717
-5.74674257719
-5.74211762118
-5.74149319557
-5.73603262295
-5.73271704707
-5.73204615251
-5.7064720793
-5.70465956797
-5.69251705557
-5.68676535012
-5.6679848805
-5.65436699524
-5.64943231952
-5.6429092893
-5.64290176243
-5.64086663785
-5.63415712423
-5.62984467416
-5.62967709177
-5.62171893075
-5.62106241252
-5.61885522347
-5.61626659543
-5.61072115874
-5.60912607784
-5.60792929624
-5.60492743085
-5.59806733398
-5.59768827076
-5.59046843344
-5.55302593318
-5.54414287138
-5.53815254124
-5.53797953685
-5.52762975198
-5.50983103551
-5.50534959143
-5.49989785218
-5.49476455891
-5.49121462896
-5.48571096881
-5.46536706708
-5.46473981844
-5.46014059106
-5.43718774857
-5.43658306987
-5.43575785408
-5.43510269541
-5.4316176689
-5.43057405317
-5.42723994263
-5.4194635708
-5.4182900138
-5.40851050013
-5.40325287845
-5.39758293913
-5.39635639961
-5.39549749046
-5.39504237162
-5.38338569182
-5.38069816721
-5.37649671676
-5.36681623526
-5.36287468397
-5.35700244977
-5.35639741535
-5.35069188694
-5.34919270874
-5.33971901188
-5.33061327295
-5.32919106668
-5.32680458238
-5.32018742431
-5.31108460477
-5.30940530093
-5.29440952392
-5.28929888594
-5.28147782119
-5.27591609363
-5.27416106887
-5.26089624428
-5.25668240333
-5.25246301411
-5.24874328339
-5.2484602503
-5.24812860865
-5.23582731439
-5.23235429206
-5.22215135871
-5.21630806046
-5.2143932879
-5.20908546116
-5.20454951124
-5.2
-5.18544698987
-5.1601964838
-5.14989615214
-5.14971487011
-5.14887246841
-5.14424135195
-5.14393222796
-5.1430297871
-5.13875925376
-5.13849653225
-5.13421917115
-5.12951470626
-5.11802108876
-5.1147217512
-5.10710568261
-5.0926857244
-5.08917760483
-5.07976491333
-5.07888985543
-5.06842318747
-5.06566813725
-5.05796971999
-5.05080804145
-5.05050920899
-5.03810242716
-5.03759118208
-5.0228142967
-5.0228142967
-5.0228142967
-5.0228142967
-5.0228142967
-5.0228142967
-5.0228142967
-5.02030078852
-5.01576204884
-5.0093000462
-5.0069654963
-5.00113307484
-4.98936346279
-4.98754403113
-4.98657553876
-4.98651917805
-4.9806387877
-4.97804963138
-4.97457224403
-4.97374019378
-4.97084999128
-4.9576171852
-4.94549388473
-4.94549388473
-4.94549388473
-4.94338005972
-4.93223479024
-4.92912465623
-4.92009186365
-4.90807671187
-4.90306984102
-4.88640162809
-4.88640162809
-4.88548136743
-4.88478210886
-4.88115340009
-4.86808429322
-4.86768112503
-4.86576093197
-4.86551820434
-4.86307006695
-4.85536971575
-4.85528291111
-4.85273998543
-4.84671515922
-4.84159031394
-4.83739419806
-4.83305296339
-4.83158836894
-4.81768220717
-4.80417356906
-4.80417356906
-4.80417356906
-4.80417356906
-4.7964701842
-4.7886089597
-4.78197780704
-4.77367280141
-4.7629995074
-4.75398930816
-4.75085553197
-4.74821201846
-4.73721132452
-4.73130142028
-4.72908786623
-4.72514501227
-4.72208242949
-4.70886327766
-4.69115988222
-4.68515097812
-4.68503811309
-4.68503811309
-4.68503811309
-4.68503811309
-4.68503811309
-4.68458357385
-4.68421974167
-4.68330666342
-4.67936676923
-4.67775324134
-4.65845106367
-4.6564393512
-4.64611988124
-4.64043970813
-4.63888279719
-4.63746888248
-4.61112307594
-4.59559188137
-4.59488572388
-4.58685101255
-4.58648662099
-4.58394771933
-4.57468793084
-4.57101823192
-4.56650453539
-4.56276751684
-4.5626035709
-4.5621450733
-4.55360653996
-4.55189144034
-4.55053825898
-4.54535533429
-4.52809999507
-4.51398727591
-4.51073919235
-4.50968887747
-4.50333209968
-4.50333209968
-4.50333209968
-4.50333209968
-4.50333209968
-4.50333209968
-4.50333209968
-4.50333209968
-4.50333209968
-4.50165265508
-4.489815502
-4.48114316045
-4.47335332719
-4.46632796543
-4.46002331986
-4.45880973672
-4.45769127833
-4.45167581027
-4.45003972498
-4.44778812753
-4.44299161801
-4.4411951125
-4.42055535269
-4.41683318182
-4.40951576563
-4.40868297301
-4.40833656672
-4.39994949246
-4.3829860292
-4.37819231954
-4.37451837072
-4.37413483924
-4.37033757349
-4.36630769194
-4.35387131205
-4.35111933134
-4.34964690752
-4.34566374957
-4.34428516927
-4.34363578065
-4.33517711097
-4.32687168778
-4.32579944673
-4.32382235825
-4.3207617095
-4.3054921432
-4.30401231013
-4.30320007281
-4.30287212615
-4.28713180129
-4.28226483657
-4.27967525579
-4.27175181428
-4.27072690348
-4.26312136136
-4.25916101205
-4.254178064
-4.25303577786
-4.25030030453
-4.25001156129
-4.24942746381
-4.24360131845
-4.23695694905
-4.23305756343
-4.22355094013
-4.22324553144
-4.21473268869
-4.21409966306
-4.20688837075
-4.20688837075
-4.20688837075
-4.20688837075
-4.20688837075
-4.20688837075
-4.20688837075
-4.20688837075
-4.20688837075
-4.20688837075
-4.20688837075
-4.20688837075
-4.20688837075
-4.20009808518
-4.19975046812
-4.19774411594
-4.196633213
-4.18055423286
-4.18021953722
-4.17307537577
-4.15969691353
-4.15299505608
-4.14683616613
-4.12994219836
-4.11357649313
-4.11324365825
-4.09845030394
-4.07084628132
-4.07006590208
-4.06897471861
-4.06206407001
-4.04934174275
-4.04764775974
-4.04324205156
-4.0316691428
-4.02957676048
-4.02339437901
-4.01971752126
-4.01484280245
-4.00799393321
-3.99316393652
-3.98963728848
-3.98935343426
-3.98849503936
-3.98343110422
-3.98343110422
-3.98139289125
-3.97718671553
-3.97228388667
-3.96807744644
-3.96744143498
-3.96040914076
-3.95408002619
-3.95260532384
-3.95051525504
-3.94889841833
-3.94316543346
-3.93826952092
-3.9362933994
-3.93608830131
-3.93323007078
-3.92222474428
-3.91513704214
-3.91453514018
-3.91197979883
-3.90495124017
-3.90365170588
-3.90134993002
-3.8912599714
-3.89100137265
-3.89061905283
-3.88633138328
-3.88316877508
-3.87808769517
-3.87620868827
-3.87192435905
-3.8697658795
-3.86905473284
-3.86569911907
-3.85822613623
-3.85154032646
-3.84455066919
-3.8445422127
-3.84181027065
-3.83573791365
-3.81140010435
-3.80117972754
-3.79855721884
-3.79768080402
-3.79458787045
-3.78044034163
-3.77626797529
-3.75606439745
-3.75595457003
-3.75465702849
-3.75325801273
-3.74515431624
-3.73561522318
-3.70410002669
-3.70353482953
-3.69967195258
-3.67695526217
-3.67695526217
-3.67695526217
-3.67695526217
-3.67695526217
-3.67695526217
-3.67695526217
-3.67695526217
-3.67695526217
-3.67695526217
-3.67695526217
-3.67695526217
-3.67695526217
-3.67695526217
-3.67695526217
-3.67695526217
-3.67695526217
-3.67695526217
-3.67695526217
-3.67695526217
-3.67695526217
-3.67695526217
-3.67695526217
-3.67695526217
-3.67695526217
-3.67695526217
-3.67695526217
-3.67695526217
-3.67695526217
-3.67695526217
-3.67695526217
-3.67695526217
-3.67695526217
-3.67695526217
-3.67695526217
-3.67695526217
-3.67695526217
-3.67695526217
-3.67695526217
-3.67695526217
-3.67695526217
-3.67695526217
-3.66777848837
-3.66675624539
-3.65193455374
-3.6405482119
-3.63425134825
-3.62407077979
-3.61416250945
-3.60874648787
-3.60437593484
-3.58802989271
-3.58650325993
-3.58241453829
-3.58009706339
-3.56268832079
-3.55464155871
-3.54807792153
-3.54646595478
-3.54568661698
-3.53867362445
-3.51994085533
-3.51275976153
-3.51245953567
-3.51073486874
-3.50970502455
-3.50914417012
-3.5027268204
-3.4980831501
-3.49630407866
-3.48316889699
-3.48181204617
-3.47610582566
-3.46599370985
-3.46403245094
-3.45597250613
-3.44994066506
-3.44967282174
-3.44605702911
-3.4434691009
-3.43544357931
-3.43426972997
-3.43192286713
-3.42721683764
-3.42215744968
-3.41961867257
-3.41540981559
-3.41522121078
-3.41493198146
-3.41469240156
-3.40845260772
-3.40527581652
-3.40468084708
-3.40128457833
-3.39874803003
-3.39836822969
-3.39451548356
-3.38696619047
-3.38509211859
-3.38128614184
-3.37100144997
-3.37055048706
-3.36839244613
-3.36498489766
-3.35990223274
-3.35635288306
-3.34586416195
-3.34263743477
-3.33881556206
-3.33766047063
-3.3351367946
-3.33157852005
-3.33043839139
-3.32909697206
-3.32306430454
-3.31745379545
-3.30538125471
-3.30076157783
-3.29652162451
-3.29649413281
-3.29286095947
-3.28893679461
-3.27373002973
-3.26749322391
-3.26234973129
-3.25792414177
-3.24900076185
-3.24363550839
-3.24214696967
-3.24214696967
-3.24214696967
-3.24214696967
-3.24214696967
-3.23981507004
-3.23779074599
-3.22849888474
-3.2247472984
-3.21858166753
-3.21663811484
-3.21088182812
-3.2023953508
-3.20146177272
-3.18335442472
-3.17156781197
-3.16921907762
-3.16460558769
-3.16188879266
-3.16186114917
-3.15775361301
-3.15520104287
-3.15168822661
-3.15142132784
-3.14952460842
-3.14362286244
-3.13662446479
-3.1326192845
-3.11745960533
-3.10820218218
-3.10367439441
-3.0962023277
-3.09164591203
-3.09014132786
-3.08876312808
-3.08296037125
-3.0739951146
-3.07022063693
-3.06900964881
-3.06857216
-3.06581508572
-3.06095695575
-3.05648331192
-3.05648331192
-3.05648331192
-3.0469385123
-3.04475357079
-3.037151963
-3.03685155697
-3.02678190776
-3.02583734701
-3.02553559321
-3.01730743956
-3.01351055849
-3.01127053335
-2.99937672564
-2.994843852
-2.99335016523
-2.99235812171
-2.98825618911
-2.98564573166
-2.98172526472
-2.97928856059
-2.97876772899
-2.96913045985
-2.96488005114
-2.9596428474
-2.95635147206
-2.95565500738
-2.95558087092
-2.94267858133
-2.93995283465
-2.93557439971
-2.93457897464
-2.93007677215
-2.92958759321
-2.92618877831
-2.91819060717
-2.91783256209
-2.91481561478
-2.90863656559
-2.90757787979
-2.89866645037
-2.88362604436
-2.8815274241
-2.87531072431
-2.86649020671
-2.86088958504
-2.84987976314
-2.83837323024
-2.83752151428
-2.8357136882
-2.826819893
-2.82585528513
-2.82464059213
-2.82233115134
-2.81976847832
-2.8177951069
-2.81037663762
-2.80574144952
-2.79665918037
-2.79640348771
-2.79313350753
-2.78892094227
-2.77035822516
-2.76186664087
-2.75938489632
-2.75720350714
-2.74638333307
-2.73368358579
-2.72883993661
-2.72546758935
-2.72220718701
-2.71885190085
-2.71648561473
-2.69385256635
-2.69135701328
-2.6905278758
-2.67879242687
-2.65825498918
-2.65290688993
-2.63336967984
-2.63173293136
-2.60000000002
-2.6
-2.6
-2.6
-2.6
-2.6
-2.6
-2.6
-2.6
-2.6
-2.6
-2.6
-2.6
-2.6
-2.6
-2.6
-2.6
-2.6
-2.6
-2.6
-2.6
-2.6
-2.6
-2.6
-2.6
-2.6
-2.6
-2.6
-2.6
-2.6
-2.6
-2.6
-2.6
-2.6
-2.6
-2.6
-2.6
-2.6
-2.6
-2.6
-2.6
-2.6
-2.6
-2.6
-2.6
-2.6
-2.6
-2.6
-2.6
-2.6
-2.6
-2.6
-2.6
-2.6
-2.6
-2.6
-2.6
-2.6
-2.6
-2.6
-2.6
-2.6
-2.6
-2.6
-2.6
-2.6
-2.6
-2.6
-2.6
-2.6
-2.6
-2.6
-2.6
-2.6
-2.6
-2.6
-2.6
-2.6
-2.6
-2.6
-2.6
-2.6
-2.6
-2.6
-2.6
-2.6
-2.6
-2.6
-2.6
-2.6
-2.6
-2.6
-2.6
-2.6
-2.6
-2.6
-2.6
-2.6
-2.6
-2.6
-2.6
-2.6
-2.6
-2.6
-2.6
-2.6
-2.6
-2.6
-2.6
-2.6
-2.6
-2.6
-2.6
-2.6
-2.6
-2.6
-2.6
-2.6
-2.6
-2.6
-2.6
-2.6
-2.6
-2.6
-2.6
-2.6
-2.6
-2.6
-2.6
-2.5751532449
-2.55517349715
-2.53858265399
-2.52746408456
-2.52223499892
-2.5214483937
-2.47942088451
-2.4751788125
-2.45672928823
-2.45293711724
-2.42292175625
-2.42225898073
-2.41900842352
-2.40611039603
-2.4039476862
-2.38595026564
-2.37807453863
-2.37291172296
-2.36851128934
-2.36758379098
-2.35097309571
-2.34724037171
-2.32141297682
-2.31856711808
-2.31774360752
-2.31500112518
-2.31457143066
-2.2947481575
-2.2642195959
-2.26200805734
-2.25482390295
-2.24886508159
-2.24852797078
-2.24822899688
-2.24342237765
-2.23969138643
-2.23468581769
-2.21007149916
-2.20985441232
-2.20642213277
-2.20142873915
-2.19638353439
-2.19024686675
-2.17631274923
-2.16790122358
-2.16474462811
-2.16015806761
-2.1594250141
-2.15765525506
-2.15240172746
-2.14237059725
-2.13939499165
-2.12871333449
-2.11766978422
-2.11095197844
-2.1075916802
-2.10390986162
-2.09602676374
-2.08100077525
-2.076242614
-2.07401090929
-2.07343621931
-2.07195786689
-2.07009433523
-2.06335143559
-2.04827043651
-2.0469537321
-2.02888848496
-2.0255436175
-2.02438433447
-2.01730599386
-2.01551983157
-2.01133879098
-2.01056591088
-2.00686684888
-2.00185901999
-1.99454150032
-1.98995384831
-1.9899538483
-1.98995384829
-1.98995384829
-1.97114279182
-1.94976894494
-1.93984631183
-1.92795692058
-1.92654404231
-1.91277388612
-1.89266209217
-1.88717488702
-1.88597632882
-1.88023831435
-1.87375735261
-1.87273236324
-1.86572749591
-1.84220808895
-1.84167234926
-1.83992305344
-1.82912618819
-1.82151646134
-1.81155783618
-1.81144177275
-1.79272211989
-1.79058385085
-1.77268870123
-1.76735792648
-1.75653170225
-1.75595718432
-1.74845404492
-1.73983767873
-1.73854037194
-1.72159896185
-1.72120548223
-1.71804381467
-1.70337260051
-1.70110926031
-1.69625152419
-1.69500768635
-1.68669550249
-1.68660756709
-1.68189259268
-1.66008673735
-1.65778858296
-1.64408373966
-1.63795425758
-1.62533319885
-1.62379879218
-1.61951840681
-1.60688837076
-1.60688837076
-1.60688837076
-1.60688837075
-1.60688837075
-1.60688837075
-1.60688837075
-1.60688837075
-1.60688837075
-1.60688837074
-1.60688837074
-1.60688837074
-1.60688837074
-1.59836728179
-1.59743249957
-1.5938496254
-1.59150588344
-1.58395855534
-1.57970435111
-1.57271846384
-1.56678019394
-1.55968186015
-1.55426298373
-1.54955051308
-1.54635593017
-1.53996528025
-1.53454464324
-1.53061187176
-1.52799213424
-1.51688040807
-1.51293606684
-1.50402170711
-1.50060821713
-1.49743698169
-1.4904716106
-1.47926474079
-1.43872396744
-1.43091837759
-1.42957584548
-1.42720812411
-1.42255693484
-1.40215838127
-1.3974220967
-1.39270069425
-1.38416282061
-1.38308938856
-1.38116465965
-1.3649073254
-1.36436800622
-1.36404612217
-1.34995443269
-1.34863666393
-1.34585903454
-1.34585903454
-1.34585903454
-1.34585903453
-1.34585903453
-1.34585903453
-1.34585903452
-1.34256952262
-1.33937910637
-1.32270797829
-1.31253749918
-1.30469976942
-1.29161716872
-1.27651917918
-1.2547426397
-1.23722081914
-1.23193479628
-1.22522693278
-1.21389455523
-1.19868432367
-1.19266068506
-1.186998624
-1.18645474718
-1.18221046464
-1.17260060378
-1.16510141144
-1.16271867205
-1.15710885658
-1.15710885657
-1.15710885657
-1.15710885657
-1.15710885657
-1.15638257333
-1.15011358642
-1.13385761496
-1.12680038839
-1.12325437241
-1.11000277941
-1.10379378488
-1.10096783354
-1.09588369776
-1.09463037382
-1.08916979292
-1.06583671018
-1.05854431841
-1.0582956235
-1.04157517915
-1.03144148263
-1.02631742234
-1.01512028989
-1.00386574391
-0.980812161638
-0.970027026924
-0.966567105968
-0.965500877408
-0.965105111837
-0.964471669554
-0.963388968643
-0.963191174534
-0.962217080968
-0.960987835888
-0.946255737827
-0.942777832768
-0.93989728038
-0.93353588541
-0.902970523868
-0.902970523864
-0.900122719414
-0.897479172388
-0.894734037691
-0.88693217066
-0.877531784216
-0.852853869636
-0.849447671367
-0.842732671303
-0.818788393474
-0.816551798848
-0.813024309709
-0.810691480708
-0.808051690791
-0.807839443013
-0.797301933071
-0.796123188756
-0.79054926179
-0.78253390252
-0.750922481928
-0.740037159024
-0.733751489613
-0.719091406573
-0.716609289642
-0.712085337535
-0.702160742367
-0.701081144263
-0.697976974608
-0.690612066279
-0.685931468893
-0.674362163178
-0.655625500047
-0.644555886383
-0.633674963066
-0.632676926286
-0.622885530282
-0.604748031028
-0.599677163425
-0.592430809238
-0.580058014674
-0.55716875968
-0.53876873915
-0.537600550509
-0.534195222459
-0.486247241239
-0.483176722823
-0.480725721184
-0.476859967541
-0.466676649182
-0.463495209279
-0.456085289997
-0.451856220663
-0.441372114795
-0.357884375295
-0.344346497201
-0.33467224762
-0.288293909851
-0.276285184392
-0.236510760444
-0.220595775291
-0.217191623621
-0.202878584647
-0.169075692206
-0.162273099045
-0.150727416058
-1.32814766129e-18
-1.24683249836e-18
-1.24683249836e-18
-1.17906986258e-18
-1.12485975395e-18
-1.08420217249e-18
-1.07064964533e-18
-1.07064964533e-18
-1.02999206386e-18
-9.21571846613e-19
-9.08019319457e-19
-8.80914265144e-19
-8.67361737988e-19
-8.67361737988e-19
-8.67361737988e-19
-8.53809210832e-19
-8.2670415652e-19
-7.99599102208e-19
-7.99599102208e-19
-7.5894152074e-19
-7.18283939272e-19
-7.04731412116e-19
-7.04731412116e-19
-6.9117888496e-19
-6.64073830647e-19
-6.64073830647e-19
-6.50521303491e-19
-6.36968776335e-19
-6.36968776335e-19
-6.36968776335e-19
-6.09863722023e-19
-5.96311194867e-19
-5.82758667711e-19
-5.82758667711e-19
-5.55653613399e-19
-5.42101086243e-19
-5.42101086243e-19
-5.28548559087e-19
-5.28548559087e-19
-5.01443504775e-19
-4.87890977618e-19
-4.87890977618e-19
-4.87890977618e-19
-4.74338450462e-19
-4.74338450462e-19
-4.74338450462e-19
-4.4723339615e-19
-4.33680868994e-19
-4.33680868994e-19
-4.33680868994e-19
-4.20128341838e-19
-4.20128341838e-19
-4.20128341838e-19
-4.20128341838e-19
-4.20128341838e-19
-3.93023287526e-19
-3.7947076037e-19
-3.7947076037e-19
-3.7947076037e-19
-3.52365706058e-19
-3.38813178902e-19
-3.25260651746e-19
-3.25260651746e-19
-3.25260651746e-19
-3.25260651746e-19
-2.98155597434e-19
-2.98155597434e-19
-2.84603070277e-19
-2.84603070277e-19
-2.84603070277e-19
-2.84603070277e-19
-2.84603070277e-19
-2.84603070277e-19
-2.71050543121e-19
-2.71050543121e-19
-2.43945488809e-19
-2.43945488809e-19
-2.43945488809e-19
-2.43945488809e-19
-2.30392961653e-19
-2.30392961653e-19
-2.30392961653e-19
-2.30392961653e-19
-2.30392961653e-19
-2.30392961653e-19
-2.30392961653e-19
-2.30392961653e-19
-2.16840434497e-19
-2.16840434497e-19
-2.16840434497e-19
-2.16840434497e-19
-2.16840434497e-19
-2.16840434497e-19
-2.16840434497e-19
-1.89735380185e-19
-1.89735380185e-19
-1.89735380185e-19
-1.89735380185e-19
-1.89735380185e-19
-1.76182853029e-19
-1.76182853029e-19
-1.76182853029e-19
-1.76182853029e-19
-1.76182853029e-19
-1.76182853029e-19
-1.76182853029e-19
-1.62630325873e-19
-1.62630325873e-19
-1.62630325873e-19
-1.62630325873e-19
-1.62630325873e-19
-1.62630325873e-19
-1.62630325873e-19
-1.62630325873e-19
-1.62630325873e-19
-1.35525271561e-19
-1.35525271561e-19
-1.35525271561e-19
-1.35525271561e-19
-1.35525271561e-19
-1.35525271561e-19
-1.35525271561e-19
-1.35525271561e-19
-1.21972744405e-19
-1.21972744405e-19
-1.21972744405e-19
-1.21972744405e-19
-1.21972744405e-19
-1.21972744405e-19
-1.08420217249e-19
-1.08420217249e-19
-1.08420217249e-19
-1.08420217249e-19
-8.13151629364e-20
-8.13151629364e-20
-8.13151629364e-20
-8.13151629364e-20
-8.13151629364e-20
-8.13151629364e-20
-8.13151629364e-20
-6.77626357803e-20
-6.77626357803e-20
-6.77626357803e-20
-6.77626357803e-20
-6.77626357803e-20
-6.77626357803e-20
-5.42101086243e-20
-5.42101086243e-20
-5.42101086243e-20
-5.42101086243e-20
-5.42101086243e-20
-5.42101086243e-20
-5.42101086243e-20
-2.71050543121e-20
-2.71050543121e-20
-2.71050543121e-20
-2.71050543121e-20
-2.71050543121e-20
-2.71050543121e-20
-2.71050543121e-20
-2.71050543121e-20
-2.71050543121e-20
-1.35525271561e-20
-1.35525271561e-20
-1.35525271561e-20
-1.35525271561e-20
0.0
0.0
0.0
0.0
0.0
0.0
0.0
0.0
2.71050543121e-20
2.71050543121e-20
2.71050543121e-20
2.71050543121e-20
2.71050543121e-20
2.71050543121e-20
2.71050543121e-20
2.71050543121e-20
4.06575814682e-20
5.42101086243e-20
5.42101086243e-20
5.42101086243e-20
5.42101086243e-20
5.42101086243e-20
9.48676900925e-20
9.48676900925e-20
9.48676900925e-20
9.48676900925e-20
9.48676900925e-20
9.48676900925e-20
9.48676900925e-20
9.48676900925e-20
9.48676900925e-20
9.48676900925e-20
9.48676900925e-20
9.48676900925e-20
1.08420217249e-19
1.08420217249e-19
1.08420217249e-19
1.08420217249e-19
1.08420217249e-19
1.35525271561e-19
1.35525271561e-19
1.49077798717e-19
1.49077798717e-19
1.49077798717e-19
1.49077798717e-19
1.49077798717e-19
1.49077798717e-19
1.49077798717e-19
1.62630325873e-19
1.62630325873e-19
1.62630325873e-19
1.62630325873e-19
1.62630325873e-19
1.62630325873e-19
1.62630325873e-19
1.62630325873e-19
1.62630325873e-19
1.62630325873e-19
1.62630325873e-19
1.62630325873e-19
1.62630325873e-19
1.89735380185e-19
1.89735380185e-19
1.89735380185e-19
2.03287907341e-19
2.03287907341e-19
2.03287907341e-19
2.03287907341e-19
2.03287907341e-19
2.03287907341e-19
2.03287907341e-19
2.16840434497e-19
2.16840434497e-19
2.43945488809e-19
2.43945488809e-19
2.43945488809e-19
2.43945488809e-19
2.43945488809e-19
2.57498015965e-19
2.57498015965e-19
2.57498015965e-19
2.57498015965e-19
2.57498015965e-19
2.57498015965e-19
2.71050543121e-19
2.71050543121e-19
2.71050543121e-19
2.71050543121e-19
2.71050543121e-19
2.98155597434e-19
2.98155597434e-19
2.98155597434e-19
3.1170812459e-19
3.1170812459e-19
3.1170812459e-19
3.1170812459e-19
3.38813178902e-19
3.38813178902e-19
3.38813178902e-19
3.52365706058e-19
3.52365706058e-19
3.52365706058e-19
3.52365706058e-19
3.52365706058e-19
3.65918233214e-19
3.65918233214e-19
3.65918233214e-19
3.93023287526e-19
3.93023287526e-19
3.93023287526e-19
3.93023287526e-19
3.93023287526e-19
3.93023287526e-19
4.06575814682e-19
4.06575814682e-19
4.06575814682e-19
4.06575814682e-19
4.20128341838e-19
4.20128341838e-19
4.60785923306e-19
4.74338450462e-19
4.74338450462e-19
4.74338450462e-19
5.01443504775e-19
5.01443504775e-19
5.14996031931e-19
5.14996031931e-19
5.14996031931e-19
5.28548559087e-19
5.55653613399e-19
5.55653613399e-19
5.69206140555e-19
5.69206140555e-19
6.09863722023e-19
6.09863722023e-19
6.23416249179e-19
6.36968776335e-19
7.18283939272e-19
7.31836466428e-19
7.45388993584e-19
7.72494047896e-19
7.72494047896e-19
7.72494047896e-19
7.72494047896e-19
7.99599102208e-19
8.53809210832e-19
8.80914265144e-19
9.08019319457e-19
9.35124373769e-19
1.02999206386e-18
1.05709711817e-18
1.09775469964e-18
0.150727416058
0.162273099045
0.169075692206
0.202878584647
0.217191623621
0.220595775291
0.236510760444
0.276285184392
0.288293909851
0.33467224762
0.344346497201
0.357884375295
0.441372114796
0.451856220663
0.456085289997
0.46349520928
0.466676649182
0.476859967543
0.480725721184
0.483176722823
0.486247241242
0.53419522246
0.537600550512
0.53876873915
0.557168759684
0.580058014675
0.592430809236
0.599677163426
0.604748031029
0.622885530288
0.63267692629
0.633674963072
0.644555886387
0.655625500044
0.674362163184
0.68593146889
0.690612066279
0.69797697461
0.701081144261
0.702160742365
0.712085337534
0.716609289645
0.719091406571
0.733751489616
0.74003715902
0.750922481927
0.782533902524
0.790549261791
0.796123188749
0.797301933067
0.807839443005
0.808051690791
0.810691480709
0.813024309709
0.816551798848
0.818788393474
0.842732671307
0.849447671369
0.852853869641
0.877531784217
0.886932170664
0.894734037695
0.897479172388
0.900122719413
0.902970523866
0.902970523871
0.933535885413
0.939897280377
0.942777832771
0.946255737831
0.960987835893
0.962217080969
0.963191174536
0.963388968646
0.964471669553
0.965105111833
0.965500877408
0.96656710597
0.970027026924
0.980812161633
1.00386574391
1.01512028987
1.02631742233
1.03144148264
1.04157517914
1.0582956235
1.05854431841
1.06583671018
1.08916979292
1.09463037382
1.09588369775
1.10096783353
1.10379378487
1.11000277941
1.12325437241
1.12680038839
1.13385761495
1.15011358642
1.15638257333
1.15710885657
1.15710885657
1.15710885657
1.15710885657
1.15710885658
1.16271867205
1.16510141143
1.17260060378
1.18221046463
1.18645474718
1.186998624
1.19266068506
1.19868432368
1.21389455522
1.22522693278
1.23193479628
1.23722081914
1.25474263971
1.27651917917
1.29161716871
1.30469976941
1.31253749917
1.32270797828
1.33937910635
1.34256952263
1.34585903452
1.34585903453
1.34585903453
1.34585903453
1.34585903454
1.34585903454
1.34585903454
1.34863666392
1.34995443268
1.36404612217
1.36436800622
1.3649073254
1.38116465964
1.38308938856
1.38416282061
1.39270069425
1.3974220967
1.40215838128
1.42255693484
1.42720812411
1.42957584548
1.4309183776
1.43872396744
1.47926474079
1.4904716106
1.49743698169
1.50060821713
1.50402170711
1.51293606685
1.51688040807
1.52799213424
1.53061187176
1.53454464323
1.53996528026
1.54635593017
1.54955051308
1.55426298373
1.55968186014
1.56678019394
1.57271846384
1.5797043511
1.58395855534
1.59150588343
1.5938496254
1.59743249957
1.59836728178
1.60688837074
1.60688837074
1.60688837074
1.60688837074
1.60688837075
1.60688837075
1.60688837075
1.60688837075
1.60688837075
1.60688837075
1.60688837075
1.60688837075
1.60688837076
1.61951840681
1.62379879217
1.62533319884
1.63795425758
1.64408373965
1.65778858296
1.66008673735
1.68189259269
1.68660756708
1.6866955025
1.69500768635
1.69625152419
1.70110926031
1.70337260051
1.71804381467
1.72120548224
1.72159896184
1.73854037194
1.73983767873
1.74845404492
1.75595718433
1.75653170226
1.76735792648
1.77268870123
1.79058385085
1.79272211989
1.81144177274
1.81155783617
1.82151646134
1.82912618818
1.83992305344
1.84167234926
1.84220808895
1.86572749591
1.87273236324
1.87375735262
1.88023831435
1.88597632882
1.88717488703
1.89266209217
1.91277388613
1.9265440423
1.92795692058
1.93984631183
1.94976894495
1.97114279183
1.98995384828
1.9899538483
1.9899538483
1.9899538483
1.99454150031
2.00185901999
2.00686684888
2.01056591089
2.01133879097
2.01551983157
2.01730599386
2.02438433447
2.0255436175
2.02888848496
2.04695373211
2.04827043651
2.06335143559
2.07009433523
2.07195786689
2.07343621931
2.0740109093
2.076242614
2.08100077525
2.09602676373
2.10390986162
2.1075916802
2.11095197845
2.11766978422
2.12871333449
2.13939499165
2.14237059725
2.15240172746
2.15765525506
2.1594250141
2.16015806761
2.16474462811
2.16790122358
2.17631274923
2.19024686675
2.19638353439
2.20142873915
2.20642213278
2.20985441232
2.21007149917
2.23468581769
2.23969138644
2.24342237765
2.24822899688
2.24852797077
2.24886508159
2.25482390294
2.26200805736
2.2642195959
2.2947481575
2.31457143066
2.31500112519
2.31774360753
2.31856711808
2.32141297682
2.34724037172
2.35097309572
2.36758379098
2.36851128935
2.37291172296
2.37807453864
2.38595026564
2.4039476862
2.40611039603
2.41900842353
2.42225898074
2.42292175625
2.45293711724
2.45672928823
2.4751788125
2.47942088451
2.5214483937
2.52223499893
2.52746408456
2.53858265399
2.55517349715
2.5751532449
2.6
2.6
2.6
2.6
2.6
2.6
2.6
2.6
2.6
2.6
2.6
2.6
2.6
2.6
2.6
2.6
2.6
2.6
2.6
2.6
2.6
2.6
2.6
2.6
2.6
2.6
2.6
2.6
2.6
2.6
2.6
2.6
2.6
2.6
2.6
2.6
2.6
2.6
2.6
2.6
2.6
2.6
2.6
2.6
2.6
2.6
2.6
2.6
2.6
2.6
2.6
2.6
2.6
2.6
2.6
2.6
2.6
2.6
2.6
2.6
2.6
2.6
2.6
2.6
2.6
2.6
2.6
2.6
2.6
2.6
2.6
2.6
2.6
2.6
2.6
2.6
2.6
2.6
2.6
2.6
2.6
2.6
2.6
2.6
2.6
2.6
2.6
2.6
2.6
2.6
2.6
2.6
2.6
2.6
2.6
2.6
2.6
2.6
2.6
2.6
2.6
2.6
2.6
2.6
2.6
2.6
2.6
2.6
2.6
2.6
2.6
2.6
2.6
2.6
2.6
2.6
2.6
2.6
2.6
2.6
2.6
2.6
2.6
2.6
2.6
2.6
2.6
2.6
2.60000000001
2.63173293136
2.63336967985
2.65290688993
2.65825498918
2.67879242688
2.69052787581
2.69135701329
2.69385256635
2.71648561473
2.71885190085
2.72220718701
2.72546758936
2.72883993661
2.73368358579
2.74638333307
2.75720350715
2.75938489633
2.76186664087
2.77035822517
2.78892094228
2.79313350754
2.79640348771
2.79665918037
2.80574144952
2.81037663762
2.8177951069
2.81976847833
2.82233115135
2.82464059214
2.82585528514
2.82681989301
2.8357136882
2.83752151428
2.83837323024
2.84987976314
2.86088958504
2.86649020672
2.87531072431
2.8815274241
2.88362604437
2.89866645037
2.90757787979
2.9086365656
2.91481561478
2.91783256209
2.91819060717
2.92618877831
2.92958759321
2.93007677215
2.93457897464
2.93557439971
2.93995283465
2.94267858134
2.95558087092
2.95565500738
2.95635147207
2.9596428474
2.96488005114
2.96913045986
2.97876772899
2.9792885606
2.98172526472
2.98564573166
2.98825618911
2.99235812171
2.99335016523
2.994843852
2.99937672564
3.01127053335
3.01351055849
3.01730743956
3.02553559321
3.02583734702
3.02678190776
3.03685155697
3.037151963
3.04475357079
3.0469385123
3.05648331192
3.05648331192
3.05648331192
3.06095695576
3.06581508572
3.06857216
3.06900964881
3.07022063694
3.07399511461
3.08296037125
3.08876312808
3.09014132786
3.09164591203
3.0962023277
3.10367439441
3.10820218219
3.11745960534
3.1326192845
3.13662446479
3.14362286244
3.14952460842
3.15142132784
3.15168822661
3.15520104287
3.15775361301
3.16186114917
3.16188879266
3.16460558769
3.16921907762
3.17156781197
3.18335442472
3.20146177272
3.2023953508
3.21088182812
3.21663811484
3.21858166753
3.2247472984
3.22849888474
3.23779074599
3.23981507004
3.24214696967
3.24214696967
3.24214696967
3.24214696967
3.24214696967
3.24363550839
3.24900076185
3.25792414178
3.26234973129
3.26749322391
3.27373002973
3.28893679461
3.29286095947
3.29649413281
3.29652162451
3.30076157783
3.30538125472
3.31745379545
3.32306430454
3.32909697206
3.33043839139
3.33157852005
3.3351367946
3.33766047064
3.33881556206
3.34263743477
3.34586416195
3.35635288306
3.35990223274
3.36498489766
3.36839244613
3.37055048707
3.37100144997
3.38128614184
3.38509211859
3.38696619047
3.39451548356
3.39836822969
3.39874803003
3.40128457833
3.40468084708
3.40527581652
3.40845260772
3.41469240156
3.41493198146
3.41522121078
3.41540981559
3.41961867257
3.42215744968
3.42721683764
3.43192286714
3.43426972997
3.43544357931
3.4434691009
3.44605702911
3.44967282174
3.44994066506
3.45597250613
3.46403245094
3.46599370985
3.47610582566
3.48181204617
3.48316889699
3.49630407866
3.4980831501
3.5027268204
3.50914417012
3.50970502455
3.51073486874
3.51245953567
3.51275976153
3.51994085533
3.53867362445
3.54568661698
3.54646595478
3.54807792153
3.55464155871
3.5626883208
3.58009706339
3.58241453829
3.58650325993
3.58802989271
3.60437593484
3.60874648787
3.61416250945
3.62407077979
3.63425134825
3.6405482119
3.65193455375
3.66675624539
3.66777848837
3.67695526217
3.67695526217
3.67695526217
3.67695526217
3.67695526217
3.67695526217
3.67695526217
3.67695526217
3.67695526217
3.67695526217
3.67695526217
3.67695526217
3.67695526217
3.67695526217
3.67695526217
3.67695526217
3.67695526217
3.67695526217
3.67695526217
3.67695526217
3.67695526217
3.67695526217
3.67695526217
3.67695526217
3.67695526217
3.67695526217
3.67695526217
3.67695526217
3.67695526217
3.67695526217
3.67695526217
3.67695526217
3.67695526217
3.67695526217
3.67695526217
3.67695526217
3.67695526217
3.67695526217
3.67695526217
3.67695526217
3.67695526217
3.67695526217
3.69967195258
3.70353482953
3.70410002669
3.73561522318
3.74515431624
3.75325801273
3.75465702849
3.75595457002
3.75606439745
3.77626797529
3.78044034163
3.79458787045
3.79768080402
3.79855721885
3.80117972754
3.81140010435
3.83573791366
3.84181027066
3.8445422127
3.84455066919
3.85154032646
3.85822613623
3.86569911907
3.86905473283
3.8697658795
3.87192435906
3.87620868827
3.87808769517
3.88316877508
3.88633138328
3.89061905283
3.89100137265
3.8912599714
3.90134993002
3.90365170588
3.90495124017
3.91197979883
3.91453514018
3.91513704214
3.92222474428
3.93323007079
3.93608830131
3.9362933994
3.93826952092
3.94316543346
3.94889841833
3.95051525504
3.95260532384
3.95408002619
3.96040914076
3.96744143498
3.96807744644
3.97228388667
3.97718671553
3.98139289125
3.98343110422
3.98343110422
3.98849503936
3.98935343426
3.98963728848
3.99316393652
4.00799393321
4.01484280245
4.01971752127
4.02339437901
4.02957676048
4.0316691428
4.04324205156
4.04764775974
4.04934174275
4.06206407001
4.06897471861
4.07006590208
4.07084628132
4.09845030395
4.11324365824
4.11357649313
4.12994219836
4.14683616613
4.15299505608
4.15969691353
4.17307537577
4.18021953722
4.18055423286
4.196633213
4.19774411594
4.19975046812
4.20009808518
4.20688837075
4.20688837075
4.20688837075
4.20688837075
4.20688837075
4.20688837075
4.20688837075
4.20688837075
4.20688837075
4.20688837075
4.20688837075
4.20688837075
4.20688837075
4.21409966306
4.21473268869
4.22324553144
4.22355094013
4.23305756343
4.23695694904
4.24360131845
4.24942746381
4.25001156129
4.25030030453
4.25303577786
4.254178064
4.25916101205
4.26312136136
4.27072690348
4.27175181428
4.27967525579
4.28226483657
4.28713180129
4.30287212615
4.30320007281
4.30401231013
4.3054921432
4.3207617095
4.32382235825
4.32579944673
4.32687168778
4.33517711097
4.34363578065
4.34428516927
4.34566374958
4.34964690752
4.35111933134
4.35387131205
4.36630769194
4.37033757349
4.37413483924
4.37451837072
4.37819231954
4.3829860292
4.39994949246
4.40833656672
4.40868297301
4.40951576563
4.41683318182
4.42055535269
4.4411951125
4.44299161801
4.44778812754
4.45003972498
4.45167581027
4.45769127833
4.45880973672
4.46002331986
4.46632796543
4.47335332719
4.48114316045
4.489815502
4.50165265508
4.50333209968
4.50333209968
4.50333209968
4.50333209968
4.50333209968
4.50333209968
4.50333209968
4.50333209968
4.50333209968
4.50968887747
4.51073919235
4.51398727592
4.52809999507
4.54535533429
4.55053825898
4.55189144034
4.55360653996
4.5621450733
4.5626035709
4.56276751684
4.56650453539
4.57101823192
4.57468793084
4.58394771933
4.58648662099
4.58685101255
4.59488572388
4.59559188137
4.61112307594
4.63746888248
4.63888279719
4.64043970814
4.64611988124
4.65643935121
4.65845106367
4.67775324134
4.67936676923
4.68330666342
4.68421974167
4.68458357385
4.68503811309
4.68503811309
4.68503811309
4.68503811309
4.68503811309
4.68515097812
4.69115988222
4.70886327766
4.72208242949
4.72514501227
4.72908786623
4.73130142028
4.73721132452
4.74821201846
4.75085553197
4.75398930815
4.7629995074
4.77367280141
4.78197780704
4.78860895969
4.7964701842
4.80417356906
4.80417356906
4.80417356906
4.80417356906
4.81768220718
4.83158836894
4.83305296339
4.83739419806
4.84159031394
4.84671515922
4.85273998543
4.85528291111
4.85536971575
4.86307006695
4.86551820434
4.86576093197
4.86768112503
4.86808429321
4.88115340009
4.88478210886
4.88548136743
4.88640162809
4.88640162809
4.90306984102
4.90807671187
4.92009186366
4.92912465623
4.93223479024
4.94338005972
4.94549388473
4.94549388473
4.94549388473
4.9576171852
4.97084999128
4.97374019378
4.97457224403
4.97804963138
4.9806387877
4.98651917805
4.98657553876
4.98754403113
4.9893634628
5.00113307484
5.0069654963
5.0093000462
5.01576204884
5.02030078852
5.0228142967
5.0228142967
5.0228142967
5.0228142967
5.0228142967
5.0228142967
5.0228142967
5.03759118208
5.03810242716
5.05050920899
5.05080804145
5.05796971999
5.06566813725
5.06842318747
5.07888985544
5.07976491334
5.08917760484
5.0926857244
5.10710568261
5.1147217512
5.11802108876
5.12951470626
5.13421917115
5.13849653225
5.13875925377
5.1430297871
5.14393222796
5.14424135195
5.14887246841
5.14971487011
5.14989615214
5.1601964838
5.18544698987
5.2
5.20454951123
5.20908546115
5.2143932879
5.21630806046
5.22215135871
5.23235429206
5.2358273144
5.24812860865
5.2484602503
5.24874328339
5.25246301411
5.25668240332
5.26089624428
5.27416106887
5.27591609362
5.28147782119
5.28929888594
5.29440952392
5.30940530093
5.31108460477
5.32018742431
5.32680458238
5.32919106668
5.33061327295
5.33971901188
5.34919270874
5.35069188694
5.35639741534
5.35700244976
5.36287468397
5.36681623526
5.37649671676
5.38069816721
5.38338569182
5.39504237162
5.39549749046
5.39635639961
5.39758293913
5.40325287845
5.40851050013
5.4182900138
5.4194635708
5.42723994263
5.43057405316
5.4316176689
5.43510269541
5.43575785408
5.43658306987
5.43718774856
5.46014059106
5.46473981844
5.46536706708
5.48571096881
5.49121462896
5.4947645589
5.49989785218
5.50534959143
5.50983103551
5.52762975198
5.53797953685
5.53815254124
5.54414287138
5.55302593318
5.59046843344
5.59768827076
5.59806733398
5.60492743085
5.60792929624
5.60912607784
5.61072115874
5.61626659543
5.61885522347
5.62106241253
5.62171893075
5.62967709177
5.62984467416
5.63415712423
5.64086663785
5.64290176243
5.6429092893
5.64943231952
5.65436699524
5.66798488049
5.68676535012
5.69251705557
5.70465956797
5.7064720793
5.73204615251
5.73271704707
5.73603262295
5.74149319557
5.74211762118
5.7467425772
5.75538322718
5.76020831644
5.76112888953
5.76428961451
5.76784752992
5.77131971053
5.7765259225
5.77657046056
5.77773352553
5.77807459149
5.79558593043
5.7976115
5.80402853382
5.80512395678
5.80712874417
5.81075109837
5.81749248961
5.82010829881
5.82858530418
5.84271119445
5.8430640269
5.84644860564
5.84729969359
5.85573473107
5.86700759694
5.87164465771
5.87258851306
5.89304112502
5.89690315055
5.89913140737
5.91871329807
5.93947796039
5.95699875593
5.96827678111
5.99510393386
6.00044938856
6.00190005793
6.00345308043
6.02774207404
6.02863836556
6.0523175103
6.06972352981
6.07293869665
6.07560802894
6.08201429796
6.09460463372
6.1233832466
6.12340023914
6.13465794631
6.13897139484
6.13958776726
6.14152501865
6.14783880885
6.15210444254
6.15716213858
6.16182497408
6.16679161426
6.16802129838
6.17594978536
6.17991524317
6.18248409345
6.18887508516
6.19784852742
6.20143236115
6.21457388674
6.22209156711
6.22302326642
6.22423615232
6.22558355872
6.22789701177
6.22867093295
6.23159228342
6.23407565825
6.23466966155
6.23909829429
6.25361688153
6.25794320416
6.26287670895
6.27702215843
6.28550319369
6.29985530612
6.31169330761
6.31893161768
6.32959488267
6.34471798318
6.36259469849
6.38256514196
6.38322956439
6.3893608523
6.39357377035
6.39460543643
6.40520886156
6.41307705508
6.4393785122
6.4447110658
6.44509574077
6.44976540348
6.4637267461
6.48129379688
6.48388022018
6.49234394088
6.49982200721
6.52539425616
6.54224797656
6.54591526779
6.55411129192
6.55952002983
6.5890791449
6.60955773519
6.61387834097
6.62790951277
6.62845515914
6.63008925324
6.65719920201
6.66215094072
6.69293685435
6.71226090577
6.74344567486
6.77536336433
6.79751809718
6.88883322027
6.9226916925
7.0099024424
