-5.01492177446
-5.01311539858
-5.00976371068
-5.00701061864
-5.00659861
-5.0043262746
-5.0039661109
-5.00307781843
-4.99728992014
-4.99692678382
-4.99632162716
-4.99471503058
-4.99263352581
-4.98829373728
-4.98510426884
-4.984629889
-4.98171993332
-4.98007434453
-4.9733436579
-4.97313648837
-4.96914075472
-4.96894891942
-4.96652781882
-4.96448459085
-4.96128467505
-4.95988066374
-4.955813786
-4.95575437178
-4.95043988923
-4.94909939057
-4.94576137946
-4.94534559445
-4.94481328453
-4.94267032093
-4.94069831536
-4.94064334921
-4.93953770666
-4.93603420386
-4.93368465293
-4.93171199383
-4.9306521863
-4.92900037248
-4.92860100274
-4.92680604047
-4.92631261129
-4.92281323147
-4.92137483416
-4.91927058001
-4.91430618646
-4.91387328775
-4.91246413804
-4.91195351876
-4.9104277126
-4.90960054636
-4.90622374476
-4.89988215789
-4.89461880469
-4.89321373269
-4.89317699714
-4.89301092189
-4.88894822903
-4.88397183812
-4.88162388045
-4.88140098777
-4.88066844066
-4.87960621088
-4.87824159573
-4.87815527113
-4.87579199163
-4.874269277
-4.87207367095
-4.87204113166
-4.86960141804
-4.86849237227
-4.86777121672
-4.86665944975
-4.86462309149
-4.86087000214
-4.86031960138
-4.86012457987
-4.85469639377
-4.85110260497
-4.85063482043
-4.85052324208
-4.84956312223
-4.84697110617
-4.84653208926
-4.84570797601
-4.84477135387
-4.84138255956
-4.83822833291
-4.83412000101
-4.83059681814
-4.83037695124
-4.8286839496
-4.82707572834
-4.82343583569
-4.81664316696
-4.81010607263
-4.80930196681
-4.80798819112
-4.80683996823
-4.8063579118
-4.80094402475
-4.79935317958
-4.79248619691
-4.79205045094
-4.79152925119
-4.78929256419
-4.78602751122
-4.78517283971
-4.7840394253
-4.78003285541
-4.77970850436
-4.77660329652
-4.77590477068
-4.77356439001
-4.77137553007
-4.7706876208
-4.76919977754
-4.7668303661
-4.76470504541
-4.75911051464
-4.75903928607
-4.75898341812
-4.75428240577
-4.75322992628
-4.75134247526
-4.75114359279
-4.7508489401
-4.74801577545
-4.74691718803
-4.74477645212
-4.74322447694
-4.74247527781
-4.7369145105
-4.73633735455
-4.73534738155
-4.73073703801
-4.72705750239
-4.72650201377
-4.72649483172
-4.72254922115
-4.71907946952
-4.71826831998
-4.71760362334
-4.71322349504
-4.70608670986
-4.70550566705
-4.70222663315
-4.70038352146
-4.69975665301
-4.69696160271
-4.69504109565
-4.6932210871
-4.69147598803
-4.68805333511
-4.68690797957
-4.68619320062
-4.68266282954
-4.6788432886
-4.67797976875
-4.67784972037
-4.67481027526
-4.67161759689
-4.67065174591
-4.67018159194
-4.6679444
-4.6664886685
-4.66635268591
-4.66432449263
-4.66182635085
-4.65982943028
-4.65973372433
-4.6580446178
-4.65675092115
-4.65524587716
-4.65272840353
-4.64578909802
-4.6457833483
-4.6408017639
-4.63796748939
-4.63767319338
-4.63638009438
-4.63395888212
-4.63222652981
-4.62832962901
-4.62467704129
-4.61846860177
-4.61738513558
-4.61605608584
-4.6149751688
-4.61415410971
-4.61043351711
-4.60962775092
-4.60446278295
-4.60442548969
-4.60426432097
-4.59963564932
-4.59961311913
-4.59717298922
-4.59436572155
-4.59433336629
-4.59386320934
-4.59123688311
-4.5895162363
-4.58776238399
-4.57882720167
-4.57752046605
-4.57725085469
-4.5768947167
-4.57231204453
-4.57200096358
-4.56641160902
-4.56617932586
-4.56318500818
-4.56093281413
-4.55844323847
-4.55735053873
-4.5551565574
-4.55351491257
-4.54996409481
-4.54317518264
-4.54288629628
-4.53857064837
-4.53564959749
-4.53556715663
-4.53371488913
-4.53320926571
-4.52652935182
-4.52572885473
-4.51824798428
-4.51656937008
-4.51585935588
-4.51560352454
-4.51356014278
-4.5127996081
-4.50964160011
-4.50776854431
-4.50654001479
-4.5052853799
-4.50173727798
-4.50096934099
-4.49727744556
-4.49505929809
-4.49322957573
-4.49297369993
-4.49138605543
-4.49085828823
-4.48803070841
-4.48409710901
-4.48361355348
-4.48306385823
-4.47978730869
-4.47835989336
-4.47535087126
-4.47407383785
-4.46857896198
-4.46766601119
-4.46719451031
-4.46303018297
-4.46190575847
-4.46046598743
-4.45812192208
-4.45414403686
-4.45367875368
-4.45275799779
-4.45054567758
-4.44811920694
-4.447438924
-4.44473367912
-4.44085682356
-4.43555387197
-4.43318948161
-4.42999374531
-4.42836333821
-4.42329690351
-4.42315982267
-4.4211159994
-4.42073929982
-4.41831283858
-4.41628420653
-4.41116235818
-4.41027218301
-4.41013230222
-4.40803026363
-4.40524166222
-4.40433011602
-4.39710703142
-4.39701032867
-4.39527319843
-4.38833995698
-4.38711086679
-4.38444179641
-4.37991296324
-4.37724932279
-4.37609570148
-4.37404697511
-4.36853470307
-4.36624286472
-4.36347617879
-4.36290062935
-4.36277976837
-4.3608841791
-4.36015030592
-4.35211779601
-4.35097259674
-4.35090403858
-4.34810293222
-4.3459914858
-4.34133677188
-4.33946049551
-4.33828511986
-4.33590183239
-4.33426636147
-4.33211985481
-4.33037143529
-4.33009402373
-4.3273786927
-4.32698451708
-4.32672593598
-4.32636701371
-4.32309074297
-4.31649191187
-4.31215045155
-4.31097959048
-4.30912592937
-4.30838425585
-4.30692353156
-4.2989156385
-4.29783367705
-4.29539837064
-4.29470661027
-4.2934944576
-4.29346602221
-4.28507911876
-4.28461566051
-4.28377471431
-4.28057387123
-4.27867440764
-4.27833777251
-4.27712884654
-4.27567674776
-4.27423840966
-4.27200190186
-4.26556718903
-4.26328309135
-4.25787691837
-4.25548721884
-4.25290513966
-4.25189141362
-4.24818505916
-4.24802153419
-4.24661091543
-4.24092122057
-4.23641697347
-4.23394575498
-4.23228466425
-4.23192265058
-4.22873186368
-4.22715792271
-4.22288483968
-4.22258008452
-4.21544765391
-4.21498083748
-4.21338082088
-4.21203592866
-4.21199425767
-4.21191821791
-4.20785550109
-4.20379220333
-4.2033592636
-4.20113860559
-4.2008681826
-4.19612947716
-4.19360228475
-4.18602481096
-4.18477741168
-4.18190267082
-4.18151483885
-4.17888433911
-4.17861552132
-4.17410410253
-4.1728912111
-4.16711844818
-4.16565897469
-4.16001601172
-4.15849937508
-4.15488361716
-4.15305623317
-4.15104604413
-4.1509089851
-4.14591444775
-4.14308058471
-4.14163847663
-4.14126492276
-4.1312033148
-4.13083591098
-4.13002665438
-4.12940092572
-4.12874346199
-4.12656664866
-4.12438739501
-4.12370268868
-4.1220168843
-4.120999248
-4.11578765688
-4.11365763045
-4.11193047415
-4.10713167383
-4.10678422299
-4.10614243162
-4.10559241553
-4.10306508298
-4.10255012401
-4.08907391049
-4.08785139547
-4.08490078838
-4.0796443106
-4.07961699489
-4.0781698286
-4.07713932696
-4.07570876959
-4.07258760064
-4.07154277309
-4.0699523956
-4.0697810641
-4.06686113974
-4.06403179968
-4.05947928617
-4.05701325949
-4.05598700252
-4.05389248523
-4.05268920343
-4.04652288835
-4.04551703727
-4.03927257568
-4.03838799543
-4.03493605317
-4.03271380396
-4.03111852078
-4.0288689385
-4.0193155338
-4.01793627856
-4.01411448256
-4.00955632918
-4.00493619984
-4.00473765671
-4.00466239498
-4.00384430582
-4.00256126933
-3.9990883118
-3.99907304348
-3.99316920327
-3.99290503653
-3.98996509588
-3.9860828589
-3.98430233879
-3.98103816501
-3.97839380007
-3.97650835408
-3.97265563429
-3.97161092015
-3.96803165357
-3.96436710368
-3.96327629177
-3.9597206124
-3.95696234816
-3.95628432651
-3.9544566347
-3.95387007286
-3.95305378702
-3.951774955
-3.94912687197
-3.94740038125
-3.94678428936
-3.94553439309
-3.9387430913
-3.93467165541
-3.93382121416
-3.93105801435
-3.92769475497
-3.92452394748
-3.91861183129
-3.91506699937
-3.91390994916
-3.91273306019
-3.91177120811
-3.91098693828
-3.90538579374
-3.90165254706
-3.89518765373
-3.89225285331
-3.89084907629
-3.88924112534
-3.88204894066
-3.88028357129
-3.87589659447
-3.87554165479
-3.87286948378
-3.87024969816
-3.87011626042
-3.86909583075
-3.86737790245
-3.85690797798
-3.85541954906
-3.85324826982
-3.85222992123
-3.85061596932
-3.84783170458
-3.84743201931
-3.84394218921
-3.8436975781
-3.84232380241
-3.84168839136
-3.83645879448
-3.83462827137
-3.82875800631
-3.82608887564
-3.82286302161
-3.81689825113
-3.81632567171
-3.81561601438
-3.81504766582
-3.80909404174
-3.80649140728
-3.80324732637
-3.80077737664
-3.80003908272
-3.79940527984
-3.79935149137
-3.79191754154
-3.79035615828
-3.78953633562
-3.78783175538
-3.78520859238
-3.78016531048
-3.77940661935
-3.77162005119
-3.76552942919
-3.76346488105
-3.76313857874
-3.76068812355
-3.75949264889
-3.75732404172
-3.7470132342
-3.74543940737
-3.74354115806
-3.743295507
-3.74313462564
-3.73463488155
-3.73420555269
-3.73283724584
-3.73088800657
-3.72867256001
-3.72739912454
-3.72448679069
-3.72031701227
-3.71959791479
-3.71675599824
-3.71525033583
-3.70932554071
-3.70482490487
-3.70366479988
-3.70267490621
-3.70084788626
-3.69209220881
-3.69014157904
-3.68852266792
-3.68310072756
-3.68284861466
-3.67842009645
-3.67419564849
-3.67313060703
-3.67154078044
-3.67091267424
-3.66550817038
-3.66402131693
-3.66335909762
-3.66262611139
-3.66016821032
-3.65907142223
-3.65173478275
-3.65018183844
-3.64522678834
-3.64207065646
-3.63862540618
-3.63475030193
-3.63164041234
-3.63022298146
-3.62834012727
-3.62622814655
-3.62562129315
-3.62070197847
-3.61781770029
-3.61631420503
-3.61400149229
-3.60699985365
-3.60429523614
-3.60340230501
-3.60029878349
-3.59731518926
-3.58796498131
-3.58754324413
-3.58222899377
-3.58142824082
-3.57953091653
-3.57697042589
-3.573774759
-3.57095926473
-3.56951305993
-3.56640291157
-3.56562812722
-3.56481658375
-3.55950298862
-3.55627122122
-3.55356494328
-3.55189175996
-3.54551032148
-3.54389424614
-3.54348556142
-3.54102128099
-3.54059105541
-3.53817741924
-3.53607185811
-3.52771998839
-3.5226663228
-3.52014315124
-3.51879712732
-3.5170820455
-3.51606450007
-3.51602838648
-3.5038668895
-3.50227814378
-3.49738248742
-3.49359111743
-3.49350464427
-3.49011494495
-3.48167146588
-3.47894165662
-3.47865719359
-3.47765353296
-3.47593095713
-3.47396366764
-3.46945781916
-3.46729595564
-3.46387112365
-3.46351613231
-3.46303496822
-3.45805877468
-3.45656765771
-3.45552775814
-3.44472765487
-3.44429124546
-3.4420884565
-3.44162191805
-3.43953724365
-3.43654761997
-3.42754568872
-3.42079167483
-3.41935194114
-3.4189370365
-3.41640572757
-3.40941812812
-3.40862913791
-3.40265799183
-3.40199631001
-3.40174530741
-3.3977907264
-3.39240588987
-3.39118254062
-3.38827007498
-3.3821139837
-3.38085676266
-3.38019128208
-3.37756443913
-3.37666031401
-3.37486959428
-3.36926481774
-3.36411202835
-3.36001541372
-3.35896820357
-3.35516901547
-3.34452041487
-3.34295394972
-3.34240179861
-3.34069032833
-3.33910852676
-3.33329222212
-3.33326436842
-3.32744536911
-3.32612479508
-3.31713071275
-3.31658464074
-3.31539730736
-3.3125606785
-3.3109883334
-3.30668943021
-3.29996630907
-3.29708421867
-3.29681301788
-3.29081259514
-3.28779632127
-3.28325015552
-3.27916185762
-3.27867435869
-3.27157836614
-3.27073604627
-3.26490891116
-3.26407624188
-3.25879180963
-3.25512225171
-3.25499185753
-3.2440469591
-3.24390617568
-3.23711753759
-3.23514126767
-1.7282686883
-1.7246615281
-1.71865225549
-1.71745107132
-1.71384737737
-1.71024486025
-1.70784388973
-1.69944618181
-1.69944492437
-1.69944461
-1.69584824092
-1.68985435484
-1.68865513683
-1.6862596184
-1.68146854492
-1.67548266233
-1.67429078172
-1.67070084446
-1.67069769675
-1.6706964376
-1.66472031616
-1.65993596744
-1.65754526095
-1.65635324588
-1.6527694919
-1.64560529903
-1.6420364477
-1.64202541634
-1.64202384022
-1.63845671355
-1.63249321414
-1.63248690765
-1.63248375409
-1.62415003422
-1.62414259244
-1.62176294978
-1.61699749846
-1.61343288941
-1.60986341125
-1.60391352005
-1.60274968663
-1.60034912318
-1.59918228875
-1.59916207745
-1.5991570233
-1.59323937885
-1.58492508541
-1.58491402459
-1.58490770298
-1.58135020355
-1.57897441755
-1.5742451856
-1.57423786935
-1.56711921551
-1.5612071025
-1.55765531432
-1.55651209237
-1.55646779323
-1.55646336105
-1.55295908191
-1.54704018549
-1.54700694616
-1.54699586123
-1.54581990169
-1.53875958344
-1.53163911672
-1.52928299994
-1.52812312587
-1.52810538094
-1.528094287
-1.52455144799
-1.51748746862
-1.51513833026
-1.50804259555
-1.50451852193
-1.50342055047
-1.49988388025
-1.49981437856
-1.49981408499
-1.49980138389
-1.49628384696
-1.49399225743
-1.48574992239
-1.485699126
-1.48567879215
-1.48216211344
-1.47516280967
-1.47511997905
-1.47276266943
-1.46808084905
-1.46223854612
-1.46221184399
-1.46219403416
-1.46101846295
-1.45166312353
-1.44698644839
-1.4435874994
-1.44346344507
-1.44345388884
-1.44006900682
-1.43992429168
-1.43420772544
-1.43410462024
-1.43407880847
-1.42941752004
-1.4260079639
-1.4259119989
-1.41547575288
-1.41540216895
-1.41536868337
-1.41189520076
-1.4095704206
-1.4095444481
-1.40487863604
-1.40261884358
-1.39790824135
-1.38854464711
-1.38744670601
-1.38740841896
-1.38738159927
-1.37810832819
-1.37714125921
-1.37694045813
-1.3736426483
-1.37346393791
-1.37343835161
-1.36997052679
-1.36781455394
-1.36294501567
-1.3596613614
-1.35951605613
-1.35947125496
-1.35020320676
-1.34918920918
-1.34672667605
-1.34211654786
-1.33977995111
-1.33640598812
-1.33630365973
-1.33625241032
-1.33516854838
-1.32816920649
-1.32815935821
-1.32132134035
-1.31895389488
-1.30732316225
-1.3042264416
-1.30394665806
-1.303944679
-1.30392701128
-1.3038937899
-1.30385530205
-1.30074926396
-1.2949569482
-1.29471030915
-1.29466082166
-1.29351889904
-1.28685396465
-1.28429508215
-1.27730906469
-1.2764465715
-1.2762490591
-1.27617831153
-1.26590468009
-1.2637428146
-1.26361907149
-1.26238150084
-1.25897003349
-1.25893821043
-1.25211676917
-1.24875252719
-1.24861474088
-1.24854037499
-1.242840554
-1.23822254824
-1.23148732975
-1.2314303055
-1.22573966685
-1.22500445827
-1.22155009277
-1.2211675936
-1.22112238051
-1.21757066111
-1.21579585938
-1.21196062991
-1.2118897991
-1.21183660306
-1.20774632194
-1.20741695458
-1.20733423613
-1.20162117165
-1.19740787033
-1.19018762244
-1.1847887209
-1.18452782918
-1.18442304751
-1.18346023198
-1.18324378744
-1.18114499906
-1.1766196193
-1.1698989172
-1.16968534975
-1.16618528966
-1.1627798094
-1.16064135358
-1.152750331
-1.15256958063
-1.15246596604
-1.14912235221
-1.13997240198
-1.13965414911
-1.13909617666
-1.13906661567
-1.13622378015
-1.13557324619
-1.13335666354
-1.13050960876
-1.13000601514
-1.1299215271
-1.12251630087
-1.11952674562
-1.11225039007
-1.1118219007
-1.11173344728
-1.11169508431
-1.11164086647
-1.11156951903
-1.10149274036
-1.09972027886
-1.09491753941
-1.09267883231
-1.08807203605
-1.08789804812
-1.08493624045
-1.08459957532
-1.08445147499
-1.08135912695
-1.08099899129
-1.07216944208
-1.06791042105
-1.06186966827
-1.06099196066
-1.05850694578
-1.04872965456
-1.04865684278
-1.04842478635
-1.04837255642
-1.04828496245
-1.04726724576
-1.04496715043
-1.04424105017
-1.04416777583
-1.03929465746
-1.03366934979
-1.0316412194
-1.03135985408
-1.03071276623
-1.03057531156
-1.02719140718
-1.02116942967
-1.01345337258
-1.00873198859
-1.00818631188
-1.00800289387
-1.00353189968
-1.00341335098
-1.00331997914
-1.00053641358
-0.998241273275
-0.994058053159
-0.993817190932
-0.993401195921
-0.986944266176
-0.978102196565
-0.977697994869
-0.977160067391
-0.976733945936
-0.976531962481
-0.970846292682
-0.9666890022
-0.958052401668
-0.953441129584
-0.951375877791
-0.950372830686
-0.950326679964
-0.949711262952
-0.947996157882
-0.946396690979
-0.942366554178
-0.941443114708
-0.941309567162
-0.937550279156
-0.936751358389
-0.936458766478
-0.936274883568
-0.934491962452
-0.924379239938
-0.923564120002
-0.923357904419
-0.919914867294
-0.91959517743
-0.913275178783
-0.912037208562
-0.900459770226
-0.899634209991
-0.898275476029
-0.897476659204
-0.896793968789
-0.896539682887
-0.893706165408
-0.887644051017
-0.887494856069
-0.887375124273
-0.887156171395
-0.880710357094
-0.878043690371
-0.877635592975
-0.867136663564
-0.861753048429
-0.861222420404
-0.86095460526
-0.859880119792
-0.853533356044
-0.8530784128
-0.848900637938
-0.848677940447
-0.845547056315
-0.844282470904
-0.844170704749
-0.840621468373
-0.839961101161
-0.838283747078
-0.832147795916
-0.830995191668
-0.830782213258
-0.830007497633
-0.826746993396
-0.82211417766
-0.820268289862
-0.817334350561
-0.816971044813
-0.81673428853
-0.809869301469
-0.808859366105
-0.808566313977
-0.800696346106
-0.798052278102
-0.795424246148
-0.795020209854
-0.792741527089
-0.791912438321
-0.78843348406
-0.781611098958
-0.778792121448
-0.778373948295
-0.777950727425
-0.777609385879
-0.773000478779
-0.76437849782
-0.764193481573
-0.764042551238
-0.761675418345
-0.759988076886
-0.754505742124
-0.748773165598
-0.741205129413
-0.739527223106
-0.739458679699
-0.739029312328
-0.738377668186
-0.738030557978
-0.737877837328
-0.734757333368
-0.733013934124
-0.732335788311
-0.73076972946
-0.730569757843
-0.728008421493
-0.724584141777
-0.715935090526
-0.715836501113
-0.714630126408
-0.713213801417
-0.712899393258
-0.703075805177
-0.702483045764
-0.699875904582
-0.695739273241
-0.690726751807
-0.690281531514
-0.689982028562
-0.688154285648
-0.686920387097
-0.686519914406
-0.684363925053
-0.682241255049
-0.677699399511
-0.674308672212
-0.671657323351
-0.671333965794
-0.66936284989
-0.663427731177
-0.662278844705
-0.653007738922
-0.651983970922
-0.651678387876
-0.651537263684
-0.649997571473
-0.638167269403
-0.634063578132
-0.633837024946
-0.633649504242
-0.632223228648
-0.62857118374
-0.627500753666
-0.625269998733
-0.624341461313
-0.62334473156
-0.623206218031
-0.623043050929
-0.619771557057
-0.61208116213
-0.610170498097
-0.609856283743
-0.609323620946
-0.608532884261
-0.608091336409
-0.605463740937
-0.602661979486
-0.602206245609
-0.595968932281
-0.5901563744
-0.588438921853
-0.587997932678
-0.586437334745
-0.58433089494
-0.575943259834
-0.569252785617
-0.56891440043
-0.566645578512
-0.56612075622
-0.564301728774
-0.562467672248
-0.559580769174
-0.558091265812
-0.557559991237
-0.557269201987
-0.556729756407
-0.556356456601
-0.555676154066
-0.547325181878
-0.541095049662
-0.541084939609
-0.536055861438
-0.533868040532
-0.528164890519
-0.523541540224
-0.520473994955
-0.51924206984
-0.518669310083
-0.51484959413
-0.511306349228
-0.508651865042
-0.508553714777
-0.508030719408
-0.507869413128
-0.502574970257
-0.500072839642
-0.499784864578
-0.497768365305
-0.49704653455
-0.496772134821
-0.496542016258
-0.494944556775
-0.491206413913
-0.487491792704
-0.485147124359
-0.482845430256
-0.482387074749
-0.47319251736
-0.472990709929
-0.472041111877
-0.471488097075
-0.471236840326
-0.463944966319
-0.459092790278
-0.457311252095
-0.45703383321
-0.456437561002
-0.450444917921
-0.448816090272
-0.446761937165
-0.446165943752
-0.442862221781
-0.442230827746
-0.436070621977
-0.428893313541
-0.427039697961
-0.426313999699
-0.425837291231
-0.424517331733
-0.422737950295
-0.422049326567
-0.417321267814
-0.416780224618
-0.416674071333
-0.416214599348
-0.404076901483
-0.403312195297
-0.401418191693
-0.391927041846
-0.389746569429
-0.388964847402
-0.387483271608
-0.386495534639
-0.386486204142
-0.383295227121
-0.383064504581
-0.381561997704
-0.381080882308
-0.380093871363
-0.379371671692
-0.373508225926
-0.373293272251
-0.371154078602
-0.370511623784
-0.37006401427
-0.363785434476
-0.356996000122
-0.353692635564
-0.353363420625
-0.353084003027
-0.35273499503
-0.351922642701
-0.349180129471
-0.348543340272
-0.344324192647
-0.337932264543
-0.330707879017
-0.330404633527
-0.32927456688
-0.328590905855
-0.32460780652
-0.322338457225
-0.321829009952
-0.319385092206
-0.318974851019
-0.318600772639
-0.318304202967
-0.312404489843
-0.311512524404
-0.308238160812
-0.303629905295
-0.303448180998
-0.301816004523
-0.292183350412
-0.283354317638
-0.282369597039
-0.282153621787
-0.281248011711
-0.280371853195
-0.280097312187
-0.279398752943
-0.271260643537
-0.270490830157
-0.269931298152
-0.264441524061
-0.264259477752
-0.261031627601
-0.261023983259
-0.26024427704
-0.260107410277
-0.255659652551
-0.255655725341
-0.251843234993
-0.25144001561
-0.248346550336
-0.248137548907
-0.243916136126
-0.238771552669
-0.238485199379
-0.236663040773
-0.234934396231
-0.234928244561
-0.234286986651
-0.234030102866
-0.228415370127
-0.226709113156
-0.225709797326
-0.212822077881
-0.210298069325
-0.209585568524
-0.208730970516
-0.208328808457
-0.204384260075
-0.203992522474
-0.203656312877
-0.196839252356
-0.19642832212
-0.195223704487
-0.194449362007
-0.189903641259
-0.184271677715
-0.183968648804
-0.181958132398
-0.180623982434
-0.179788009944
-0.178778190702
-0.175902693114
-0.174911503757
-0.174892839712
-0.168136881617
-0.165026181779
-0.161634628768
-0.160215800085
-0.158658871099
-0.151674827814
-0.15152636667
-0.137700354913
-0.136503729506
-0.135248449398
-0.134030542687
-0.132932416633
-0.132216701942
-0.132041878355
-0.13136046774
-0.130070190665
-0.127281910346
-0.127194936983
-0.126963012563
-0.126701553282
-0.119861407643
-0.119482344639
-0.11923342115
-0.11857355752
-0.117898326693
-0.114738788348
-0.114116750415
-0.112337698812
-0.109645821773
-0.104219191374
-0.102108501457
-0.0979495020797
-0.0937813116337
-0.0928876922083
-0.0902276969892
-0.0861882539609
-0.0854175277627
-0.0841576348053
-0.0841537182452
-0.0830494844974
-0.0800692401466
-0.0724974863976
-0.0682858418449
-0.0649655347104
-0.064498828673
-0.0633810709583
-0.0626803041305
-0.0588030267567
-0.0584077303785
-0.0580854636579
-0.0519652837469
-0.0503522225861
-0.0495199510348
-0.0490571464518
-0.0486557358625
-0.044214090478
-0.0405921268746
-0.0328777748233
-0.0323429291147
-0.0303773876104
-0.0280620493674
-0.0270204935705
-0.0264979993677
-0.0257420418405
-0.0254851321775
-0.0212594840021
-0.0118319999589
-0.00838449821993
-0.00679610071454
-0.00551480911975
-0.00540356856091
-0.00315758138106
3.01584526706e-05
0.00269226572406
0.00287962468723
0.00384654759794
0.00533898442638
0.00996010246145
0.0109238282968
0.0114774997794
0.0127627778024
0.0156006876742
0.0184837393014
0.0198433024811
0.0222929560064
0.0230826457055
0.0275428271361
0.0276010349344
0.0284375698426
0.0299861727519
0.0303687885042
0.0339184560193
0.0376020899858
0.038667879085
0.0394765043492
0.0415497626752
0.047625712638
0.0493032394039
0.0524776039417
0.0524858024434
0.0536712674073
0.0633986313091
0.068730852778
0.0694316093185
0.0696490904334
0.0715460702404
0.0718017386887
0.0731465542157
0.0731634584821
0.0734463118231
0.0761432147994
0.0812185551653
0.0818327221084
0.0856157198899
0.0859290154233
0.0870491292033
0.0909893790625
0.0965865829716
0.0992123309605
0.100467062596
0.101064225812
0.110486554397
0.111029928481
0.11150602371
0.114107748853
0.11915280549
0.12291173733
0.124643943513
0.126802988371
0.127366167015
0.128399798551
0.130855173199
0.131522195957
0.13267736337
0.133895186749
0.134694143192
0.13755742562
0.13997653437
0.141526215164
0.141960316361
0.145377106981
0.146734482866
0.147363078803
0.149524189852
0.151583267943
0.153855114223
0.154705362216
0.155871855294
0.15684495067
0.162405420873
0.164320434765
0.16841076984
0.172503093073
0.174491308388
0.175721735654
0.175842094382
0.177508633655
0.182046576778
0.183312768471
0.184633874404
0.190225964012
0.192872487293
0.19773580116
0.199565366674
0.200185365567
0.200808074184
0.201770242262
0.203340226309
0.204896739511
0.205417370161
0.206530795355
0.208853905241
0.212560065402
0.214020781782
0.215459223796
0.219509695508
0.226919698976
0.229746184428
0.231670719792
0.232490725077
0.232538123718
0.234115857342
0.235194931299
0.236544058292
0.238436623027
0.240264630173
0.242074853907
0.249139497639
0.249545709112
0.256190106663
0.256918262899
0.261147428644
0.265530788825
0.268245639627
0.271405470855
0.275207308779
0.275841864055
0.276403406704
0.276491987227
0.276667557113
0.276745506062
0.280331483961
0.280601748642
0.283578205602
0.284025438985
0.284571817238
0.285083258254
0.28532278911
0.286234693024
0.287056353385
0.293470051683
0.294347868251
0.296459110057
0.297914163103
0.300645019068
0.300952222682
0.302171857585
0.304989703061
0.306215038129
0.314465099562
0.315502482215
0.318570044834
0.319126693943
0.321760865382
0.325557694939
0.327197891817
0.329303046749
0.333724818793
0.334194036579
0.337568943704
0.339595429618
0.343587496762
0.345552814644
0.347360170751
0.348024796226
0.351841902012
0.352061023265
0.357373344492
0.35748227113
0.358269175105
0.359882675219
0.360262355189
0.363094722572
0.365735697922
0.365965148208
0.366842662678
0.367406838922
0.368545668959
0.371491076914
0.375875271542
0.379934355032
0.389812274912
0.393116147981
0.394119879739
0.394285219694
0.397446105428
0.398922752663
0.399397732028
0.400759879874
0.401181648147
0.402451786828
0.404282847262
0.406404083365
0.409556155703
0.414805204128
0.415189410572
0.416688781702
0.416688881442
0.419050622134
0.419636449579
0.419915358539
0.420840254657
0.422144608226
0.427253498077
0.431208570147
0.431565074828
0.432359728841
0.437079893052
0.442177642273
0.443054612993
0.444201139998
0.444938786432
0.44559808486
0.447307802825
0.449725228218
0.451608025731
0.451954816081
0.452236750029
0.453283433717
0.45659850122
0.459751534063
0.461953326684
0.464387472977
0.466117212866
0.469548297351
0.472179246414
0.479581589351
0.480149368856
0.481372144391
0.48228718541
0.485564430554
0.485661153499
0.487956453336
0.489776534004
0.491474409678
0.491819736811
0.498334900941
0.498628865501
0.498763110316
0.503164456158
0.505613106195
0.50566389901
0.506323712375
0.509367168479
0.516687383058
0.516752740875
0.517515774014
0.519204765926
0.528065974404
0.528599931569
0.529730629527
0.529781117481
0.530925003469
0.530953344059
0.536344668095
0.538009866718
0.539352134514
0.544506320682
0.545314422329
0.548463805447
0.54975835784
0.553708274614
0.554420860335
0.556582197731
0.556923372418
0.558568422239
0.560284539603
0.561029448467
0.56104106201
0.562557888498
0.563822265708
0.564538034514
0.565550609865
0.566180256887
0.568512599599
0.570452664921
0.572950193921
0.575925130151
0.57944345754
0.579822434061
0.580757138071
0.581930817466
0.582408210374
0.587249597602
0.588117807679
0.595460453525
0.59701229915
0.597045367975
0.60516058556
0.60709418505
0.607395126541
0.611023660287
0.61293302566
0.615875562446
0.617014621735
0.617868806157
0.618640065822
0.621308632605
0.622122121794
0.624667280439
0.626434068083
0.628141801637
0.62859962172
0.633019788785
0.633191696035
0.635985821281
0.636197215221
0.63762321466
0.638034192126
0.63814302083
0.640363800286
0.643189820097
0.647853718661
0.6481645511
0.651806058447
0.656392465794
0.659547059964
0.665592775003
0.667089126542
0.669691611542
0.670844903936
0.670941005297
0.672102281507
0.672286718388
0.675047006674
0.677971917487
0.681118375357
0.682798923808
0.684205948574
0.687358437275
0.689013267307
0.692403672173
0.692403672173
0.692403672173
0.692403672173
0.692607999303
0.693150823329
0.696379442775
0.696841446519
0.699723859915
0.699947740533
0.700136623242
0.700925029458
0.701855592988
0.703451663116
0.70562697269
0.709367978104
0.710233191439
0.712149253718
0.712185449203
0.713726312338
0.713738838895
0.717223937501
0.718508956576
0.720856208744
0.723007562618
0.725983182827
0.729412193372
0.729627783142
0.732468902548
0.734051511996
0.734397067184
0.734740282225
0.738183658235
0.740699497715
0.740961152689
0.745729407574
0.748652634603
0.749972273998
0.751003654183
0.757651998405
0.759479798471
0.760883208052
0.762953052693
0.76380172395
0.76664390012
0.767560572036
0.769148215042
0.770018127242
0.772453799203
0.774772056878
0.779943125388
0.781379733775
0.78494444377
0.786555426127
0.787137650403
0.787139313879
0.793183005215
0.793777659597
0.794169014667
0.795068808476
0.797276282273
0.798958661876
0.800395222188
0.80074680446
0.805593106903
0.807565462139
0.808676054782
0.80887978772
0.809326697435
0.810760126363
0.813179332192
0.822204896821
0.825245555801
0.825366990979
0.826077603416
0.830632499333
0.832145082604
0.836696739205
0.837104742572
0.837563881855
0.837994431947
0.838144896494
0.839310300012
0.840883368539
0.84144538838
0.842613252486
0.843826051973
0.844973619506
0.845347996753
0.846338541931
0.846630718159
0.847355795304
0.847442968472
0.857510661364
0.858965423013
0.861133874131
0.86113648249
0.863369605053
0.864304978187
0.866468848568
0.872375689559
0.872546197951
0.877680946172
0.881464863773
0.883435501857
0.884735208064
0.885512181401
0.887146239636
0.888166725936
0.88855054606
0.88934378986
0.891192824564
0.893133841859
0.897323263532
0.899178844444
0.901581216647
0.903910149772
0.90580539906
0.906038555913
0.907631502892
0.908229434453
0.912788801166
0.912922511156
0.913777467454
0.916222788434
0.917568852945
0.917971113364
0.921725918188
0.923773549597
0.925437483995
0.927401483947
0.927834174499
0.929039172324
0.930549340053
0.93580489359
0.940707678553
0.944592326372
0.945645490391
0.94703502163
0.951079104991
0.952026549504
0.954134538281
0.956331631258
0.958316799457
0.958333055074
0.961495632467
0.962246181296
0.962689023774
0.96678900402
0.968817956434
0.970566709452
0.972231077983
0.973366428616
0.974189870268
0.974414336454
0.974430028246
0.977130601075
0.977313975923
0.978085206921
0.978932715951
0.979148649417
0.982379104739
0.983688332162
0.984558316663
0.988197759436
0.9901039957
0.991050715221
0.992204223594
0.995271596991
0.995997764617
0.996749932061
1.00114338198
1.00636400644
1.00892392775
1.01042891356
1.0111786338
1.01133879402
1.01147614582
1.01351236162
1.01663749998
1.01774408651
1.02153851964
1.02196744077
1.02240426906
1.02328976528
1.02462657942
1.02489711996
1.0379670039
1.03895414508
1.03912149052
1.04210697499
1.04235772098
1.04258657113
1.04293984163
1.04526310134
1.04715881598
1.04831756725
1.05240046734
1.05632164399
1.06177182188
1.06209234182
1.06216747453
1.06243443984
1.06390123726
1.06658545461
1.06687456275
1.0683073052
1.06909889108
1.07126466028
1.07552362536
1.07553927764
1.07568917961
1.07774952415
1.08030245678
1.0832835934
1.08380214056
1.08452766898
1.0848679179
1.08911069129
1.08983492022
1.09140721626
1.09375296971
1.09461040641
1.09994437493
1.10324402875
1.10532951275
1.10740207919
1.10745539456
1.10872298202
1.10954076989
1.11034610121
1.11096663316
1.1127988528
1.1127988528
1.11549980856
1.11588858995
1.11697361904
1.1181701107
1.11818710689
1.11818710689
1.11992810539
1.1200175821
1.12088077513
1.12237662958
1.12337708464
1.1242003179
1.12536186643
1.12703047923
1.12703047923
1.12864619536
1.12939183792
1.13301680729
1.13440556111
1.13743743647
1.13881381459
1.13912592376
1.13912592376
1.14240405551
1.14585595211
1.14640684391
1.1501603486
1.15367389837
1.15416074619
1.15419389292
1.15419389292
1.15497883822
1.15619833268
1.15822842442
1.15897144961
1.15977830005
1.1604473309
1.16311629539
1.16363311225
1.16776527159
1.17112905341
1.17188243721
1.17188243721
1.171900973
1.17608234944
1.17609742015
1.17753530106
1.17782124933
1.17892151813
1.18217241
1.18311164244
1.18337303312
1.18603888619
1.18747324726
1.18970396038
1.19173729069
1.19177197175
1.19177197175
1.1932214349
1.19598595208
1.19689396446
1.19827312403
1.19857325363
1.19888847847
1.20062681108
1.20447948141
1.20521564981
1.20585172956
1.2106319677
1.21338078645
1.21338078645
1.21786559979
1.22018222554
1.22073949542
1.22187632832
1.22236924579
1.22341761787
1.22345897791
1.22880530452
1.23111250623
1.23252049912
1.23257816752
1.23303566574
1.23617162686
1.23617162686
1.23633831356
1.23731947896
1.23855702099
1.24042114641
1.24170447014
1.2439687183
1.24508030456
1.24541110441
1.2460068418
1.24653762611
1.24803791099
1.25085078724
1.25090596758
1.25344326676
1.25350226522
1.25435191834
1.25461474645
1.25604529544
1.25779821113
1.25817444764
1.25890025498
1.25955986803
1.25955986803
1.26234973703
1.2674670296
1.26750997846
1.26832489121
1.27169681097
1.27297897552
1.27659525247
1.28080274652
1.28108251714
1.2813317689
1.28292390193
1.28292390193
1.28768402542
1.2878346444
1.28793581076
1.29105563123
1.29200581998
1.29213659751
1.29432101389
1.29511390822
1.29716210982
1.30263413357
1.30295657068
1.30342344597
1.30378090595
1.30551470038
1.3056183361
1.3056183361
1.30573814368
1.30671019073
1.30944787187
1.31045156464
1.31098363027
1.31577538513
1.31820889572
1.32369148802
1.32397851828
1.32428199603
1.32460167131
1.32583425172
1.32699044256
1.32699044256
1.33701732583
1.33712335911
1.33820330099
1.33851549029
1.33993518951
1.34201968079
1.34241588225
1.34264928842
1.34317138894
1.34422844359
1.34439291656
1.34639998915
1.34639998915
1.34644526808
1.34644665087
1.34794410287
1.34890459641
1.34925623189
1.35190088985
1.35287539781
1.35581287594
1.35588255371
1.35796368174
1.35952728807
1.3611499033
1.36156319655
1.3632421274
1.3632421274
1.36594576794
1.36657140045
1.36678943964
1.36931625726
1.36956792112
1.37203596439
1.37376040833
1.37561804107
1.37627591821
1.37697242797
1.37697242797
1.3775944181
1.38125539418
1.38296162767
1.38368474317
1.38704161972
1.3871325172
1.3871325172
1.38779076839
1.38834361751
1.38890415094
1.39020299605
1.39337419149
1.39337419149
1.39434357212
1.39532942165
1.39537827793
1.39712889119
1.39807443669
1.4002741055
1.40061658956
1.403043876
1.40314046217
1.4078271839
1.41152011378
1.41519662086
1.41697330748
1.4192883466
1.4208834471
1.42360906054
1.42541525044
1.42602024074
1.42668554621
1.4268063941
1.42971830191
1.42980620371
1.43084981854
1.43097457265
1.43286400839
1.43424089254
1.43667936849
1.43721812189
1.43988108523
1.44067200305
1.44105881491
1.44768335175
1.44775296189
1.44861614272
1.44898213145
1.44904647398
1.4501632716
1.45329318532
1.4553560254
1.45573703749
1.4558299691
1.45610818558
1.45610818558
1.45783203589
1.45871784548
1.45900616025
1.45900616025
1.4592598927
1.45993446539
1.46203988278
1.46382705582
1.46382705582
1.46436158795
1.46757224571
1.47008668895
1.47055735202
1.47055735202
1.47256361012
1.47367372955
1.47530836447
1.47591935253
1.47715632356
1.47765193433
1.47917825337
1.47917825337
1.4823396921
1.48262876594
1.48280271693
1.48447806656
1.48523899901
1.48575537377
1.48640254996
1.48745579419
1.4877217466
1.48966579903
1.48966579903
1.49028532576
1.49697606437
1.49735219537
1.49781164989
1.49796264605
1.49869284006
1.49991331653
1.50095994664
1.50186353268
1.50199098338
1.50199098338
1.50344042955
1.50679471335
1.50988910168
1.51163322782
1.51611988325
1.51611988325
1.5183628379
1.51891106245
1.51947857959
1.52084512711
1.5217582188
1.52336584188
1.52347749136
1.52468212573
1.52513297489
1.5257531222
1.52631256641
1.52794411851
1.52806452513
1.53102675195
1.53201378955
1.53201378955
1.53572716909
1.53716543802
1.53730068657
1.537603609
1.53997249732
1.54058396731
1.54289568676
1.5460200635
1.54662557935
1.54814961104
1.54850477269
1.54948139252
1.54962934153
1.54962934153
1.55169428821
1.55271882785
1.55328747442
1.55594021821
1.5560479302
1.55624634628
1.55735274474
1.55947679024
1.56237228862
1.56498268516
1.56729283444
1.56824591503
1.56835686428
1.56836258668
1.56891866225
1.56891866225
1.56980598356
1.57349263777
1.57363508715
1.57397635888
1.57745603415
1.57791354061
1.58061237231
1.58183494381
1.58191862193
1.58197535801
1.58500740137
1.58660033811
1.58982949352
1.58982949352
1.59002270104
1.590039552
1.5911726624
1.59192386479
1.59267768974
1.59578178907
1.59738427879
1.59748691052
1.59783268125
1.60126666275
1.60261979042
1.60321759029
1.60423179806
1.60776835403
1.6123053289
1.6123053289
1.61257052576
1.61399162218
1.61441516159
1.61457696893
1.61483565035
1.61484739783
1.6155918398
1.6163348642
1.61856100347
1.61874479674
1.61996579723
1.62024691127
1.62206547049
1.6222614515
1.62594359731
1.62742151697
1.63098798835
1.63300321704
1.63402060187
1.63404250265
1.63544622219
1.6362855436
1.6362855436
1.6391985788
1.64018788413
1.64021810283
1.64130363589
1.64164751257
1.64203217164
1.64365067822
1.64721510066
1.6478612601
1.64801249483
1.65027940119
1.65120535589
1.65142371748
1.65307620814
1.65431665871
1.65449248814
1.65997328787
1.66075248108
1.6617055203
1.6617055203
1.66215671106
1.66322329609
1.66329200003
1.6634024962
1.66422178141
1.6691139912
1.66934821069
1.67043775791
1.67066597743
1.67079474361
1.67314499284
1.67418655274
1.67455425683
1.67533380893
1.67710197822
1.68261422329
1.68347026385
1.68436366741
1.68441714144
1.68735831157
1.68746251392
1.6875893424
1.68767906746
1.68849677066
1.68849677066
1.69013159506
1.69026432575
1.69734963219
1.69847236691
1.69879369929
1.69936155738
1.69987246022
1.6999376333
1.70116497006
1.70192767524
1.705256722
1.70738408538
1.70757735287
1.70935773338
1.71091458432
1.71129424981
1.71201401571
1.71350147057
1.71463146183
1.71658705209
1.71658705209
1.71710659626
1.71751886212
1.71878048311
1.71909149065
1.72075560479
1.72136652201
1.72171345159
1.72370386513
1.72481448502
1.72636453141
1.72730081815
1.72926574693
1.7292672047
1.73011036139
1.73048550837
1.73161986403
1.73183212785
1.73378337385
1.73384277673
1.7341665804
1.74130871885
1.74160659731
1.74207261907
1.74304559484
1.74509025094
1.74511518734
1.74590048002
1.74590048002
1.74650079094
1.74966336287
1.75081965074
1.75089280988
1.75099649062
1.75179495494
1.75290832765
1.75455341285
1.75459134154
1.75886677627
1.75900896621
1.75941330898
1.75964788976
1.76218151737
1.76255274138
1.76489698896
1.76510929312
1.76644989849
1.76712059845
1.76809435439
1.76824245065
1.76887440583
1.76943126396
1.77032167524
1.77221015153
1.77263972968
1.77635763545
1.77635763545
1.77728421448
1.77739932053
1.77963711769
1.78031486432
1.78215007328
1.78230928179
1.78965795331
1.78988069924
1.79110124987
1.7957679309
1.79620238057
1.79715355575
1.79735092277
1.79831105545
1.7989862573
1.79908425688
1.79966180235
1.80007064133
1.80220801503
1.80248128017
1.80320867992
1.80329963612
1.80384226738
1.80414789529
1.80448647993
1.80465876834
1.80655149908
1.8074456787
1.80767658033
1.80781611634
1.80787566805
1.80787566805
1.80896780725
1.80970849989
1.81134932558
1.8116197766
1.81189485659
1.81442761967
1.81451157786
1.81531703247
1.81589691121
1.81723480202
1.81921598775
1.81974458963
1.82146665375
1.82307770228
1.82357069816
1.82546772977
1.82569480447
1.82656531697
1.82743640132
1.82835752793
1.82909918142
1.83037152703
1.83278186275
1.83355030617
1.83394211056
1.83395586389
1.83604135144
1.83618559053
1.83912041492
1.84036839416
1.84036839416
1.84193944424
1.84245399209
1.84274459758
1.84317436071
1.84323748766
1.8448678697
1.84503688955
1.84595927664
1.84894695232
1.84927692262
1.84986082212
1.85005066743
1.85126653233
1.85153878635
1.85296961815
1.85404510538
1.85516778162
1.85571950802
1.85582362273
1.85670326909
1.8567583022
1.85777404018
1.86027645522
1.86100091771
1.86417383895
1.86452214728
1.86480540225
1.86622884299
1.86722123323
1.86959423095
1.87106167581
1.87147178344
1.87309565459
1.87349206394
1.8737463892
1.8737463892
1.87455604597
1.8751335298
1.87858224904
1.87916608061
1.87948156972
1.87969730666
1.8800112561
1.88170931146
1.88207711388
1.88467408013
1.88487631809
1.88516093165
1.88525191737
1.88557258113
1.88581140705
1.88671891661
1.88901861723
1.8893951888
1.89031817011
1.89280277115
1.89311589278
1.89337181347
1.89492127964
1.89563998504
1.89563998504
1.89563998504
1.89563998504
1.89563998504
1.89563998504
1.89563998504
1.89563998504
1.89563998504
1.89563998504
1.89563998504
1.89563998504
1.89563998504
1.89563998504
1.89563998504
1.89563998504
1.89563998504
1.89563998504
1.89563998504
1.89563998504
1.89631419804
1.8979166257
1.89830854399
1.90020565483
1.90045134163
1.9015386283
1.90233405066
1.90470290917
1.90575916898
1.90586544441
1.90630205731
1.90777263474
1.90791707302
1.90791707302
1.90950908264
1.90966924303
1.91109797296
1.91166847031
1.9119094131
1.91253312338
1.91371623779
1.91382877866
1.91487265255
1.9150341626
1.91547857692
1.91688880287
1.91699705881
1.92219010564
1.92328078381
1.92364496225
1.92537163276
1.92863384042
1.9291947311
1.92948285301
1.92963157997
1.9314635248
1.93419740758
1.93482930964
1.93570531596
1.93600270448
1.93628517606
1.93886567509
1.94114252199
1.94204395421
1.94223973327
1.94256941358
1.9427847859
1.9427847859
1.94311907862
1.9439435264
1.9441597057
1.94503265797
1.94558177655
1.94695531895
1.94800934561
1.94867505242
1.94885130276
1.94959990267
1.95010451361
1.95153713076
1.95334369957
1.95480621413
1.95576685621
1.95816047173
1.96039373221
1.96071408597
1.96204554697
1.9646638275
1.96557552781
1.96598180914
1.96719262709
1.96767209381
1.97031569673
1.97203862646
1.97236678405
1.97392196259
1.97458108813
1.97461060253
1.97523627477
1.97615796591
1.97825085201
1.97825085201
1.9783416176
1.97882444858
1.97898870293
1.98007202094
1.98092605582
1.9815705594
1.98227910764
1.98229152751
1.98308020054
1.98424481288
1.98548275007
1.98634513776
1.98713384616
1.98785635382
1.98876750078
1.98907195504
1.98909059482
1.9920736253
1.99279822801
1.99389577563
1.99625600949
1.99723228901
1.99839818119
1.99860108499
2.00138439953
2.00342526532
2.00345151327
2.00484650109
2.00599740087
2.00740302613
2.01008773013
2.01069166511
2.01421362579
2.01421362579
2.01528714052
2.01812574943
2.01872952061
2.02173601322
2.02184660383
2.02227224513
2.02390714488
2.02404447397
2.0252543589
2.02555569071
2.02721651364
2.0297322108
2.02997560601
2.03097099901
2.03183917558
2.03185120203
2.03186709578
2.03305220787
2.03442747107
2.03693796544
2.03767427345
2.0383928454
2.03929191555
2.04294806847
2.04391884848
2.05056851496
2.05056851496
2.05138672417
2.05188157785
2.05195427466
2.05302161529
2.05476506287
2.05549544883
2.05691908945
2.05793601351
2.05838931697
2.05978073021
2.06292238415
2.06658074613
2.06743263891
2.06751292742
2.06758883374
2.06852898189
2.069057422
2.06931882612
2.07222500383
2.07666589042
2.07799728747
2.07824371096
2.07918480043
2.079660919
2.07986554508
2.08060307563
2.08090365435
2.08179646811
2.08209765943
2.08342111965
2.08353671414
2.08449286013
2.08476028172
2.08505425357
2.08620652755
2.08638835657
2.08686729688
2.0872079729
2.0872079729
2.09771379094
2.09984597736
2.10208957014
2.10287828547
2.10329435636
2.10409914225
2.10717475597
2.11058916091
2.11111347609
2.11320841723
2.11749145883
2.11811959428
2.11947861428
2.11985539355
2.12145865928
2.12314586283
2.12402145195
2.12402145195
2.12724975178
2.12728149568
2.12750504717
2.12887022745
2.12890565137
2.13146036422
2.13415149404
2.13589331134
2.13740897221
2.13970883692
2.14026187897
2.14168501818
2.14303350944
2.14659690804
2.14775686032
2.14886815019
2.14974039148
2.15046782834
2.15047336889
2.15209074003
2.15281228239
2.1548774125
2.15568487628
2.15672437312
2.15917234646
2.15942226631
2.16089531022
2.16089531022
2.16121356714
2.16618241833
2.16648323667
2.1712566237
2.17157932265
2.17384464772
2.17465824912
2.17568813027
2.17753250698
2.17883534922
2.17970254042
2.18073114442
2.18407080882
2.18682879875
2.18787841366
2.18827807573
2.19022282165
2.19097276203
2.19366600089
2.1938352013
2.19771267004
2.19771267004
2.19830146374
2.19930250989
2.20035580042
2.20233149606
2.2115217813
2.21405619674
2.21518564919
2.21563624665
2.21700946062
2.21784198599
2.221159759
2.22167480981
2.22178170042
2.22236662259
2.22301734795
2.2234596058
2.22367310416
2.22619204931
2.22665621158
2.22763032781
2.23299937637
2.23328803034
2.23376747878
2.23429845929
2.23435324168
2.23435324168
2.23451456323
2.24511128332
2.24565629674
2.24760663158
2.2487010548
2.2492363968
2.25566436478
2.2559448963
2.26290286182
2.2642671795
2.26458919424
2.26558277014
2.2671980631
2.26728254185
2.27051010347
2.27064478912
2.27069316237
2.27069316237
2.27078009836
2.27082644482
2.27128426948
2.27485094877
2.27595554941
2.27851682317
2.28056753794
2.2822011515
2.28394260295
2.28910292575
2.29385372079
2.29515638362
2.29746644529
2.3017636177
2.30576007491
2.30590367873
2.30660497837
2.30660497837
2.306762024
2.30892593685
2.3098748188
2.3099421766
2.31031980548
2.3111149864
2.31316055804
2.31390597064
2.31515981681
2.31649108412
2.32002008004
2.32019377647
2.32060966539
2.32830962823
2.33071856991
2.33148180027
2.33823987974
2.34171386656
2.34195805073
2.34195805073
2.34239404262
2.34405836821
2.3454462624
2.34766382328
2.35373257204
2.35465589543
2.3571650671
2.35959681884
2.36101073261
2.36156166817
2.36262490715
2.36425809561
2.36515108156
2.36633852909
2.36644278377
2.36736708027
2.37140325586
2.37661994012
2.37661994012
2.3776597403
2.38114027054
2.38202107404
2.38295366611
2.38475811359
2.392872116
2.39536185484
2.39683829343
2.39794883661
2.40150887611
2.4019951697
2.40212188865
2.40255412613
2.40303286158
2.40363045931
2.40619843008
2.40912298851
2.41045975235
2.41045975235
2.4133171303
2.41436410105
2.41465991023
2.41475934161
2.4228337083
2.42852599335
2.43149030867
2.43368188258
2.43591532779
2.43794596874
2.44142791531
2.44335490615
2.44335490615
2.44386273446
2.44395298959
2.44803249573
2.45039942538
2.4515254991
2.45544750168
2.45697595448
2.46177092242
2.46194450007
2.46253474027
2.46479875546
2.46491653661
2.46952507475
2.47467800596
2.47520283722
2.47520283722
2.48080336804
2.48117128522
2.48260602502
2.48324006963
2.4863053832
2.49589396439
2.4959547693
2.49630050147
2.49757945743
2.50008266587
2.50129117219
2.50244026062
2.50253558282
2.50312201228
2.5050866807
2.50593762072
2.50593762072
2.50942303383
2.51497500438
2.51680857552
2.51712915937
2.51775290137
2.52667512935
2.53343226288
2.53437062604
2.53554702051
2.53554702051
2.53829994597
2.53970583757
2.54251518874
2.54298870604
2.54342151848
2.54465715408
2.54619966551
2.55414554829
2.56345487649
2.56407912241
2.56407912241
2.56685036166
2.56705695414
2.56821110814
2.5695814247
2.57063347046
2.5761734792
2.57851759071
2.58216779919
2.5884142271
2.58908623782
2.58911589405
2.59162624893
2.59162624893
2.59343912926
2.59366395977
2.60259473679
2.60266470674
2.60276322776
2.60892156337
2.60970532651
2.60982687599
2.61108864438
2.61403233956
2.61828532002
2.61828532002
2.61839978861
2.61897396146
2.62201546046
2.62621127831
2.62666424349
2.62984106018
2.63390036324
2.63877039187
2.64411285322
2.64411285322
2.64478294921
2.64791828844
2.6485966078
2.65051369694
2.6535478196
2.66557548948
2.66909913829
2.66909913829
2.67586656928
2.67777092067
2.67900876698
2.67971994653
2.68021188017
2.68072689262
2.68158381954
2.68347204851
2.68570342862
2.69317103035
2.69317103035
2.69941880137
2.70126046369
2.70186093361
2.70215398934
2.70951443079
2.71473036835
2.7162133197
2.7162133197
2.71684956368
2.72118172493
2.72305495512
2.72387366442
2.72406041264
2.72416519618
2.72660017157
2.72788298625
2.72911249554
2.73399798609
2.7380929307
2.7380929307
2.74233590148
2.74275965419
2.7559883684
2.75677853359
2.75827549733
2.75867666925
2.75867666925
2.76651301204
2.76668133588
2.7759253456
2.77784099789
2.77784099789
2.78432558627
2.78751152466
2.79320577416
2.79547600691
2.79547600691
2.79569206383
2.7985031908
2.7987125323
2.79926505945
2.80270997441
2.80895229994
2.81148615578
2.81148615578
2.81246755363
2.81367385645
2.81552815272
2.81991677762
2.82257712893
2.82578957697
2.82578957697
2.83073046718
2.83769373755
2.83831692337
2.83831692337
2.84145017688
2.84392680473
2.84501056596
2.84631548179
2.84901021153
2.84901021153
2.84926993258
2.85329017811
2.85782183056
2.85782183056
2.86022431237
2.86046687398
2.86448397635
2.86456386213
2.86471375692
2.86471375692
2.86965696311
2.86965696311
2.87263099386
2.87263099386
2.87264313072
2.88023723748
2.89173604178
2.89585331342
2.90229468192
2.9098151063
2.90996836461
2.91400021539
2.92000310566
2.9250212037
2.92564422475
2.9256925237
2.92752357423
2.92914374966
2.94856057211
2.95012094227
2.9561100622
2.96272390795
2.96329393574
2.96458600053
2.96887608957
2.97501315461
2.97521410379
2.97862045785
2.98441614139
2.98985911753
2.99073225537
2.99166030253
2.99826412479
3.02393122923
3.03497060245
3.03590370638
3.03766064999
3.04197070143
3.04254278067
3.05594631123
3.05667573052
3.05946724431
3.06471898227
3.07613446906
3.08391321761
3.0858757491
3.08782830696
3.09609701799
3.09642190973
3.09686161379
3.11013859951
3.11398227621
3.1187856659
3.12227581857
3.13354471652
3.15479607969
3.15899521627
3.15899521627
3.15984302357
3.15984302357
3.16076955322
3.16122016422
3.16122016422
3.16273822296
3.16307448488
3.16307448488
3.16533625069
3.16533625069
3.16792135
3.16792135
3.17073528312
3.17073528312
3.17303705763
3.17367779448
3.17367779448
3.17664793516
3.17664793516
3.17954925474
3.17954925474
3.17959095081
3.18229472862
3.18229472862
3.18481095009
3.18481095009
3.18704108375
3.18704108375
3.18804787304
3.18894612418
3.18894612418
3.19005203217
3.19050416167
3.19050416167
3.19170763668
3.19170763668
3.19255894519
3.19255894519
3.19306516757
3.19306516757
3.19982671639
3.20411066826
3.21086932261
3.22304769114
3.2242721367
3.23112514428
3.24317761842
3.25015617186
3.25338533273
3.25414941341
3.2626800385
3.30774340709
3.30784694907
3.31735033821
3.32158482267
3.32226129696
3.34298700629
3.34635043289
3.36371426916
3.36557954143
3.37841012352
3.39348238743
3.39571208518
3.43390662558
3.45822778549
3.46516203286
3.4789678892
3.49864983926
3.50465181423
3.53529589431
3.54125485987
3.54125485987
3.54125485987
3.54125485987
3.60105400606
3.65632106486
3.69173672033
3.70584819301
3.70930808564
3.70990951628
3.70999051966
3.70999920633
3.70999994775
3.70999999736
3.7099999999
3.71
3.71
3.71
3.71
3.71
3.71
3.71
3.71
3.71
3.71
3.71
3.71
3.71
3.71
3.71
3.71
3.71
3.71
3.71
3.71
3.7100000001
3.71000000264
3.71000005225
3.71000079367
3.71000948034
3.71009048372
3.71069191436
3.71415180699
3.72826327967
3.76367893514
3.81894599394
3.88470410569
3.91534818577
3.92135016074
3.9410321108
3.95483796714
3.96177221451
3.98609337442
4.02428791482
4.02651761257
4.04158987648
4.05442045857
4.05628573084
4.07364956711
4.07701299371
4.09773870304
4.09841517733
4.10264966179
4.11215305093
4.11225659291
4.1573199615
4.16585058659
4.16661466727
4.16984382814
4.17682238158
4.18887485572
4.1957278633
4.19695230886
4.20913067739
4.21588933174
4.22017328361
4.22994796783
4.23195212696
4.24040904919
4.24696294237
4.25726177704
4.25923044678
4.26520392031
4.28645528348
4.29772418143
4.3012143341
4.30601772379
4.30986140049
4.32313838621
4.32357809027
4.32390298201
4.33217169304
4.3341242509
4.33608678239
4.34386553094
4.35528101773
4.36053275569
4.36332426948
4.36405368877
4.37745721933
4.37802929857
4.38233935001
4.38409629362
4.38502939755
4.39606877077
4.42173587521
4.42833969747
4.42926774463
4.43014088247
4.43558385861
4.44137954215
4.44478589621
4.44498684539
4.45112391043
4.45541399947
4.45670606426
4.45727609205
4.4638899378
4.46987905773
4.47143942789
4.49085625034
4.49247642577
4.4943074763
4.49435577525
4.4949787963
4.49999689434
4.50599978461
4.51003163539
4.5101848937
4.51770531808
4.52414668658
4.52826395822
4.53976276252
4.54735686928
4.55543613787
4.55551602365
4.55953312602
4.55977568763
4.56670982189
4.57073006742
4.57368451821
4.57498943404
4.57607319527
4.57854982312
4.58230626245
4.58926953282
4.59742287107
4.60008322238
4.60447184728
4.60632614355
4.60753244637
4.61104770006
4.61729002559
4.62073494055
4.6212874677
4.6214968092
4.62430793617
4.62679422584
4.63248847534
4.63567441373
4.6440746544
4.65331866412
4.65348698796
4.66172450267
4.66322146641
4.6640116316
4.67724034581
4.67766409852
4.68600201391
4.69088750446
4.69211701375
4.69339982843
4.69583480382
4.69593958736
4.69612633558
4.69694504488
4.69881827507
4.70315043632
4.70526963165
4.71048556921
4.71784601066
4.71813906639
4.71873953631
4.72058119863
4.73429657138
4.73652795149
4.73841618046
4.73927310738
4.73978811983
4.74028005347
4.74099123302
4.74222907933
4.74413343072
4.75442451052
4.7664521804
4.76948630306
4.7714033922
4.77208171156
4.77521705079
4.78122960813
4.78609963676
4.79015893982
4.79333575651
4.79378872169
4.79798453954
4.80102603854
4.80160021139
4.80596766044
4.80891135562
4.81017312401
4.81029467349
4.81107843663
4.81723677224
4.81733529326
4.81740526321
4.82633604023
4.82656087074
4.83088410595
4.83091376218
4.8315857729
4.83783220081
4.84148240929
4.8438265208
4.84936652954
4.8504185753
4.85178889186
4.85294304586
4.85314963834
4.85654512351
4.86585445171
4.87380033449
4.87534284592
4.87657848152
4.87701129396
4.87748481126
4.88029416243
4.88170005403
4.88562937396
4.88656773712
4.89332487065
4.90224709863
4.90287084063
4.90319142448
4.90502499562
4.91057696617
4.9149133193
4.91687798772
4.91746441718
4.91755973938
4.91870882781
4.91991733413
4.92242054257
4.92369949853
4.9240452307
4.92410603561
4.9336946168
4.93675993037
4.93739397498
4.93882871478
4.93919663196
4.94532199404
4.95047492525
4.95508346339
4.95520124454
4.95746525973
4.95805549993
4.95822907758
4.96302404552
4.96455249832
4.9684745009
4.96960057462
4.97196750427
4.97604701041
4.97613726554
4.97857208469
4.98205403126
4.98408467221
4.98631811742
4.98850969133
4.99147400665
4.9971662917
5.00524065839
5.00534008977
5.00563589895
5.0066828697
5.01087701149
5.01380156992
5.01636954069
