-2.99
-2.99
-2.99
-2.99
-2.99
-2.99
-2.99
-2.99
-2.99
-2.99
-2.99
-2.99
-2.99
-2.99
-2.99
-2.99
-2.99
-2.99
-2.99
-2.99
-2.99
-2.99
-2.99
-2.99
-2.99
-2.99
-2.99
-2.99
-2.99
-2.99
-2.99
-2.99
-2.99
-2.99
-2.99
-2.99
-2.99
-2.99
-2.99
-2.99
-2.99
-2.99
-2.99
-2.99
-2.99
-2.99
-2.99
-2.99
-2.99
-2.99
-2.99
-2.99
-2.99
-2.99
-2.99
-2.99
-2.99
-2.99
-2.99
-2.99
-2.99
-2.99
-2.99
-2.99
-2.99
-2.99
-2.99
-2.99
-2.99
-2.99
-2.99
-2.99
-2.99
-2.99
-2.99
-2.99
-2.99
-2.99
-2.99
-2.99
-2.99
-2.99
-2.99
-2.99
-2.99
-2.99
-2.99
-2.99
-2.99
-2.99
-2.99
-2.99
-2.99
-2.99
-2.99
-2.99
-2.99
-2.99
-2.99
-2.99
-2.99
-2.99
-2.99
-2.99
-2.99
-2.99
-2.99
-2.99
-2.99
-2.99
-2.99
-2.99
-2.99
-2.99
-2.99
-2.99
-2.99
-2.99
-2.99
-2.99
-2.99
-2.99
-2.99
-2.99
-2.99
-2.99
-2.99
-2.99
-2.99
-1.24844079073
-1.07653707835
-1.06712436544
-1.04225281385
-1.03528514276
-1.02841338039
-1.01759312497
-0.988028802894
-0.968627308746
-0.947178332737
-0.928490201185
-0.925281524724
-0.922303783552
-0.91731127771
-0.914246962895
-0.904399643946
-0.879032011917
-0.871927238693
-0.867174302692
-0.844375374197
-0.841234731323
-0.814975237099
-0.806982918882
-0.788838693122
-0.781004628441
-0.773010910331
-0.768676518615
-0.764340009826
-0.760435710239
-0.742108218323
-0.740397044501
-0.734591553924
-0.733216710735
-0.732286163402
-0.728598059859
-0.716358047374
-0.70514470206
-0.703772454671
-0.699665707486
-0.690411522421
-0.687721993076
-0.676494645477
-0.674042390992
-0.670508202377
-0.67039532698
-0.66962618582
-0.668556407221
-0.665587253691
-0.652130373188
-0.64811687985
-0.639975926013
-0.638667299216
-0.624384706769
-0.609597806074
-0.608372132502
-0.607385206094
-0.601490797482
-0.59833653623
-0.594930219149
-0.56725822681
-0.55046127472
-0.549479831612
-0.539367664971
-0.536794592368
-0.535822386288
-0.530695996129
-0.522187029213
-0.516712472615
-0.515008679498
-0.51003230882
-0.503359799144
-0.501436871987
-0.499548186128
-0.493645122776
-0.493081757613
-0.492690084674
-0.492660770181
-0.473002366985
-0.471750104862
-0.469627120181
-0.458337554438
-0.452866258373
-0.450930579777
-0.44698444913
-0.443137772209
-0.437752287646
-0.431407616947
-0.42744267189
-0.415336814494
-0.413957021888
-0.409302191266
-0.403487747389
-0.403140690469
-0.378695009872
-0.375822085422
-0.366301428163
-0.36535849221
-0.357096238064
-0.354014397333
-0.351534860751
-0.34862703259
-0.345844944294
-0.328267118155
-0.31620766898
-0.313467057243
-0.310229577178
-0.306625958263
-0.30298734323
-0.301859512464
-0.301755416258
-0.297799810766
-0.295269824633
-0.291002900207
-0.28940576265
-0.288487951059
-0.28029079054
-0.276737311222
-0.275110755441
-0.27228584024
-0.270693676182
-0.265609299299
-0.262415885296
-0.261598310922
-0.256516087955
-0.24951087485
-0.246712137951
-0.234759696059
-0.228888187455
-0.227318150348
-0.226165647314
-0.219157209197
-0.216389968756
-0.215231905573
-0.209484760509
-0.198989548542
-0.190296431259
-0.18944063642
-0.187739473086
-0.185459540416
-0.181763559574
-0.176490596073
-0.16507239047
-0.16507239047
-0.162210556631
-0.149716311279
-0.145719556103
-0.145401282295
-0.140644748057
-0.139080006341
-0.138520888411
-0.135120938256
-0.129669535558
-0.126653224159
-0.125122095414
-0.124790358509
-0.120840889009
-0.112354594176
-0.10600679952
-0.104359106042
-0.101975815678
-0.100797120268
-0.100364132567
-0.0928068842138
-0.0928068842138
-0.0928068842138
-0.0928068842138
-0.0928068842138
-0.0928068842138
-0.0928068842138
-0.0928068842138
-0.0928068842138
-0.0928068842138
-0.0928068842138
-0.0928068842138
-0.0928068842138
-0.0928068842138
-0.0928068842138
-0.0928068842138
-0.0928068842138
-0.0928068842138
-0.0928068842138
-0.0928068842138
-0.0928068842138
-0.0928068842138
-0.0928068842138
-0.0928068842138
-0.0928068842138
-0.0928068842138
-0.0928068842138
-0.0928068842138
-0.0928068842138
-0.0928068842138
-0.0928068842138
-0.0928068842138
-0.0928068842138
-0.0928068842138
-0.0928068842138
-0.0928068842138
-0.0928068842138
-0.0928068842138
-0.0928068842138
-0.0928068842138
-0.0928068842138
-0.0928068842138
-0.0928068842138
-0.0928068842138
-0.0928068842138
-0.0928068842138
-0.0928068842138
-0.0928068842138
-0.0928068842138
-0.0928068842138
-0.0928068842138
-0.0928068842138
-0.0928068842138
-0.0928068842138
-0.0928068842138
-0.0928068842138
-0.0928068842138
-0.0928068842138
-0.0928068842138
-0.0924285051959
-0.0796437407959
-0.0795113631821
-0.0792095183063
-0.0791777458008
-0.0781001217685
-0.0734395551498
-0.0702496048
-0.0691574124808
-0.0690159895088
-0.0666895211317
-0.0603355779161
-0.0603255107008
-0.0593912597457
-0.0565423929191
-0.0520670441358
-0.0490378343841
-0.0454375805443
-0.0438498036226
-0.0437380776029
-0.0342815407
-0.030821730626
-0.0293597603194
-0.0212805012194
-0.0113533928943
-0.00711182299451
-0.00603373800869
-0.00459585499846
-0.00255745998127
-0.00209004161618
0.0049335841331
0.00538735721583
0.0179852333072
0.0182170996062
0.0193262295826
0.0211684298094
0.0214168238236
0.0242652964558
0.0262812173235
0.0262812173235
0.0279756967299
0.0279756967299
0.028130986927
0.0295280939086
0.0295280939086
0.0295280939086
0.0295280939086
0.0349861801235
0.0356076235943
0.0383099883982
0.0385941098741
0.0395080410297
0.0455478958426
0.0463984595878
0.047037142755
0.0473826072499
0.0503567024224
0.0564053081026
0.0579226993856
0.0621024392996
0.0621956891652
0.0667983620894
0.0672617032712
0.0708244658628
0.0712360349566
0.0714644746226
0.0724527249175
0.0733132488846
0.0736762412416
0.0736762412416
0.0736762412416
0.0736762412416
0.0736762412416
0.0736762412416
0.0738255086645
0.0738438037909
0.0744683736469
0.0745275427217
0.0769996567043
0.0787583007225
0.0801960475052
0.0809842922118
0.0812799700719
0.0812799700719
0.0812799700719
0.0823426133709
0.0908003434555
0.0915455701114
0.0916890077233
0.0922210602965
0.0958673196184
0.0959256542334
0.0963691754589
0.0963691754589
0.0963691754589
0.0981707094275
0.0983393278966
0.100613674837
0.101444879098
0.103450981818
0.103459597822
0.103778009656
0.104105270338
0.105172709572
0.105659753862
0.106155201417
0.106400758661
0.106866875103
0.107246952826
0.112617552762
0.113268378627
0.113421318348
0.11386966321
0.114081103687
0.114128899378
0.115419357876
0.115787456732
0.116057325156
0.11606973245
0.116542930599
0.116826651881
0.118414155769
0.118671940834
0.118953405742
0.121827572148
0.123016020534
0.124479757291
0.126361334918
0.12804778426
0.128615351496
0.128814968868
0.129734811508
0.131873143997
0.132231129757
0.132401409698
0.132427328055
0.132517555894
0.132636400038
0.134139618864
0.134219501629
0.134406036458
0.134694374383
0.135572673269
0.135761841412
0.1358585775
0.136408381016
0.136408381016
0.136408381016
0.137956674349
0.140110789036
0.140429727283
0.140585641469
0.141072598927
0.141366719861
0.143520681032
0.143567266194
0.143665808709
0.145293655753
0.145517061393
0.145517061393
0.145517061393
0.145517061393
0.147387199756
0.147884876412
0.147884876412
0.147884876412
0.147884876412
0.147884876412
0.1478910054
0.148029649775
0.14846645043
0.150142236898
0.150421076409
0.151338524017
0.151363757368
0.151563893582
0.151985925861
0.15443702588
0.154574992139
0.154927270328
0.15555185778
0.155620807561
0.155729831157
0.155789053768
0.156032014644
0.15610271621
0.156236871525
0.156844623014
0.158691876348
0.158691876348
0.158691876348
0.158691876348
0.158691876348
0.158691876348
0.158691876348
0.158691876348
0.158691876348
0.158691876348
0.158691876348
0.158691876348
0.158691876348
0.158691876348
0.158691876348
0.158691876348
0.158691876348
0.158691876348
0.158691876348
0.158691876348
0.158751990454
0.15885950949
0.158935221947
0.159582282372
0.159652589277
0.159801646572
0.160076428278
0.160419058714
0.160687153201
0.160861802215
0.161094200197
0.162892513454
0.162993144475
0.163432082812
0.163608927188
0.163805671858
0.163805671858
0.164441645109
0.165037457474
0.165389101765
0.165759514043
0.168764289105
0.169430597612
0.169776897493
0.169801568319
0.169876803505
0.169951157631
0.170237137051
0.170871135409
0.171274776033
0.173251068579
0.173517210336
0.173752011738
0.173890973884
0.174132256102
0.176023881951
0.176069802315
0.176081524257
0.176369401581
0.176626055447
0.176680190757
0.17668377503
0.176792146028
0.177143916271
0.178071272949
0.179141876028
0.179165035878
0.179726038086
0.17975783236
0.180099150411
0.180344517204
0.180444893414
0.180819649616
0.182636175492
0.183057940997
0.184750935896
0.187648803104
0.187678842719
0.187820057508
0.187831368615
0.187930522724
0.188067870761
0.188085321162
0.188211990096
0.188247461751
0.188528640575
0.188555886692
0.188727470906
0.188987877735
0.189313967975
0.189500984346
0.190363867823
0.190475493227
0.190633889694
0.191201543501
0.191504177052
0.191871543338
0.191975852625
0.192571886416
0.193845856935
0.194556528712
0.194556528712
0.19521815885
0.195619286753
0.195621028563
0.195669077656
0.195984207388
0.196023378795
0.196392376058
0.196617742169
0.196726597456
0.196977497379
0.198429946583
0.198552078221
0.198903130665
0.199348458172
0.19946723499
0.199550335526
0.199647194421
0.199747114812
0.199817807747
0.199821398419
0.199863032606
0.199876773521
0.199975056549
0.200223723876
0.200269580848
0.200277318212
0.200286395512
0.200417552767
0.200418878862
0.200481954316
0.200842331353
0.200890310774
0.201115864147
0.201372038317
0.201600329537
0.201926428739
0.202322211846
0.202377674645
0.202960586666
0.203447720046
0.203684544625
0.203684544625
0.203684544625
0.203684544625
0.203684544625
0.204086375771
0.20492560672
0.205093715282
0.205093715282
0.206503852223
0.206554044426
0.207078962651
0.207377480505
0.208182933508
0.208549894906
0.209049281955
0.210888739482
0.211489625886
0.211717837028
0.21182268683
0.212726105094
0.212950538914
0.213065940862
0.213104860528
0.213135693872
0.213135693872
0.213148283818
0.214440086747
0.214612533946
0.215111202145
0.216062939964
0.216094917833
0.216105736645
0.216405079728
0.216424536856
0.216424536856
0.216760541127
0.216812154731
0.216814669524
0.216835649228
0.21687278563
0.216911772673
0.217036075041
0.217069050698
0.217080580789
0.217107557224
0.217269165598
0.217325968086
0.217395649746
0.217470778709
0.217480596982
0.217511926489
0.21752040861
0.217527724065
0.217535963704
0.217593374677
0.217612189654
0.217717978381
0.217789066423
0.217809000358
0.217812353966
0.217830709949
0.217870828831
0.217986374774
0.218057427667
0.21815577954
0.218300525648
0.218389389257
0.218459743766
0.218638352546
0.218696410662
0.218716591457
0.218753049776
0.218952435356
0.219040378147
0.219073273475
0.219298966285
0.219576372416
0.219839545225
0.219977401997
0.220091189076
0.22026239588
0.220289088371
0.220289088371
0.220289088371
0.220371900267
0.220378272658
0.220435418664
0.220466131432
0.220509065136
0.220968201125
0.221077222412
0.221318100902
0.221513846042
0.221596739212
0.221758600269
0.221826014275
0.221944286871
0.221956093385
0.222041372435
0.2220607047
0.222129228648
0.222210508869
0.222232236783
0.222323133145
0.222891897494
0.222930489533
0.2231253325
0.223257087336
0.223394658122
0.224325831091
0.224573363663
0.224642839409
0.224747789196
0.225036463704
0.225233328931
0.225315067342
0.225429301247
0.225474202887
0.22556498729
0.22572009834
0.225736933265
0.225784738677
0.225991241995
0.226096518924
0.226103850837
0.226505538938
0.226644234295
0.226644981456
0.226704638327
0.226785831541
0.226817261317
0.226854935591
0.226916936256
0.227046354036
0.227146433847
0.227479377804
0.227557978166
0.22793853432
0.228264913778
0.228480554282
0.22866673816
0.228765209593
0.229223354546
0.229276736523
0.229343360872
0.229470775822
0.229474514462
0.229475370351
0.22949081577
0.229505634424
0.229558479347
0.229590861797
0.229688686995
0.22971452443
0.229805047225
0.229899938285
0.229945184239
0.229945184239
0.230023538137
0.230044401491
0.230116973642
0.230200254605
0.230247369647
0.230276387832
0.230304243464
0.230364091639
0.230373495475
0.230391658066
0.230522529837
0.230554607239
0.230636679573
0.230675569366
0.230676154359
0.230696547544
0.230734758729
0.230813159455
0.23081743139
0.230858905932
0.230955590812
0.231021711831
0.231123847534
0.231124284487
0.231205510024
0.231296508746
0.231301319106
0.231366257217
0.231475001461
0.231552906471
0.231947378827
0.232240357778
0.23225753446
0.232310403315
0.232321297829
0.232395914369
0.232529099722
0.232621541992
0.232635765663
0.232771753496
0.233215120645
0.233246241936
0.23332175024
0.233944289413
0.234077788693
0.234200182508
0.234349299208
0.234456263749
0.234657376807
0.234753792867
0.234796612141
0.234836011863
0.234899731771
0.235099710448
0.235442568744
0.235850706959
0.235912755238
0.236216252342
0.237080746457
0.237426932742
0.237523653323
0.240191298548
0.24103984697
0.242537431409
0.242953677144
0.243003778115
0.243379938306
0.245429041933
0.247073101934
0.247265354324
0.247523909315
0.24764722006
0.24764722006
0.247659208886
0.247693382033
0.247989913361
0.248446576367
0.248828681079
0.249005743201
0.249609474124
0.251438840311
0.25191743835
0.252983087075
0.253476162185
0.253868816802
0.254218187492
0.254631563927
0.254875804774
0.255119008563
0.255264773577
0.255900365132
0.256180710408
0.256304189118
0.256379918647
0.256530002457
0.256613508327
0.256869869965
0.2571670031
0.257206092367
0.257574236923
0.25777220915
0.258182086756
0.258882169726
0.258882169726
0.258882169726
0.258882169726
0.260590815826
0.260843930888
0.261357126908
0.261365790305
0.26197082906
0.262179741847
0.262179741847
0.262344616364
0.263047547522
0.264348776324
0.264348776324
0.264348776324
0.264348776324
0.264348776324
0.264348776324
0.264348776324
0.264348776324
0.264348776324
0.264348776324
0.264348776324
0.264348776324
0.264348776324
0.264348776324
0.264348776324
0.264348776324
0.264348776324
0.264348776324
0.264348776324
0.264348776324
0.264383726969
0.264453275262
0.264823583539
0.26499486731
0.265010183555
0.265179520446
0.265943271538
0.265964585391
0.266023694073
0.266425689034
0.266553820177
0.266602468092
0.266632221818
0.266779869819
0.266835604883
0.266951621617
0.267010180206
0.267092567246
0.267102731316
0.267157029348
0.267312958337
0.267416464942
0.267489933479
0.267585683152
0.267619102244
0.267859815333
0.267900409266
0.268234862767
0.268279408363
0.268286732249
0.26846018002
0.268609222903
0.269507815605
0.269548198874
0.269738587951
0.269944471865
0.269975436046
0.273176398994
0.274191293315
0.274239631754
0.274478679541
0.27473045625
0.274835696227
0.277615353549
0.27798404928
0.278434936833
0.279821834971
0.279821834971
0.279821834971
0.279821834971
0.281651678929
0.281859262694
0.283201007779
0.283388855952
0.284180267513
0.284473515318
0.284509765099
0.285958809554
0.287075716558
0.287911934119
0.288322396701
0.289299667724
0.289954117804
0.292353912415
0.293572346083
0.296801875501
0.298270930863
0.300569053151
0.302141562667
0.302399912725
0.303549822912
0.303682336675
0.303774114218
0.303774114218
0.305892284086
0.306235487726
0.307919578308
0.308660186982
0.309540705736
0.309675763368
0.310901958786
0.312377613725
0.314526942067
0.315084531751
0.31959398441
0.322572564374
0.322854152403
0.325373999236
0.328576914281
0.328901771164
0.328959134146
0.329507863405
0.336510549558
0.338828330087
0.341731393741
0.344702522207
0.347540001259
0.349906831647
0.351422834594
0.353424435161
0.353507283839
0.354219950197
0.354234260861
0.35426651206
0.355136661856
0.35529954295
0.3556744422
0.355698232036
0.355856453884
0.355861029974
0.357499835136
0.357499835136
0.357499835136
0.357499835136
0.357511381761
0.358702390267
0.361528574778
0.361635939678
0.361635939678
0.361935654918
0.36258749997
0.363075103227
0.36358479497
0.365684583554
0.365926033697
0.367136456494
0.36908863833
0.371453979227
0.371928443339
0.372096567523
0.372096567523
0.372096567523
0.373815359639
0.37633595491
0.379150161364
0.380264045284
0.381710611436
0.381710611436
0.381710611436
0.384473854789
0.385322629481
0.387407748952
0.389281686712
0.389966996771
0.3932667172
0.402732963564
0.40474019631
0.405197326467
0.405960840965
0.41386125642
0.421528005065
0.42249044317
0.429771236549
0.433157712994
0.436616945525
0.436745522462
0.437420471553
0.439513085505
0.439700610322
0.439896537361
0.440636222701
0.440636222701
0.440636222701
0.440636222701
0.44444450619
0.447204475566
0.448082766334
0.448227478211
0.44850108095
0.449602438652
0.450055843291
0.460599938858
0.463022691412
0.467249652672
0.470642027616
0.475185675378
0.47692762302
0.477120337848
0.482941936975
0.489362161841
0.490364388561
0.492148055654
0.49568097263
0.496247229893
0.496682709537
0.498683151359
0.499667939152
0.503435217418
0.504123374516
0.506614342163
0.507992003509
0.507992003509
0.507992003509
0.507992003509
0.508643471814
0.508643471814
0.508643471814
0.508643471814
0.508643471814
0.508643471814
0.508643471814
0.508643471814
0.508643471814
0.508643471814
0.508643471814
0.508643471814
0.508643471814
0.508643471814
0.508643471814
0.508643471814
0.508643471814
0.508643471814
0.508643471814
0.508643471814
0.508643471814
0.508643471814
0.508643471814
0.508643471814
0.508643471814
0.508643471814
0.508643471814
0.508643471814
0.508643471814
0.508643471814
0.508643471814
0.508643471814
0.508643471814
0.508643471814
0.508643471814
0.508643471814
0.508643471814
0.508643471814
0.508643471814
0.508643471814
0.508643471814
0.508643471814
0.508643471814
0.508643471814
0.508643471814
0.508643471814
0.508643471814
0.508643471814
0.508643471814
0.508643471814
0.508643471814
0.508643471814
0.508643471814
0.508643471814
0.508643471814
0.508643471814
0.508643471814
0.508643471814
0.508643471814
0.511260952064
0.515341171059
0.516843177569
0.517686583024
0.519200258434
0.519955405646
0.5202696386
0.520334727845
0.521131649806
0.521571284818
0.522084227406
0.522797023204
0.523507782012
0.525102954439
0.527383236777
0.528047104511
0.531682771808
0.535183275135
0.540194295711
0.541053176575
0.541346535852
0.541639501971
0.545449305985
0.546050376099
0.546270862267
0.547048348282
0.548392153956
0.549566257335
0.564256757712
0.56430961477
0.566229135328
0.567436270861
0.567436270861
0.567436270861
0.567436270861
0.567436270861
0.567436270861
0.567436270861
0.567436270861
0.567436270861
0.567436270861
0.567436270861
0.568835114598
0.585949709578
0.586167489754
0.589990814805
0.590977707672
0.592179994366
0.592922601127
0.592973289075
0.593631465983
0.599962668775
0.600332734289
0.604341848302
0.604898590755
0.606177452216
0.609066244813
0.61013724809
0.615051478792
0.61755331926
0.61819266335
0.618240421885
0.61897402815
0.621338837721
0.62290954812
0.623891905007
0.626144504798
0.627472101967
0.627919976996
0.62814583618
0.63033725574
0.635723131169
0.639559034055
0.63984634468
0.641540906779
0.645523415961
0.646159997161
0.646693172636
0.64844047042
0.649794777856
0.651009692751
0.653320536543
0.659002996485
0.6600481047
0.660099079035
0.66118101323
0.666715127794
0.667374187146
0.667947505844
0.670257532756
0.672689150191
0.674874056574
0.67819799262
0.679097068392
0.679259609619
0.682663794131
0.683289311945
0.685172451814
0.686537180515
0.68738861245
0.687884791832
0.688312446574
0.688591663752
0.689155486195
0.689827941042
0.69066636309
0.692206299661
0.692281700818
0.692468632171
0.692831350248
0.692885926624
0.69370184297
0.69370184297
0.69370184297
0.69370184297
0.69370184297
0.694600121607
0.695545178415
0.695547140898
0.698369845858
0.698749841818
0.698892958442
0.699490975125
0.700179974828
0.700995921998
0.701422811951
0.702036523529
0.704031515666
0.705426986344
0.707162979929
0.707608923455
0.70799328473
0.709000712464
0.710346784502
0.710453183368
0.710739344335
0.712384090046
0.716715790629
0.717397180363
0.717397494066
0.718299758072
0.719826026386
0.720519007594
0.722625405792
0.723990832558
0.724717951123
0.72693773381
0.727271999755
0.729064085268
0.730700672746
0.731646428083
0.733237536367
0.73508662122
0.738116087337
0.738865279558
0.740503677669
0.741819507713
0.743460745755
0.745340083566
0.745929681442
0.747497352076
0.749687148828
0.753114679763
0.75346094921
0.754929589107
0.7575312021
0.758499732408
0.760332205254
0.76046108786
0.761464851048
0.76203891752
0.762168719311
0.762617631286
0.764649096106
0.764945201718
0.766019166585
0.766024529458
0.766686598345
0.766770668979
0.768944296699
0.769162090106
0.769825239978
0.770493275935
0.77106139809
0.771242641262
0.77229149147
0.773300821587
0.774072905779
0.774303827959
0.774303827959
0.774303827959
0.774303827959
0.774303827959
0.774303827959
0.774303827959
0.774303827959
0.774303827959
0.774303827959
0.774303827959
0.774303827959
0.774611834711
0.774666283149
0.774742328917
0.774821851093
0.775066679397
0.775450030058
0.776094148413
0.777116318876
0.779148662178
0.779203915504
0.780361180181
0.781457704747
0.781979872671
0.783469592527
0.785243300632
0.786062474441
0.786987661561
0.787728465442
0.789034544287
0.789151332404
0.791957563886
0.792891712824
0.793537188142
0.794059893365
0.794423138672
0.795372215802
0.79595702693
0.797149497642
0.799793363646
0.800699130388
0.805847390534
0.806035895913
0.807491590764
0.807556636819
0.811289262644
0.811532270947
0.811701130984
0.811736289134
0.812087992484
0.812087992484
0.812213502652
0.814918842169
0.815609387394
0.816071718209
0.816966428697
0.818415642259
0.819861792839
0.821161393101
0.821670938014
0.821967052076
0.822207322071
0.822362442416
0.822600189113
0.822741404301
0.822767549995
0.823388753346
0.823490934755
0.823716415404
0.824473535688
0.825128197523
0.825148808771
0.825845947135
0.827319128799
0.828508556795
0.830926865767
0.831519633248
0.83616997714
0.83635771405
0.837349661617
0.83747094985
0.840489143413
0.844887499047
0.844902236069
0.845071306796
0.85049028577
0.851503985083
0.856872547432
0.857312075876
0.859970599969
0.860123157653
0.864017432936
0.866230933582
0.866485877162
0.867223962876
0.869577468194
0.870777033291
0.872360438367
0.872670841376
0.873957732388
0.874711653046
0.876373173625
0.876373173625
0.876997172583
0.877852631169
0.880305190534
0.880831364814
0.880831364814
0.880831364814
0.880831364814
0.880831364814
0.880831364814
0.880831364814
0.880831364814
0.880831364814
0.880831364814
0.880831364814
0.880831364814
0.880831364814
0.880831364814
0.880831364814
0.880831364814
0.880831364814
0.880831364814
0.880831364814
0.880831364814
0.882211028847
0.884092082736
0.886309132386
0.886725196254
0.886786793439
0.889342072839
0.895502755332
0.896805601299
0.910028183325
0.914167067233
0.918209649434
0.920718137945
0.921127834686
0.92453829029
0.926624134348
0.928853627126
0.929029358931
0.934050987
0.936124601285
0.936956412806
0.937699956322
0.937762647966
0.939410121379
0.94269294726
0.94418116145
0.944877326411
0.946058694075
0.949989627258
0.950294272744
0.951750363648
0.954438083359
0.956255113973
0.964639179276
0.972948740926
0.981065247279
0.982180244167
0.983136934247
0.983574337951
0.988875471507
0.993114675925
0.994741799697
0.996419742329
1.00270077515
1.00594744819
1.00671605594
1.01538634787
1.01837394836
1.01898393532
1.02258028026
1.02331445079
1.02360769526
1.02617624108
1.02780420136
1.03339774738
1.03345207865
1.03564533822
1.03620153146
1.03699187843
1.04134242652
1.04383982871
1.04387737854
1.04387737854
1.04387737854
1.04432031948
1.04691374749
1.04756224881
1.04797791472
1.04900022928
1.05034368909
1.05112619101
1.05132721222
1.05304649621
1.05312213158
1.05347493525
1.05418655821
1.06357733122
1.06396267121
1.06544493778
1.06617814096
1.06956154774
1.06975859181
1.07382277905
1.07471507118
1.07574726535
1.08015376747
1.08237304957
1.08806388956
1.08888735127
1.0891393963
1.08943095023
1.08978411438
1.09245089194
1.09268101569
1.09353616947
1.09372553237
1.09618114916
1.0980416443
1.09832505951
1.09864210456
1.10305902376
1.10394560501
1.1059657109
1.10632267433
1.11269185467
1.11399127687
1.11580949443
1.11686677979
1.1180455083
1.1191527113
1.12211205936
1.12231406894
1.129334327
1.12979159925
1.13102990708
1.13552989625
1.13576143551
1.13787801437
1.14245341092
1.14257663899
1.14410745981
1.14410745981
1.14410745981
1.14410745981
1.14410745981
1.14410745981
1.14410745981
1.14410745981
1.14410745981
1.14410745981
1.14410745981
1.14410745981
1.14410745981
1.14410745981
1.14410745981
1.14410745981
1.14410745981
1.14410745981
1.14410745981
1.14410745981
1.14410745981
1.14410745981
1.14410745981
1.14410745981
1.14410745981
1.14410745981
1.14410745981
1.14410745981
1.14410745981
1.14410745981
1.14410745981
1.14617654822
1.14665995943
1.14667927755
1.14741715425
1.1498968205
1.15069379961
1.15173572169
1.15482637866
1.1589401452
1.15915936969
1.16212203975
1.16245166524
1.16368680326
1.16922603141
1.16924340525
1.17015528263
1.17048156531
1.17610843629
1.17677383653
1.17706643093
1.17811603607
1.17911498533
1.18062935469
1.18218014705
1.18693238039
1.18912220154
1.1897618674
1.19314213421
1.19492264976
1.19694309838
1.1974626805
1.19925884436
1.199764217
1.19995233036
1.20728232547
1.20830078299
1.20889699281
1.2093581028
1.20959831742
1.21034131603
1.21234670522
1.21237387583
1.21351581698
1.21483935448
1.21646696631
1.21670115961
1.21671564889
1.21720892314
1.21759709301
1.2179260957
1.21957120873
1.21973145099
1.22000297641
1.22654415519
1.22786715931
1.22786715931
1.22846928693
1.23150652429
1.23172917142
1.23276045256
1.23368392742
1.23417116347
1.23553950365
1.23556183447
1.23638050547
1.23769973165
1.23946096158
1.24188352933
1.24272523016
1.24339714821
1.24392258232
1.24518988983
1.25061565455
1.25145269155
1.25422482321
1.25430753314
1.25486392131
1.25574126401
1.25659834572
1.25707946365
1.25760744192
1.26133231274
1.26136869931
1.26611230019
1.26624739775
1.26756026328
1.2680597102
1.26931523256
1.27011181986
1.27107387002
1.27335388013
1.27411255809
1.27461378911
1.27889891255
1.28054188815
1.28082671704
1.28091025571
1.2809362868
1.28277524251
1.28383620216
1.28427426547
1.28562520193
1.28574354961
1.28624377619
1.28730164626
1.29088309556
1.294268458
1.2943527398
1.29935561832
1.29977971672
1.30004279762
1.30064950604
1.30119021281
1.30281937294
1.30333078704
1.30397921036
1.30590655819
1.30937659593
1.30997108495
1.31000114162
1.31001736936
1.31012426781
1.31050898493
1.31089311822
1.31092682466
1.31099803503
1.31218738538
1.31264174463
1.31264174463
1.31264174463
1.31264174463
1.31268982178
1.31592848455
1.31609531848
1.3184511161
1.31890406007
1.31973405529
1.31978091603
1.32035615109
1.32082378701
1.32152293634
1.32401900153
1.32736431402
1.32794678921
1.33354381284
1.33483354987
1.33566900372
1.33602355733
1.33904763506
1.34336103664
1.34831255217
1.34943387437
1.35399470374
1.35451762777
1.35453707272
1.35529619477
1.35572003555
1.36149110609
1.36210129315
1.36399541688
1.36520581444
1.36557447206
1.36679599441
1.36807533306
1.36890761109
1.36918769534
1.3694185619
1.37191816204
1.37194198323
1.37194198323
1.37222550921
1.37245039846
1.3726826157
1.37290293281
1.37355072307
1.37366091729
1.37406914958
1.37417285301
1.37486207638
1.37505862148
1.37514825993
1.3762668237
1.37678658458
1.37750372574
1.37750372574
1.37750372574
1.3787231216
1.37927999844
1.37951713712
1.38241768701
1.38280267819
1.38337055522
1.383858551
1.38424603501
1.38428571214
1.38521145243
1.3857254963
1.3857875219
1.3859776522
1.38929751003
1.38929875518
1.38932508207
1.38949707077
1.39041119842
1.39050971187
1.39059116327
1.39150304949
1.39178906849
1.39187271438
1.3926083805
1.39293030192
1.39314366462
1.39339506314
1.39344802774
1.39346021376
1.39536690557
1.39542702631
1.3969930927
1.39863801279
1.39873833483
1.39885546076
1.39917934646
1.39998337635
1.40003183684
1.40022933872
1.40023551241
1.40235808262
1.40304155257
1.40445946813
1.4047992661
1.40545301444
1.40613483475
1.40636124085
1.40682516826
1.40861584896
1.41055435
1.41058749028
1.41136449789
1.4114412008
1.41284589754
1.41574079929
1.41597488857
1.41634098433
1.41693270548
1.41874571283
1.41912064691
1.41926807323
1.42004697856
1.42060958815
1.42073819901
1.42089379406
1.42121662804
1.42212235576
1.42225331707
1.4226629714
1.42461130701
1.42471588814
1.42521249039
1.42597730811
1.42613345921
1.4264843182
1.42687780622
1.42703701461
1.42885727832
1.42929258818
1.43024312119
1.43118486079
1.43185662892
1.43286595102
1.43305538634
1.4338060322
1.43549154451
1.43733519137
1.43870166757
1.43948647101
1.4407864643
1.44188135758
1.44188200081
1.44204335467
1.44228860364
1.44318374408
1.4435255455
1.44543005335
1.44753006754
1.44753006754
1.44753006754
1.44753006754
1.44893182014
1.45219611469
1.45385415517
1.45401114813
1.45429840804
1.4552596435
1.45531042675
1.45724553343
1.45794662513
1.4583519927
1.45937306146
1.45937713638
1.46290017476
1.4638135373
1.46432177085
1.46856390232
1.46901370555
1.47109150144
1.47262631369
1.47380060306
1.47402995635
1.47468177177
1.4754468718
1.47630315646
1.47710160205
1.47832221025
1.47843803284
1.4790446278
1.48018544184
1.48195656263
1.48195656263
1.48239850631
1.48377919897
1.48459943172
1.48477792838
1.48550677781
1.4865962588
1.48955019745
1.48992835379
1.49135828762
1.49178885898
1.49242674315
1.49363368443
1.49455116381
1.49527644009
1.49869269884
1.49933787575
1.50166442622
1.50627062175
1.50751525696
1.50760624231
1.50760624231
1.50813085996
1.50850063999
1.50927698487
1.50951056204
1.50951056204
1.50953643809
1.50995199401
1.51006882631
1.51046441217
1.51069991624
1.51176891147
1.51450521364
1.5184010424
1.52129086976
1.52154207682
1.52245964683
1.52308747614
1.52533476287
1.52726026569
1.53781561436
1.53860298049
1.53926641694
1.54476695793
1.54786039188
1.55134559719
1.55279804789
1.55431582243
1.55454470666
1.55993235412
1.56143225658
1.5628032127
1.56842483972
1.56920431662
1.57642118412
1.57709188171
1.57709188171
1.57709188171
1.57709188171
1.58349264297
1.58867091427
1.58968015306
1.59146843781
1.59518862274
1.59540521397
1.59584990216
1.59772723421
1.60128266212
1.60417130557
1.60699137374
1.61248600133
1.61271737308
1.61319155689
1.61571320538
1.6196701062
1.62070903769
1.62204158057
1.62443185446
1.62491841775
1.6251773249
1.62823443705
1.62856683137
1.63100029823
1.63199009607
1.63712994173
1.64303776905
1.64406190844
1.64565888175
1.64835531202
1.65231235554
1.65411680078
1.65833712414
1.66015165318
1.67012601261
1.6726787766
1.67343654005
1.6784973639
1.6809979886
1.68540474401
1.6905541498
1.69630085956
1.69700290841
1.70048414208
1.70110615384
1.70146142307
1.70274865674
1.7046679047
1.70514406587
1.70599039722
1.70657556579
1.70719866108
1.70904754759
1.71280070539
1.71304207291
1.71398187391
1.71491358539
1.71660694612
1.71665800802
1.71796044975
1.72153944337
1.72347039314
1.7292161031
1.73175692793
1.7320557568
1.73375093196
1.73411683223
1.73580636797
1.73825672486
1.73930870946
1.74176951487
1.74271938926
1.74331732281
1.74354462485
1.74588365059
1.7498995862
1.75104577534
1.75321676284
1.75361168305
1.75877177873
1.76455669483
1.76643265138
1.77272986342
1.77622824993
1.77978061131
1.78125548859
1.78454455911
1.78470888699
1.78470969047
1.78644906916
1.78647182413
1.78895108041
1.78900510375
1.78997171691
1.79235866584
1.79246731204
1.79307154015
1.79587701378
1.79731277774
1.8049636303
1.8108238018
1.81567783138
1.81963240089
1.82140494453
1.82795034014
1.82970785421
1.82984515047
1.83338588232
1.83346840991
1.83465879267
1.83984800884
1.84114715837
1.84208423048
1.844683743
1.84674955494
1.84895501703
1.8513182263
1.85235553374
1.85376526293
1.85769962743
1.8591669652
1.85935854694
1.86164379562
1.86626999984
1.86637582051
1.86865663431
1.87034230981
1.87247535501
1.87304686939
1.87652306127
1.87895282031
1.8870393934
1.88763463887
1.89130971747
1.8927470234
1.89563998504
1.89563998504
1.89563998504
1.89563998504
1.89563998504
1.89563998504
1.89563998504
1.89563998504
1.89563998504
1.89563998504
1.89563998504
1.89563998504
1.89563998504
1.89563998504
1.89563998504
1.89563998504
1.89563998504
1.89563998504
1.89563998504
1.89563998504
1.89563998504
1.89563998504
1.89563998504
1.89563998504
1.89563998504
1.89563998504
1.89563998504
1.89563998504
1.89563998504
1.89563998504
1.89563998504
1.89563998504
1.89563998504
1.89563998504
1.89563998504
1.89563998504
1.89563998504
1.89563998504
1.89563998504
1.89563998504
1.89563998504
1.89563998504
1.89563998504
1.89563998504
1.89563998504
1.89563998504
1.89563998504
1.89563998504
1.89563998504
1.89563998504
1.89563998504
1.89563998504
1.89563998504
1.89563998504
1.89563998504
1.89563998504
1.89563998504
1.89563998504
1.89563998504
1.89563998504
1.89563998504
1.89563998504
1.89563998504
1.89563998504
1.89563998504
1.89563998504
1.89563998504
1.89563998504
1.89563998504
1.89563998504
1.89563998504
1.89563998504
1.89563998504
1.89563998504
1.89563998504
1.89563998504
1.89563998504
1.89563998504
1.89563998504
1.89563998504
1.89563998504
1.89563998504
1.89563998504
1.89563998504
1.89563998504
1.89563998504
1.89563998504
1.89563998504
1.89563998504
1.89563998504
1.89563998504
1.89563998504
1.89563998504
1.89563998504
1.89563998504
1.89563998504
1.89563998504
1.89563998504
1.89563998504
1.89563998504
1.89563998504
1.89563998504
1.89563998504
1.89563998504
1.89563998504
1.89563998504
1.89563998504
1.89563998504
1.89563998504
1.89563998504
1.89563998504
1.89563998504
1.89563998504
1.89563998504
1.89563998504
1.89563998504
1.89563998504
1.89563998504
1.89563998504
1.89563998504
1.89563998504
1.89563998504
1.89563998504
1.89563998504
1.89563998504
1.89563998504
1.89563998504
1.89563998504
1.89563998504
1.89563998504
1.89563998504
1.89563998504
1.89563998504
1.89563998504
1.89563998504
1.89563998504
1.89563998504
1.89563998504
1.89563998504
1.89563998504
1.89563998504
1.89563998504
1.89563998504
1.89563998504
1.89563998504
1.89563998504
1.89563998504
1.89563998504
1.89563998504
1.89563998504
1.89563998504
1.89563998504
1.89563998504
1.89563998504
1.89563998504
1.89563998504
1.89563998504
1.89563998504
1.89563998504
1.89563998504
1.89563998504
1.89563998504
1.89563998504
1.89563998504
1.89563998504
1.89563998504
1.89563998504
1.89563998504
1.89563998504
1.89563998504
1.89563998504
1.89563998504
1.89563998504
1.89563998504
1.89563998504
1.89563998504
1.89563998504
1.89563998504
1.89563998504
1.89563998504
1.89563998504
1.89563998504
1.89563998504
1.89563998504
1.89563998504
1.89563998504
1.89563998504
1.89563998504
1.89563998504
1.89563998504
1.89563998504
1.89563998504
1.90044082257
1.90413994576
1.90504622843
1.90741072198
1.92656623251
1.92961362831
1.93043399132
1.93337592624
1.9337117453
1.93418971255
1.95609836474
1.95752219579
1.96234034824
1.97317436539
1.98615214871
1.9879192782
1.98889959672
1.99003493294
1.99003493294
1.99003493294
1.99003493294
1.99003493294
1.99319195973
2.00129665893
2.00135398055
2.0041284344
2.00856635598
2.0102449514
2.01060312583
2.01108824407
2.01131678597
2.01167726375
2.01333730884
2.01433297725
2.01537843214
2.01836922961
2.0193783989
2.0230995375
2.02343061007
2.02356445079
2.02417009994
2.0267927695
2.02754530122
2.02839783864
2.02872117217
2.03161401693
2.03492477339
2.03543164703
2.0374175915
2.03771113102
2.03824173836
2.03920746076
2.04117703603
2.04260734993
2.04462735022
2.04552784744
2.04564820618
2.04663076052
2.04727985644
2.0489011188
2.05142853545
2.05166647905
2.05438862434
2.0557611878
2.05842366789
2.05852854754
2.06051160317
2.06353758934
2.06555016443
2.06571883249
2.06657023243
2.07230002852
2.07377224903
2.07382164493
2.07385373387
2.07418505343
2.07755895318
2.079425532
2.08037475235
2.08145182606
2.08615302076
2.08759067313
2.08784139985
2.09429278851
2.09439970438
2.09984071101
2.10009488899
2.10072545335
2.10113827316
2.10205453128
2.10419218382
2.10537999466
2.10575945752
2.10877750466
2.11183439831
2.11258787395
2.11532543503
2.1159899551
2.11833716649
2.12123810467
2.12148807327
2.12350669132
2.12439611584
2.12542468557
2.1257977737
2.12775548804
2.12776812618
2.1305893632
2.13148256886
2.13256898034
2.13363881138
2.13503158332
2.13555594765
2.13581638044
2.13908001607
2.13979129942
2.14524048
2.14607873092
2.14638566251
2.14828116001
2.15395512144
2.1549968373
2.15589555722
2.15639613461
2.15662807749
2.15778944285
2.15874228451
2.15958885122
2.16217287404
2.16251142487
2.16347243463
2.16348952025
2.16504028199
2.16610903353
2.16697321207
2.16776487836
2.16862291177
2.17083533891
2.17137717043
2.17151049297
2.17414855462
2.17472587421
2.17494365997
2.17500908966
2.17598617069
2.17624598651
2.17642841034
2.17686721835
2.17942909504
2.179684248
2.18024569741
2.18052190264
2.18156589798
2.18364386384
2.18400624158
2.18455448394
2.18760049548
2.19025242238
2.19120435392
2.19123927782
2.19187575672
2.19328863505
2.19490454045
2.19556872938
2.19632143246
2.19681267711
2.1970626593
2.19772298762
2.19862501184
2.19981872604
2.20102990607
2.20289295118
2.20307319539
2.20442244454
2.2047677702
2.2053557178
2.20536163184
2.2055569164
2.2061013274
2.20831607599
2.20877423102
2.20941726862
2.20968736204
2.21412431978
2.21602604018
2.21702881863
2.21974073948
2.22017727432
2.22058289538
2.22083541617
2.22083541617
2.22083541617
2.22083541617
2.22287254515
2.22402115178
2.22513375523
2.2260482722
2.22686024863
2.22784336566
2.22911622528
2.23033432958
2.23123858723
2.23422207165
2.23809410282
2.23893906979
2.23927467168
2.24026965123
2.242268291
2.24272784142
2.24312693561
2.2451230107
2.2455979845
2.24633550436
2.24852443869
2.24978671626
2.25116096437
2.25180069461
2.25330903416
2.25361500614
2.25507008375
2.25972312928
2.2599396394
2.26006672783
2.26009063741
2.26104225149
2.26191884433
2.26270268077
2.26527589567
2.26731080415
2.26936122136
2.27046810879
2.27188823057
2.27243255427
2.27656647674
2.27656647674
2.27656647674
2.27971401161
2.28063104769
2.28406082791
2.28633373659
2.29442674679
2.29489270023
2.29971233643
2.30356514326
2.30831875322
2.30836584832
2.30947974592
2.30957271103
2.3096177958
2.30990236
2.31211140241
2.31395935062
2.31757445113
2.31834940776
2.32077994928
2.32134896386
2.32134896386
2.32134896386
2.32134896386
2.32540172986
2.32548003889
2.32670129257
2.3319285843
2.33275278288
2.33387144652
2.33412187429
2.33505341475
2.33622803955
2.33694423362
2.34201476706
2.34305415155
2.34315368136
2.3445690025
2.3481697157
2.34925582471
2.3517725965
2.35551587892
2.35793146393
2.35864426498
2.36106148395
2.36147521846
2.36384933733
2.37034071115
2.3725683848
2.37423919364
2.37512347864
2.37606524344
2.37824937774
2.37825048854
2.38068220345
2.38451144018
2.3909318742
2.39156561327
2.39243466627
2.39441714599
2.39525793275
2.3981724077
2.40006640169
2.40314972362
2.40330083757
2.40368560043
2.40408181978
2.40441139618
2.40745427711
2.40929167248
2.41434756821
2.41457949718
2.41487823164
2.41491969657
2.4153838446
2.41737295882
2.41798669735
2.41854221549
2.4190018532
2.42028901602
2.42336639939
2.42363346759
2.42567095155
2.4267583973
2.42762428579
2.43033131906
2.4303417257
2.43246238569
2.43268379792
2.43295902736
2.433497079
2.43352155393
2.43417128122
2.43558192837
2.43798118993
2.43954717079
2.44029644357
2.44401260364
2.44456709429
2.44478624837
2.44515064568
2.44572586767
2.44604979414
2.44956036244
2.45136059581
2.45180377643
2.45251343117
2.45395099567
2.45434469991
2.45503402253
2.45503402253
2.45680618957
2.46161220655
2.46255874134
2.46510869461
2.46593578932
2.46890465528
2.46890465528
2.46890465528
2.47266203418
2.47271523723
2.47294064192
2.47321584397
2.47512380853
2.48161797735
2.48604437207
2.48681614678
2.48728368081
2.48741287346
2.49154110473
2.49189574219
2.49709290288
2.49869680005
2.49930117057
2.50124224564
2.50144890305
2.50511624936
2.50520028549
2.5068436342
2.50861526224
2.50861526224
2.50993600633
2.51185599549
2.51342163508
2.5140188371
2.51470274868
2.52099163271
2.52181905747
2.5235434282
2.52503771518
2.52503771518
2.52664824572
2.53080989165
2.5316179626
2.53670886114
2.53727106964
2.54044398914
2.54125902986
2.54497461316
2.55369090741
2.56322731728
2.56422551229
2.56452521918
2.57588239781
2.57631585033
2.57751622341
2.58179018002
2.58530653988
2.58651205563
2.58866384292
2.58866384292
2.58866384292
2.58866384292
2.58866384292
2.58866384292
2.58866384292
2.58866384292
2.58866384292
2.58866384292
2.58866384292
2.58866384292
2.59059350762
2.59091619535
2.5926053635
2.59265680099
2.59513700627
2.59620189735
2.60183295695
2.60598127586
2.60754376621
2.61066500025
2.61646038641
2.6168724613
2.62165214933
2.62488285219
2.626722708
2.62729643741
2.62867035288
2.62989834051
2.63067631924
2.6322542478
2.6325080829
2.63310325141
2.63312515761
2.6336822334
2.63727056662
2.63801594474
2.64059293078
2.64160999898
2.64386869914
2.64474670109
2.64570663997
2.64696802979
2.64751561752
2.65451646829
2.66296148692
2.66323705853
2.66401357599
2.6659541568
2.66738991633
2.66760781268
2.68159863545
2.69444406682
2.69749354894
2.70140865962
2.71184373144
2.71492145067
2.72354436697
2.72429113384
2.72553732895
2.73004633557
2.73456461013
2.73512744656
2.73647143381
2.73755660592
2.73993504348
2.74198890199
2.74219774512
2.74282748613
2.74299037982
2.74463336563
2.74466746293
2.74548066366
2.74582738018
2.74704267257
2.74803042787
2.74905498926
2.74966656189
2.7507711479
2.75181294024
2.75197924338
2.7527203918
2.75402332024
2.75565463275
2.76042000402
2.76252584889
2.77081814691
2.77083455971
2.77100790506
2.77837906079
2.77838049492
2.78043203253
2.78162549275
2.78257506354
2.78632012642
2.78751826914
2.78877543535
2.79132685027
2.79231902604
2.79302801914
2.79554245091
2.7969690799
2.79718094704
2.79806704246
2.79960906316
2.80011850606
2.80048200087
2.80068955402
2.8008215839
2.80107033378
2.80167807845
2.80176555376
2.8020190008
2.80368440676
2.80538953518
2.80633829349
2.80953195431
2.80970108177
2.81062876418
2.81487165213
2.82030744071
2.82669448594
2.82719177026
2.82816681991
2.82946262845
2.83221059027
2.83522935143
2.8441020643
2.84431461992
2.84719963261
2.85207623265
2.85514638106
2.8567649023
2.857631747
2.87081415685
2.87455445955
2.87865438921
2.88072793557
2.88123239759
2.88276221304
2.89643035887
2.90025763927
2.90238542698
2.90253382987
2.90253382987
2.90253382987
2.90253382987
2.90407414853
2.9040761677
2.90539852545
2.90627160973
2.91183839803
2.91198378984
2.91723115026
2.92402034927
2.92830931993
2.92950474405
2.92968893499
2.93386023408
2.94314387245
2.94444098085
2.95112684427
2.95477346663
2.9548505286
2.96483828777
2.96918714666
2.97010797246
2.97072718215
2.97454817392
2.97610883347
2.97681188287
2.97974685913
2.98119295067
2.99267949647
2.99496739537
2.99527575458
2.99626670986
2.99660157601
3.00021201924
3.00528102329
3.007043965
3.00803063707
3.00955597872
3.01363954908
3.01425654201
3.01473810905
3.01816776523
3.03111508555
3.03209034353
3.03234508051
3.03307569157
3.03308528804
3.03308528804
3.03308528804
3.03308528804
3.03388425746
3.03792427361
3.03887484017
3.03930712363
3.04138618827
3.04237221768
3.04329412283
3.04337249235
3.04548387661
3.04696004586
3.04760991868
3.0515282732
3.05194649536
3.05295531352
3.05546735128
3.05656347028
3.05974530796
3.06359957022
3.06562490773
3.06894696519
3.06902830402
3.07159012884
3.07178377981
3.07334105189
3.07378859341
3.07599981011
3.07804867593
3.07981244005
3.08147103801
3.08205257236
3.08233395868
3.08401121758
3.08605097879
3.08762019561
3.08882156635
3.08923352284
3.09457355858
3.09727997467
3.0981370583
3.09867852118
3.09920380401
3.09929891368
3.10017786235
3.10048733596
3.10056561129
3.10178749491
3.10203734992
3.10222115069
3.10381663886
3.10493221358
3.10717525787
3.10763195705
3.10857995224
3.11052459891
3.11057531154
3.11068243383
3.11200796016
3.11219352633
3.11227062378
3.11267566704
3.11441334194
3.11585225965
3.119879438
3.12027392023
3.1222723915
3.12483640589
3.12538130713
3.12603392764
3.12603392764
3.1266715587
3.12974793145
3.13185604151
3.13553678438
3.1382409357
3.14194662557
3.14379298626
3.14553841565
3.14614327891
3.14645500163
3.15160903486
3.15588810946
3.15703774893
3.16020924771
3.16094112323
3.16168164983
3.16475913445
3.16514221608
3.16536518291
3.16751607586
3.16866077325
3.16901067272
3.17383427303
3.18238394381
3.18303870024
3.18503948012
3.18692789502
3.18704384436
3.19064597386
3.19070533715
3.19383637907
3.19533453148
3.20190076941
3.20238392287
3.20730383771
3.20780097744
3.216910774
3.22309590989
3.22330733281
3.22529655578
3.23442588428
3.23542409056
3.23739336389
3.23787377158
3.24007551776
3.24169630149
3.24265812432
3.25177103704
3.25201592948
3.25566224529
3.25589138448
3.25590705959
3.26214518607
3.26850115259
3.269159068
3.27299172205
3.27447537168
3.27469118621
3.27506399871
3.27506399871
3.27506399871
3.28118320226
3.28216998968
3.28693121809
3.28864231756
3.28876049229
3.29080372847
3.29249332403
3.30393903738
3.30534470555
3.30545142866
3.30634015634
3.30654433957
3.30823415448
3.31166900495
3.3149769671
3.3166608015
3.31752351561
3.31856778723
3.32501537619
3.32566703036
3.32730057338
3.32927090496
3.32931071438
3.33412762984
3.33517033083
3.33551037126
3.3395370438
3.34069984733
3.34396960009
3.34443430943
3.34979581556
3.35110163219
3.35170758682
3.35315983158
3.35585887481
3.35706239434
3.36219281234
3.36751354075
3.37753242529
3.37778439207
3.3784362054
3.37999153966
3.38067635386
3.38172991883
3.38194125622
3.38414056755
3.38651855371
3.38719818047
3.38791159258
3.38857128169
3.39001553995
3.39305804877
3.39643540966
3.40035426918
3.40077232993
3.41165377327
3.41625380713
3.41659985483
3.4175242215
3.42235162537
3.42345097167
3.42799447783
3.43069838074
3.43739369261
3.43767336595
3.44176205138
3.45404231203
3.45421972563
3.45727079122
3.46022927938
3.46100487219
3.4618970827
3.46251357936
3.46300112608
3.46619044697
3.47141192827
3.47169765731
3.47429060449
3.47498926855
3.47694494514
3.47701359697
3.47845235057
3.47858702328
3.47900463708
3.48077968736
3.48186712307
3.48400803692
3.49096932981
3.49145197244
3.49290824413
3.49570950774
3.49605441249
3.49645875422
3.49832132474
3.49881729622
3.49976567529
3.49998074866
3.50003455574
3.5011289725
3.50129833727
3.50162134193
3.50486537779
3.50572760281
3.50587542059
3.50617422428
3.50645437168
3.50652246662
3.50823296192
3.50923484267
3.51022332273
3.51080711705
3.51377989973
3.5143735664
3.51511104655
3.51768140568
3.52041730128
3.52094719232
3.52750169949
3.52750169949
3.52780318191
3.52911092415
3.52954838333
3.52967831856
3.53014927268
3.53234915583
3.53464607495
3.53935004901
3.54025247323
3.5429658355
3.54327625944
3.54476144393
3.54476144393
3.54684330034
3.55022692678
3.55029868482
3.55038955344
3.5506141671
3.55279110311
3.557143333
3.55715157947
3.55943536164
3.56135906241
3.5626220007
3.56292396941
3.56346285857
3.56481854768
3.56642446489
3.56728618158
3.56860247688
3.56982772139
3.57199067893
3.5815313273
3.58165770209
3.58218868153
3.58221590411
3.58249758473
3.58319157192
3.58379418447
3.58630121037
3.58711000815
3.58821486089
3.58979842949
3.59118418473
3.59167742389
3.59653578208
3.59655749643
3.60056492934
3.60057368216
3.6018473177
3.60288129241
3.60524994957
3.60527309829
3.60641392619
3.60735070936
3.60802105553
3.61211148603
3.6122290126
3.61399611954
3.61432154858
3.61680489294
3.61891162755
3.62186949641
3.62383153384
3.63159466761
3.63216022831
3.63317271902
3.63407267571
3.63472736778
3.63504615135
3.63740078105
3.63800286341
3.64084647038
3.64647985014
3.64759187928
3.64775847505
3.64789896152
3.64822686968
3.65061911874
3.65121996345
3.65139754345
3.65159035708
3.65202054421
3.65302145615
3.65377563776
3.65664751523
3.66149879386
3.66162143083
3.66194371849
3.6634260135
3.66482888198
3.66519448503
3.66723407179
3.67728673487
3.67764645602
3.67812926442
3.67974119047
3.68068390258
3.6810056597
3.68112252831
3.68173520122
3.68188792935
3.6823719684
3.68457665645
3.68538093621
3.68586595882
3.6859512938
3.68647860383
3.68698469924
3.68716860872
3.68717294904
3.68733926104
3.68747467351
3.68803400062
3.68955869805
3.68963684478
3.68994711194
3.69017926692
3.69129515923
3.69147468482
3.69234921503
3.69417189279
3.69589654556
3.69607904703
3.69611951951
3.6962865426
3.6968572943
3.69704393645
3.69728773534
3.6975445441
3.6976869664
3.69802618401
3.69921579512
3.69978233247
3.69995518074
3.7001541408
3.70091144464
3.70122833396
3.70189742758
3.7021086153
3.70233239501
3.70280392463
3.70296202425
3.70393347158
3.70407854147
3.70443946381
3.70506504764
3.70577656229
3.70583299067
3.70618091376
3.70620076666
3.70647572577
3.70755615839
3.70763665249
3.70765578338
3.70803329437
3.7093203444
3.71
3.71
3.71
3.71
3.71
3.71
3.71
3.71
3.71
3.71
3.71
3.71
3.71
3.71
3.71
3.71
3.71
3.71
3.71
3.71
3.71
3.71
3.71
3.71
3.71
3.71
3.71
3.71
3.71
3.71
3.71
3.71
3.71
3.71
3.71
3.71
3.71
3.71
3.71
3.71
3.71
3.71
3.71
3.71
3.71
3.71
3.71
3.71
3.71
3.71
3.71
3.71
3.71
3.71
3.71
3.71
3.71
3.71
3.71
3.71
3.71
3.71
3.71
3.71
3.71
3.71
3.71
3.71
3.71
3.71
3.71
3.71
3.71
3.71
3.71
3.71
3.71
3.71
3.71
3.71
3.71
3.71
3.71
3.71
3.71
3.71
3.71
3.71
3.71
3.71
3.71
3.71
3.71
3.71
3.71
3.71
3.71
3.71
3.71
3.71
3.71
3.71
3.71
3.71
3.71
3.71
3.71
3.71
3.71
3.71
3.71
3.71
3.71
3.71
3.71
3.71
3.71
3.71
3.71
3.71
3.71
3.71
3.71
3.71
3.71
3.71
3.71
3.71
3.71
3.71
3.71
3.71
3.71
3.71
3.71
3.71
3.71
3.71
3.71
3.71
3.71
3.71
3.71
3.71
3.71
3.71
3.71
3.71
3.71
3.71
3.71
3.71
3.71
3.71
3.71
3.71
3.71
3.71
3.71
3.71
3.71
3.71
3.71
3.71
3.71
3.71
3.71
3.71
3.71
3.71
3.71
3.71
3.71
3.71
3.71
3.71
3.71
3.71
3.71
3.71
3.71
3.71
3.71
3.71
3.71
3.71
3.71
3.71
3.71
3.71
3.71
3.71
3.71
3.71
3.71
3.71
3.71
3.71
