-4.01521454096
-4.0136806582
-4.0130953236
-4.0097653645
-4.00825386354
-4.00772713488
-4.00724306665
-4.00597905124
-4.0056429767
-4.00489800232
-3.99554644937
-3.98895250272
-3.97681674486
-3.97045513449
-3.96584751864
-3.96388467479
-3.95597275706
-3.95499685239
-3.94730139627
-3.94451478604
-3.93543570659
-3.92994809268
-3.92501535704
-3.91345704423
-3.91090895742
-3.90609251781
-3.89460484535
-3.89274944997
-3.88833491604
-3.87497689633
-3.86981226254
-3.86606777578
-3.86549686705
-3.85393715443
-3.84868150196
-3.84827871957
-3.84366810434
-3.84024962691
-3.83838774221
-3.83779742592
-3.83757877188
-3.83104155519
-3.82972504687
-3.82820905654
-3.81542012783
-3.81519432021
-3.80871939815
-3.80703555359
-3.80255184285
-3.80209171456
-3.80008703981
-3.79851755221
-3.79817414142
-3.79668926779
-3.78188720789
-3.77975853041
-3.77825321817
-3.77208041393
-3.76652784522
-3.76553874204
-3.76201896033
-3.7567019261
-3.74589842617
-3.74485323837
-3.7444135261
-3.74060511
-3.73904934608
-3.73760996675
-3.73753905594
-3.73548121262
-3.72248007541
-3.72202271319
-3.71949585229
-3.71774002574
-3.71701876804
-3.71545066252
-3.71449828672
-3.71134599689
-3.70388062209
-3.70384557186
-3.70294989165
-3.70142811234
-3.69885506448
-3.6974288836
-3.69711007589
-3.69161207203
-3.69110244013
-3.68760946065
-3.68685721185
-3.68328197645
-3.67869918001
-3.67771323672
-3.67748078782
-3.67523684125
-3.6751
-3.6751
-3.6751
-3.6751
-3.6751
-3.6751
-3.6751
-3.6751
-3.6751
-3.6751
-3.6751
-3.6751
-3.6751
-3.6751
-3.6751
-3.6751
-3.6751
-3.6751
-3.6751
-3.6751
-3.6751
-3.6751
-3.6751
-3.6751
-3.6751
-3.6751
-3.6751
-3.6751
-3.6751
-3.6751
-3.6751
-3.6751
-3.6751
-3.6751
-3.6751
-3.6751
-3.6751
-3.6751
-3.6751
-3.6751
-3.6751
-3.6751
-3.6751
-3.6751
-3.6751
-3.6751
-3.6751
-3.6751
-3.6751
-3.6751
-3.6751
-3.6751
-3.6751
-3.6751
-3.6751
-3.6751
-3.6751
-3.6751
-3.6751
-3.6751
-3.6751
-3.6751
-3.6751
-3.6751
-3.6751
-3.6751
-3.6751
-3.6751
-3.6751
-3.6751
-3.6751
-3.6751
-3.6751
-3.6751
-3.6751
-3.6751
-3.6751
-3.6751
-3.6751
-3.6751
-3.6751
-3.6751
-3.6751
-3.6751
-3.6751
-3.6751
-3.6751
-3.6751
-3.6751
-3.6751
-3.6751
-3.6751
-3.6751
-3.6751
-3.6751
-3.6751
-3.6751
-3.6751
-3.6751
-3.6751
-3.6751
-3.6751
-3.6751
-3.6751
-3.6751
-3.6751
-3.6751
-3.6751
-3.6751
-3.6751
-3.6751
-3.6751
-3.6751
-3.6751
-3.6751
-3.6751
-3.6751
-3.6751
-3.6751
-3.6751
-3.6751
-3.6751
-3.6751
-3.6751
-3.6751
-3.6751
-3.6751
-3.6751
-3.6751
-3.6751
-3.6751
-3.6751
-3.6751
-3.6751
-3.6751
-3.6751
-3.6751
-3.6751
-3.6751
-3.67501786352
-3.67362414238
-3.67233324315
-3.66968422108
-3.66794779515
-3.66750782036
-3.66747995262
-3.66367810306
-3.66145463397
-3.66024962826
-3.65896469958
-3.65702128413
-3.65584562868
-3.65561603517
-3.65438547154
-3.65121459797
-3.649307674
-3.64807397328
-3.6477537053
-3.64708078734
-3.64700758923
-3.64553145556
-3.64513723536
-3.64212607775
-3.63955070411
-3.63874835655
-3.63590275334
-3.63564211909
-3.63415407125
-3.63349680609
-3.63115542738
-3.6308634721
-3.63031962543
-3.63029895
-3.62996162699
-3.62912887018
-3.62856720627
-3.62818709139
-3.62611748211
-3.62548039738
-3.62413933337
-3.62389352515
-3.62265851452
-3.62235660172
-3.62036712072
-3.61996393094
-3.61976009215
-3.61964494759
-3.61908989024
-3.61727233136
-3.61599685395
-3.61599393075
-3.61589910906
-3.61589214887
-3.61589214887
-3.61589214887
-3.61589214887
-3.61589199738
-3.61586679911
-3.6158616997
-3.61564493607
-3.61534061137
-3.61444873225
-3.61410016518
-3.61383978797
-3.61338064616
-3.61335268274
-3.61335268274
-3.61293378227
-3.61097416166
-3.61082448946
-3.6105935228
-3.60999840739
-3.60652793051
-3.60465789168
-3.60357449988
-3.60334576622
-3.60288455607
-3.60166750481
-3.60042172043
-3.59817697276
-3.5974880082
-3.597399449
-3.59636570362
-3.59465917172
-3.59343511582
-3.59046381306
-3.58915374813
-3.58421439991
-3.58038405007
-3.58022680905
-3.57997891785
-3.57997157444
-3.57997011499
-3.57997011499
-3.57946090562
-3.57835746702
-3.57266282331
-3.57203665829
-3.57082116973
-3.56874171932
-3.56616652509
-3.5646216747
-3.56414683743
-3.56293445497
-3.56157716695
-3.55907564797
-3.55888150608
-3.55766921175
-3.55589285357
-3.555310297
-3.55085078913
-3.54649166134
-3.54346001655
-3.54295312842
-3.54261422362
-3.54138485358
-3.53940621169
-3.53940621169
-3.53940621169
-3.53940621169
-3.53921576426
-3.53845657323
-3.5382009397
-3.5348231862
-3.53321398779
-3.52998516268
-3.52960931765
-3.5284606089
-3.52246692581
-3.51916824668
-3.51514324614
-3.51452759996
-3.51224628949
-3.51203420524
-3.50948656198
-3.50456136074
-3.5037316373
-3.49906839067
-3.49487056726
-3.49241198827
-3.48991564515
-3.48736066068
-3.48129775129
-3.48088880614
-3.47379430129
-3.47237073903
-3.47237073903
-3.47237073903
-3.47237073903
-3.47237073903
-3.47237073903
-3.47237073903
-3.47237073903
-3.47237073903
-3.47237073903
-3.47237073903
-3.47237073903
-3.47237073903
-3.47237073903
-3.47237073903
-3.47237073903
-3.47237073903
-3.47237073903
-3.47237073903
-3.47237073903
-3.47237073903
-3.47237073903
-3.47237073903
-3.47237073903
-3.47237073903
-3.47237073903
-3.47237073903
-3.47237073903
-3.47237073903
-3.47237073903
-3.47237073903
-3.47237073903
-3.47237073903
-3.47237073903
-3.47237073903
-3.47237073903
-3.47237073902
-3.47106283031
-3.47009341197
-3.46959719195
-3.46905947539
-3.46762107461
-3.45589580677
-3.45560415132
-3.45444548314
-3.44988681274
-3.44891127307
-3.44414660516
-3.44350093274
-3.4332931032
-3.43161324028
-3.42919997547
-3.42511177841
-3.42414431553
-3.42151090432
-3.42089702344
-3.41289672025
-3.40979778376
-3.40931274604
-3.40556759266
-3.40525413867
-3.40462128926
-3.40431958099
-3.40273661639
-3.40221122263
-3.399339865
-3.39558139529
-3.39348851653
-3.3912504285
-3.39124749237
-3.39105292626
-3.39101779462
-3.38236241894
-3.38085484702
-3.37759090235
-3.37699219453
-3.37665228536
-3.37192377904
-3.3605790899
-3.36012297939
-3.35707323228
-3.35508312974
-3.35400552644
-3.35195143909
-3.35051504332
-3.34883086673
-3.34814655408
-3.34699057863
-3.34650558186
-3.34372985173
-3.33646628929
-3.33360357338
-3.33338133965
-3.33087094466
-3.32812832682
-3.32776506749
-3.32749325142
-3.3264908465
-3.32424129841
-3.32000278261
-3.3193957064
-3.31930401295
-3.31622609232
-3.31433313856
-3.30987563553
-3.30942255243
-3.30886262904
-3.30648913427
-3.30509187154
-3.30440207711
-3.30276820511
-3.30115426752
-3.29893925826
-3.29804450079
-3.2966430508
-3.29403313771
-3.29199917576
-3.29025114638
-3.28202545862
-3.28176626377
-3.28149390505
-3.28081811181
-3.27920160443
-3.2783166875
-3.27728247771
-3.27673530688
-3.27570790145
-3.26983724623
-3.26113521682
-3.2575809079
-3.25187003298
-3.25177870592
-3.24848788315
-3.24644170805
-3.24564460241
-3.2442146384
-3.23530344634
-3.22865893054
-3.22545570755
-3.22218456422
-3.22170992505
-3.21989545516
-3.21722370875
-3.21678259136
-3.20829333379
-3.20384843341
-3.20384843341
-3.20384843341
-3.20034706088
-3.19434036262
-3.19052246725
-3.18913225926
-3.17579894816
-3.17455081092
-3.1725166184
-3.16293975141
-3.16074736194
-3.16042653997
-3.15606255233
-3.14889506603
-3.14780120665
-3.14480514446
-3.14381369491
-3.13366818812
-3.13222673009
-3.12885831873
-3.12415837415
-3.1183233292
-3.11553935161
-3.11400568892
-3.10885535474
-3.10860455862
-3.10661702505
-3.10350725908
-3.10311713103
-3.09591394616
-3.09577212861
-3.09489311371
-3.09091538086
-3.08802964503
-3.08364690229
-3.08005771478
-3.07759778781
-3.07701358188
-3.07192181755
-3.06916456349
-3.06870709657
-3.06786881648
-3.06543663492
-3.06459014194
-3.06170267033
-3.05895570926
-3.05871799684
-3.05844764803
-3.04388463612
-3.03430380578
-3.03271850016
-3.023960786
-3.01904901841
-3.01456971376
-3.0064814837
-3.00554079426
-3.00462135928
-3.00459523104
-3.00398166145
-2.9930435647
-2.99045894606
-2.9902305244
-2.98959567394
-2.98959567393
-2.98875558626
-2.98737795489
-2.98283997969
-2.97904639075
-2.97185824932
-2.9665537269
-2.96587957725
-2.96080644952
-2.94617372901
-2.94174217642
-2.9138860521
-2.91273276483
-2.90992510568
-2.90416253123
-2.9029125507
-2.9024279133
-2.89388305862
-2.88590555345
-2.88093415022
-2.86725845609
-2.86143058463
-2.86059549122
-2.85318808435
-2.85307526283
-2.84963536309
-2.8477753344
-2.8408137777
-2.84043980843
-2.83812570317
-2.83150628809
-2.82698030606
-2.82627493448
-2.8197627543
-2.81328199471
-2.81279976457
-2.81279976457
-2.81279976457
-2.80073010341
-2.79195350532
-2.79175582766
-2.78811948788
-2.7841932179
-2.77947782374
-2.77796974904
-2.7698309757
-2.76722732524
-2.76587403247
-2.76569228317
-2.76468832735
-2.75847917902
-2.75800649285
-2.75549450468
-2.7535873299
-2.75337287591
-2.75306512429
-2.75178484303
-2.75065388671
-2.75029256778
-2.74722834441
-2.74478427755
-2.73701030628
-2.73674356477
-2.73657785983
-2.73614407504
-2.72905619221
-2.72749504702
-2.72186837299
-2.72041064963
-2.71927571294
-2.71710090941
-2.71385227446
-2.71090188575
-2.71090188574
-2.70886093968
-2.70783366463
-2.70780933511
-2.70641249625
-2.70609216438
-2.70252317053
-2.70181722088
-2.69856761101
-2.69704635289
-2.69571382553
-2.68612188694
-2.68603809979
-2.67770619197
-2.67448363445
-2.67275697287
-2.67255475504
-2.67106182074
-2.66835061605
-2.66333740451
-2.66026638514
-2.66021996597
-2.65873655024
-2.6516059772
-2.65122459792
-2.64773113374
-2.64647015851
-2.64477315136
-2.64367203527
-2.64047905985
-2.63203066001
-2.63011363352
-2.6267818403
-2.62601332545
-2.62260211939
-2.62177190639
-2.62152989187
-2.62137611095
-2.6197481375
-2.61684275139
-2.61472356812
-2.61233052308
-2.61075378354
-2.60819765904
-2.60647518206
-2.60542271461
-2.60348237349
-2.59933787322
-2.59866974937
-2.59152560422
-2.59104547815
-2.59079802301
-2.58418473788
-2.57655387593
-2.57655387593
-2.57097672368
-2.56930444353
-2.56407691404
-2.56240814885
-2.55330234098
-2.55110079385
-2.55022337661
-2.54949519731
-2.54900718358
-2.54380733523
-2.53739210464
-2.53713421059
-2.52851897535
-2.52433943822
-2.52380501087
-2.5235475579
-2.52094382089
-2.52023632589
-2.51996737444
-2.51709290611
-2.51478231995
-2.51411687674
-2.51391645747
-2.51235199385
-2.50906439789
-2.50593457466
-2.49310669774
-2.49047453012
-2.49031300494
-2.48561449547
-2.48520369017
-2.48314682443
-2.48275906868
-2.47847712849
-2.4730673982
-2.47215123163
-2.47188527464
-2.47090901041
-2.47009973291
-2.46555408728
-2.46539530073
-2.46303119358
-2.46179752763
-2.46024853799
-2.45812265997
-2.45248994004
-2.44658026838
-2.4446109165
-2.44347669475
-2.4397021358
-2.43776142397
-2.43703434382
-2.43659400115
-2.43477239356
-2.43348013257
-2.4292952808
-2.42878170347
-2.42878170347
-2.42878170347
-2.42774381789
-2.41815995766
-2.41771100839
-2.41461897808
-2.41018992934
-2.40923282247
-2.40658027624
-2.40486064761
-2.40342289071
-2.40153859873
-2.40107506405
-2.39933899021
-2.39098981372
-2.3882271585
-2.38625038415
-2.37423323888
-2.37354250221
-2.37133952809
-2.36494786287
-2.3613094667
-2.36034716281
-2.35974239359
-2.35960213977
-2.35382657943
-2.35263117291
-2.35247758474
-2.35157160058
-2.35086081677
-2.3456186769
-2.3431197112
-2.33808824285
-2.33799852366
-2.33799852366
-2.33799852366
-2.33799852366
-2.33799852366
-2.33799852366
-2.33799852366
-2.33005320048
-2.32884291847
-2.32805725549
-2.32767830992
-2.32477863956
-2.32236172484
-2.31715422239
-2.31536539571
-2.31128545022
-2.30310623225
-2.30300552146
-2.29846464694
-2.29426878921
-2.28937113698
-2.28574384617
-2.28451719785
-2.28189233807
-2.28073037809
-2.28018794891
-2.27923469712
-2.27632224492
-2.27572634675
-2.27133671205
-2.27133671205
-2.27133671205
-2.27133671205
-2.27133671205
-2.27133671205
-2.27133671205
-2.27133671205
-2.27133671205
-2.27133671205
-2.27133671205
-2.27133671205
-2.27133671205
-2.2649111549
-2.26214100098
-2.25926991562
-2.25753949522
-2.2570684571
-2.24622251628
-2.2431553131
-2.24268375407
-2.24139254373
-2.23784630876
-2.23178863072
-2.23177097853
-2.23137892231
-2.23122198445
-2.22296399594
-2.21825174348
-2.21523647295
-2.21284282424
-2.20983430865
-2.2062812402
-2.20596553568
-2.20580010813
-2.19409482467
-2.18802684194
-2.18339773334
-2.17857435417
-2.17759426656
-2.16930764075
-2.1603982095
-2.15947379832
-2.15464515104
-2.14874565249
-2.14587162968
-2.14559720815
-2.1396091084
-2.13924343616
-2.13777717576
-2.1357622897
-2.13542312153
-2.1351627393
-2.13176595099
-2.13021340268
-2.12973574911
-2.12917270644
-2.12912578661
-2.12502984803
-2.12078311355
-2.11941685157
-2.1177740906
-2.11432397
-2.11382021512
-2.11333643427
-2.11028477353
-2.10961487227
-2.10464116998
-2.10392665367
-2.09995064708
-2.09466249846
-2.0892927656
-2.08904291846
-2.08726750737
-2.07985102613
-2.07689181868
-2.07525821506
-2.07462359276
-2.07453804932
-2.07200460743
-2.06838965679
-2.06691138977
-2.05985294083
-2.0540497723
-2.05321220785
-2.04848036336
-2.04750777303
-2.04435507768
-2.04138375529
-2.03871885416
-2.0382562451
-2.03820799449
-2.03794506406
-2.03553294574
-2.03551104312
-2.0346182015
-2.0319102
-2.0316549286
-2.03060555914
-2.02841418408
-2.0270359383
-2.02448807115
-2.02352402436
-2.02336010928
-2.02326359446
-2.02106375228
-2.01972239423
-2.01937067397
-2.01888614089
-2.01786489671
-2.01699996447
-2.01608109625
-2.01518213797
-2.01418230711
-2.01283888694
-2.01132793915
-2.00754149928
-2.00306026364
-2.00096269895
-1.99987375508
-1.9981500004
-1.99783858823
-1.99572305641
-1.99470008033
-1.99453674941
-1.98901038424
-1.98660575397
-1.98385911323
-1.98320391167
-1.98254750036
-1.98209544598
-1.98208757377
-1.98073989854
-1.9802174317
-1.97601643879
-1.97373332182
-1.97307592488
-1.9717428312
-1.97164847273
-1.96934202849
-1.9693142979
-1.96820454622
-1.96678556872
-1.96561089909
-1.96506682962
-1.96443874026
-1.96308704099
-1.96061203588
-1.9604716269
-1.95743356085
-1.95588765378
-1.95481142217
-1.95355992065
-1.9534062543
-1.95007418741
-1.94947641724
-1.94596373629
-1.94359492597
-1.94255053244
-1.93814569645
-1.93755568014
-1.93445404226
-1.93188078293
-1.93142878528
-1.92536003859
-1.92103447834
-1.92024640106
-1.91821709161
-1.91749405989
-1.91556594437
-1.91492932157
-1.91240877167
-1.91043707283
-1.90768867719
-1.90385494418
-1.90279140502
-1.90237174531
-1.90237174531
-1.90214361453
-1.9019549265
-1.90029713539
-1.89919879353
-1.89906584743
-1.8983545145
-1.89245761659
-1.89179333845
-1.88853204479
-1.87881646869
-1.87753466414
-1.87656649498
-1.87650516145
-1.87619288156
-1.87616764741
-1.86813085907
-1.86750297762
-1.86406723956
-1.85992926391
-1.85930252083
-1.85811674916
-1.84715598002
-1.84378396263
-1.84116920569
-1.83868868901
-1.8383976936
-1.83460601056
-1.83276657149
-1.82547426857
-1.82536559918
-1.82329566749
-1.82264377282
-1.82238452717
-1.82233805204
-1.82111372319
-1.82035932885
-1.82000515284
-1.81630689836
-1.80422668907
-1.80045369062
-1.79798521326
-1.78950937139
-1.78768219994
-1.78441925745
-1.78209818074
-1.78176218581
-1.78121404759
-1.7760553543
-1.77055183116
-1.77026168642
-1.76499178589
-1.76196256715
-1.75822025736
-1.75794163451
-1.75397821304
-1.75397821302
-1.74707466758
-1.74440483015
-1.74223254192
-1.72973753822
-1.72690683291
-1.72627584963
-1.72206161173
-1.71550632074
-1.70960239528
-1.70528543437
-1.70076336957
-1.69922556373
-1.6981691761
-1.69788986659
-1.69428444629
-1.69074323401
-1.68961057378
-1.68715902089
-1.68670920611
-1.68380650314
-1.68255375716
-1.68181314021
-1.67862351204
-1.67769406942
-1.67386946597
-1.6713808503
-1.67029040332
-1.65842626881
-1.65268032925
-1.64612508344
-1.64238043312
-1.64207742174
-1.63557336877
-1.63315566315
-1.63093466128
-1.63029704876
-1.62704872317
-1.62222844397
-1.62065827666
-1.61696448136
-1.61593184224
-1.61448110941
-1.61441481958
-1.61327051281
-1.60529508535
-1.60275538245
-1.59894784726
-1.59638346049
-1.59507953956
-1.5943220156
-1.59310358785
-1.58994208539
-1.58837737841
-1.58776464924
-1.58723421189
-1.58712579874
-1.58691239135
-1.58666243378
-1.58645410134
-1.58566937009
-1.56598590564
-1.55626070044
-1.55533410885
-1.55389189499
-1.55205647728
-1.55092803435
-1.54713704514
-1.54443288282
-1.54401977285
-1.5423970037
-1.54208234229
-1.5414723714
-1.54143027426
-1.5347388026
-1.52819250986
-1.52819250985
-1.52540821948
-1.52439376758
-1.52341497259
-1.52224669448
-1.52140156007
-1.51383600178
-1.50902172348
-1.50781124995
-1.50627032187
-1.50535128084
-1.50045222794
-1.50045222793
-1.50045222793
-1.50045222793
-1.49970230693
-1.4991009598
-1.49625239407
-1.49606840833
-1.49544283612
-1.49485122692
-1.4894954511
-1.48894130193
-1.48643744777
-1.48634324375
-1.48514201912
-1.48135298356
-1.47682913588
-1.47113180219
-1.46329623277
-1.46089091997
-1.45232937449
-1.45034529942
-1.4500371746
-1.4469665907
-1.44443416845
-1.4442525212
-1.43555073778
-1.42548461399
-1.42132197737
-1.41496406759
-1.41110452164
-1.41082883724
-1.40933801829
-1.40355844596
-1.40263217106
-1.39286415108
-1.38946150878
-1.38907080164
-1.38786629957
-1.38635330649
-1.38531426863
-1.38259634048
-1.37873507427
-1.37549968552
-1.37522182608
-1.37136146179
-1.36950056801
-1.35763512434
-1.35647384671
-1.35335298194
-1.34995528704
-1.34833405724
-1.34690610585
-1.34500939742
-1.34465339765
-1.34423193148
-1.34190308588
-1.34146766976
-1.34052314037
-1.33718753295
-1.32923204575
-1.32628085623
-1.32249064919
-1.32220232143
-1.3188561678
-1.31837141968
-1.31772933947
-1.31563338165
-1.31262914789
-1.30488522452
-1.30451296459
-1.30112620791
-1.29849197152
-1.29678250428
-1.2943425208
-1.29319521761
-1.29141135139
-1.28685995684
-1.27834112441
-1.27753736462
-1.2763488355
-1.27324472015
-1.27324472015
-1.26336068011
-1.25199898954
-1.25031863217
-1.24916702538
-1.24805342501
-1.24431858613
-1.2429353827
-1.23236788001
-1.21780808365
-1.21723258391
-1.21671274859
-1.21657430903
-1.20032221382
-1.19813997752
-1.19548044023
-1.19135276861
-1.18904875314
-1.18060624629
-1.17687481916
-1.17592208571
-1.17260330894
-1.16995582671
-1.1688072005
-1.1653293342
-1.16472045155
-1.16417081662
-1.16411622582
-1.16296480469
-1.16132912932
-1.15997716916
-1.15084973416
-1.14756287112
-1.14489476295
-1.13390668361
-1.13381406443
-1.13173829799
-1.13030990267
-1.12972009969
-1.12824780906
-1.1264662402
-1.11345308819
-1.11025090273
-1.10963765628
-1.10855724921
-1.10185447619
-1.09976294848
-1.09605400269
-1.0958439821
-1.09031684162
-1.08421977426
-1.08324605207
-1.08298772241
-1.07442621915
-1.07442621914
-1.07278656849
-1.07164897373
-1.07119633958
-1.06966835905
-1.06792296712
-1.06758027134
-1.0660979907
-1.064645059
-1.06349192297
-1.0633292961
-1.05841871634
-1.05757998954
-1.05238281443
-1.05161236209
-1.04356295023
-1.04296726642
-1.03828725346
-1.03466522233
-1.0331269205
-1.02543687672
-1.02363355591
-1.02334437388
-1.0191191521
-1.01897556568
-1.01758141964
-1.01632136479
-1.01134476838
-1.00227677142
-0.991756228387
-0.987136694885
-0.986465841766
-0.986215150563
-0.985555008589
-0.975613980242
-0.970104052645
-0.969710104044
-0.969564131281
-0.96951766345
-0.966495465792
-0.956274167248
-0.952429466471
-0.950599394425
-0.947623660448
-0.945889006107
-0.9452341731
-0.942448727119
-0.935209244983
-0.931312816179
-0.929623142695
-0.927749722424
-0.925153395257
-0.92441038168
-0.923952456915
-0.916287135743
-0.912950335512
-0.908528709454
-0.90445333299
-0.902065020465
-0.891020867444
-0.88996383492
-0.886187587593
-0.881255630914
-0.876380316073
-0.866766742186
-0.866378401012
-0.859952422799
-0.85170790054
-0.849847436932
-0.848489017283
-0.842305903003
-0.838605734829
-0.83706062595
-0.828441938691
-0.823798589033
-0.823633912915
-0.816868011637
-0.808038126179
-0.795628660172
-0.795478560344
-0.79519208763
-0.793083991477
-0.791471483128
-0.790707581808
-0.790594671367
-0.785798015403
-0.781697222582
-0.781229077625
-0.779308127452
-0.778371288568
-0.77824514759
-0.777671416161
-0.775037858187
-0.77497784303
-0.769807217423
-0.768248558436
-0.766614164
-0.765241205921
-0.764659835689
-0.763891693352
-0.760614062598
-0.754865743266
-0.751874452671
-0.747192477562
-0.740403506924
-0.730710074327
-0.727168233566
-0.726351033178
-0.725337943218
-0.724967597079
-0.721907666959
-0.721684293874
-0.72132981355
-0.720672234181
-0.71718690243
-0.707345846251
-0.707083764761
-0.706260132293
-0.699815428871
-0.69421191743
-0.691965087511
-0.69063118513
-0.689219083516
-0.688204602997
-0.684633759501
-0.684461862788
-0.678497949249
-0.668875345046
-0.666147550868
-0.665304688927
-0.66368367443
-0.662250673155
-0.661720122349
-0.65961527665
-0.655740626111
-0.655472587034
-0.654829650856
-0.65349152446
-0.648857853146
-0.648015289292
-0.641715235308
-0.619521395197
-0.619237624495
-0.615368110522
-0.607668933854
-0.605411856186
-0.604192256949
-0.598144790525
-0.591322924304
-0.58573727539
-0.571830377964
-0.57150012641
-0.568822915586
-0.567086500905
-0.563527817868
-0.554925587853
-0.553590316981
-0.552057022476
-0.548446791317
-0.539767463564
-0.534978030745
-0.524445615765
-0.523979122072
-0.52237104172
-0.520581149557
-0.516992116244
-0.513720518105
-0.507610356197
-0.503140226668
-0.498081830728
-0.498081830728
-0.498081830726
-0.497861214735
-0.495161207111
-0.485698141243
-0.485411819889
-0.48222966149
-0.478249820195
-0.477464024414
-0.476095683738
-0.470232922826
-0.467117648848
-0.467048872842
-0.459916888372
-0.458256101803
-0.454174041004
-0.450710074666
-0.447202817391
-0.446087556699
-0.443197011182
-0.440837377272
-0.4401655665
-0.437367681744
-0.437367681743
-0.433669352113
-0.431882286153
-0.427897283262
-0.427363890955
-0.421222352756
-0.418162377291
-0.415487696258
-0.414697921688
-0.412283192226
-0.411639002125
-0.405414605428
-0.403453115666
-0.403327779866
-0.402744766469
-0.396565370442
-0.388375773505
-0.388183723713
-0.387725118292
-0.387118473657
-0.386865234929
-0.383295797117
-0.383188287079
-0.378077903836
-0.376589344131
-0.369350099328
-0.367509219074
-0.362525825484
-0.361320541205
-0.36127701698
-0.361275152814
-0.358547081226
-0.356975582483
-0.356588561095
-0.352709798828
-0.351335362972
-0.344872005
-0.340722514589
-0.339700600163
-0.332398808791
-0.332293671001
-0.327268872443
-0.323641514996
-0.322286502997
-0.316501503154
-0.314772023446
-0.314119537618
-0.30784246795
-0.300060314503
-0.299077138718
-0.295577290299
-0.293583557038
-0.293546763456
-0.292349667108
-0.290699273067
-0.289419704579
-0.28940610309
-0.287961118148
-0.285860817949
-0.282185110002
-0.276304708261
-0.275327665262
-0.272624786102
-0.269370765236
-0.263352879297
-0.262484701825
-0.25636768105
-0.25590328665
-0.252766069673
-0.251735097593
-0.249113650348
-0.242469991673
-0.241486872742
-0.241177561873
-0.239335729023
-0.231755395486
-0.231755395486
-0.221323391579
-0.221076348813
-0.220165462649
-0.219842878595
-0.216799053965
-0.216283978099
-0.211314079003
-0.206942872212
-0.206566997601
-0.205329361598
-0.20469714877
-0.203898245424
-0.200180966579
-0.198829029549
-0.197380388806
-0.197133676646
-0.196707121381
-0.194723484862
-0.192650662033
-0.189229558879
-0.186791216465
-0.182086455685
-0.181741742278
-0.1816323156
-0.180186692822
-0.170503451596
-0.16355166006
-0.163500875494
-0.163360799321
-0.163194758555
-0.15878944479
-0.157243923364
-0.153712157256
-0.146901628994
-0.146243382006
-0.145200868186
-0.14285247981
-0.142030574612
-0.13787771429
-0.137414525656
-0.135838676994
-0.131240169705
-0.129400238127
-0.129257582526
-0.129048671323
-0.129038298624
-0.124315344719
-0.122018440139
-0.121275343282
-0.120963592713
-0.120791833802
-0.119641737183
-0.115120383018
-0.113901706058
-0.109830700232
-0.107310663863
-0.107290805992
-0.107228618066
-0.106024591946
-0.101792496751
-0.10134592947
-0.100214391327
-0.100147567253
-0.0887888585048
-0.0858180821193
-0.0855649191719
-0.0831905554667
-0.0810466930468
-0.0779523753193
-0.0775171207784
-0.0732685920147
-0.071235754706
-0.070402135173
-0.069929353133
-0.0608711905237
-0.0571294577579
-0.0566393727613
-0.0544134942204
-0.0512039406801
-0.0489081410364
-0.0485654766084
-0.0474967541104
-0.0433675970104
-0.0405431905873
-0.0387408776542
-0.0370463574959
-0.0325751671816
-0.0284328234917
-0.0274654816538
-0.0272365764013
-0.0268708728101
-0.0256079342751
-0.0245675073689
-0.0245536601428
-0.0237994719445
-0.0233823889087
-0.0216679001745
-0.0215924892929
-0.0169298658523
-0.01026064551
-0.0100956330124
-0.00908015999062
-0.00844176676234
-0.00793803655499
-0.00649027868025
-0.00427650262908
-0.00325034003404
-4.44441575556e-16
-3.02099382836e-16
-2.95905877926e-16
-2.42969706854e-16
-2.07475638232e-16
-1.785138877e-16
-1.22555503072e-16
-1.19045398539e-16
-9.77137207953e-17
-9.46372971308e-17
-9.02056207508e-17
-8.96906247189e-17
-8.40392208948e-17
-5.57686492472e-17
-4.58753044233e-17
-3.93429863341e-17
-3.50874928071e-17
-3.36644774557e-17
-2.87042525166e-17
-1.73472347598e-17
-1.1289255121e-17
-1.07336015076e-17
-7.49454751731e-18
-2.41234983378e-18
-2.31748214369e-18
-2.03287907341e-18
-1.99222149194e-18
-1.80248611176e-18
-1.73472347598e-18
-1.72117094882e-18
-1.6669608402e-18
-1.6669608402e-18
-1.65340831304e-18
-1.62630325873e-18
-1.61275073157e-18
-1.59919820442e-18
-1.54498809579e-18
-1.54498809579e-18
-1.50433051432e-18
-1.49077798717e-18
-1.49077798717e-18
-1.4501204057e-18
-1.43656787854e-18
-1.40946282423e-18
-1.40946282423e-18
-1.40946282423e-18
-1.40946282423e-18
-1.40946282423e-18
-1.38235776992e-18
-1.32814766129e-18
-1.32814766129e-18
-1.32814766129e-18
-1.28749007983e-18
-1.2332799712e-18
-1.21972744405e-18
-1.21972744405e-18
-1.19262238973e-18
-1.19262238973e-18
-1.19262238973e-18
-1.17906986258e-18
-1.16551733542e-18
-1.16551733542e-18
-1.13841228111e-18
-1.12485975395e-18
-1.08420217249e-18
-1.08420217249e-18
-1.07064964533e-18
-1.07064964533e-18
-1.04354459102e-18
-1.04354459102e-18
-1.04354459102e-18
-1.04354459102e-18
-1.04354459102e-18
-1.02999206386e-18
-1.01643953671e-18
-1.01643953671e-18
-1.01643953671e-18
-1.01643953671e-18
-1.01643953671e-18
-9.89334482393e-19
-9.89334482393e-19
-9.75781955237e-19
-9.75781955237e-19
-9.35124373769e-19
-9.08019319457e-19
-8.80914265144e-19
-8.80914265144e-19
-8.80914265144e-19
-8.80914265144e-19
-8.53809210832e-19
-8.53809210832e-19
-8.53809210832e-19
-8.2670415652e-19
-8.2670415652e-19
-8.2670415652e-19
-8.2670415652e-19
-8.13151629364e-19
-8.13151629364e-19
-8.13151629364e-19
-8.13151629364e-19
-7.99599102208e-19
-7.72494047896e-19
-7.72494047896e-19
-7.72494047896e-19
-7.72494047896e-19
-7.5894152074e-19
-7.5894152074e-19
-7.5894152074e-19
-7.45388993584e-19
-7.45388993584e-19
-7.18283939272e-19
-7.18283939272e-19
-7.04731412116e-19
-7.04731412116e-19
-7.04731412116e-19
-7.04731412116e-19
-6.9117888496e-19
-6.9117888496e-19
-6.9117888496e-19
-6.9117888496e-19
-6.9117888496e-19
-6.9117888496e-19
-6.64073830647e-19
-6.64073830647e-19
-6.64073830647e-19
-6.64073830647e-19
-6.64073830647e-19
-6.64073830647e-19
-6.50521303491e-19
-6.50521303491e-19
-6.50521303491e-19
-6.50521303491e-19
-6.36968776335e-19
-6.36968776335e-19
-6.36968776335e-19
-6.36968776335e-19
-6.36968776335e-19
-6.36968776335e-19
-6.36968776335e-19
-6.36968776335e-19
-6.09863722023e-19
-6.09863722023e-19
-6.09863722023e-19
-6.09863722023e-19
-6.09863722023e-19
-6.09863722023e-19
-6.09863722023e-19
-6.09863722023e-19
-6.09863722023e-19
-5.96311194867e-19
-5.96311194867e-19
-5.96311194867e-19
-5.96311194867e-19
-5.96311194867e-19
-5.82758667711e-19
-5.82758667711e-19
-5.82758667711e-19
-5.82758667711e-19
-5.55653613399e-19
-5.55653613399e-19
-5.55653613399e-19
-5.55653613399e-19
-5.55653613399e-19
-5.55653613399e-19
-5.55653613399e-19
-5.55653613399e-19
-5.55653613399e-19
-5.42101086243e-19
-5.42101086243e-19
-5.42101086243e-19
-5.42101086243e-19
-5.42101086243e-19
-5.42101086243e-19
-5.28548559087e-19
-5.28548559087e-19
-5.28548559087e-19
-5.01443504775e-19
-5.01443504775e-19
-5.01443504775e-19
-4.87890977618e-19
-4.87890977618e-19
-4.87890977618e-19
-4.87890977618e-19
-4.87890977618e-19
-4.87890977618e-19
-4.74338450462e-19
-4.74338450462e-19
-4.74338450462e-19
-4.74338450462e-19
-4.74338450462e-19
-4.74338450462e-19
-4.74338450462e-19
-4.74338450462e-19
-4.4723339615e-19
-4.4723339615e-19
-4.4723339615e-19
-4.33680868994e-19
-4.33680868994e-19
-4.33680868994e-19
-4.33680868994e-19
-4.33680868994e-19
-4.33680868994e-19
-4.33680868994e-19
-4.33680868994e-19
-4.33680868994e-19
-4.33680868994e-19
-4.20128341838e-19
-4.20128341838e-19
-4.20128341838e-19
-4.20128341838e-19
-4.20128341838e-19
-4.20128341838e-19
-3.93023287526e-19
-3.93023287526e-19
-3.93023287526e-19
-3.93023287526e-19
-3.93023287526e-19
-3.93023287526e-19
-3.7947076037e-19
-3.7947076037e-19
-3.7947076037e-19
-3.7947076037e-19
-3.7947076037e-19
-3.7947076037e-19
-3.7947076037e-19
-3.7947076037e-19
-3.52365706058e-19
-3.52365706058e-19
-3.52365706058e-19
-3.52365706058e-19
-3.52365706058e-19
-3.38813178902e-19
-3.38813178902e-19
-3.38813178902e-19
-3.38813178902e-19
-3.38813178902e-19
-3.25260651746e-19
-3.25260651746e-19
-3.25260651746e-19
-3.25260651746e-19
-3.25260651746e-19
-3.25260651746e-19
-3.25260651746e-19
-3.25260651746e-19
-3.25260651746e-19
-3.25260651746e-19
-2.98155597434e-19
-2.98155597434e-19
-2.98155597434e-19
-2.98155597434e-19
-2.98155597434e-19
-2.98155597434e-19
-2.84603070277e-19
-2.84603070277e-19
-2.84603070277e-19
-2.84603070277e-19
-2.84603070277e-19
-2.71050543121e-19
-2.71050543121e-19
-2.71050543121e-19
-2.71050543121e-19
-2.71050543121e-19
-2.71050543121e-19
-2.71050543121e-19
-2.71050543121e-19
-2.71050543121e-19
-2.71050543121e-19
-2.43945488809e-19
-2.43945488809e-19
-2.43945488809e-19
-2.43945488809e-19
-2.43945488809e-19
-2.30392961653e-19
-2.30392961653e-19
-2.30392961653e-19
-2.30392961653e-19
-2.30392961653e-19
-2.30392961653e-19
-2.16840434497e-19
-2.16840434497e-19
-2.16840434497e-19
-2.16840434497e-19
-2.16840434497e-19
-1.89735380185e-19
-1.89735380185e-19
-1.89735380185e-19
-1.89735380185e-19
-1.89735380185e-19
-1.89735380185e-19
-1.89735380185e-19
-1.89735380185e-19
-1.89735380185e-19
-1.89735380185e-19
-1.89735380185e-19
-1.89735380185e-19
-1.89735380185e-19
-1.76182853029e-19
-1.76182853029e-19
-1.76182853029e-19
-1.76182853029e-19
-1.76182853029e-19
-1.76182853029e-19
-1.76182853029e-19
-1.76182853029e-19
-1.76182853029e-19
-1.76182853029e-19
-1.76182853029e-19
-1.76182853029e-19
-1.76182853029e-19
-1.62630325873e-19
-1.62630325873e-19
-1.62630325873e-19
-1.62630325873e-19
-1.62630325873e-19
-1.62630325873e-19
-1.62630325873e-19
-1.35525271561e-19
-1.35525271561e-19
-1.35525271561e-19
-1.35525271561e-19
-1.35525271561e-19
-1.35525271561e-19
-1.35525271561e-19
-1.35525271561e-19
-1.35525271561e-19
-1.21972744405e-19
-1.21972744405e-19
-1.21972744405e-19
-1.21972744405e-19
-1.21972744405e-19
-1.21972744405e-19
-1.21972744405e-19
-1.21972744405e-19
-1.08420217249e-19
-1.08420217249e-19
-1.08420217249e-19
-1.08420217249e-19
-1.08420217249e-19
-1.08420217249e-19
-1.08420217249e-19
-1.08420217249e-19
-1.08420217249e-19
-8.13151629364e-20
-8.13151629364e-20
-8.13151629364e-20
-8.13151629364e-20
-6.77626357803e-20
-6.77626357803e-20
-6.77626357803e-20
-6.77626357803e-20
-6.77626357803e-20
-5.42101086243e-20
-5.42101086243e-20
-5.42101086243e-20
-5.42101086243e-20
-5.42101086243e-20
-5.42101086243e-20
-5.42101086243e-20
-5.42101086243e-20
-5.42101086243e-20
-5.42101086243e-20
-2.71050543121e-20
-2.71050543121e-20
-2.71050543121e-20
-2.71050543121e-20
-2.71050543121e-20
-2.71050543121e-20
-2.71050543121e-20
-2.71050543121e-20
-2.71050543121e-20
-2.71050543121e-20
-1.35525271561e-20
-1.35525271561e-20
-1.35525271561e-20
-1.35525271561e-20
0.0
0.0
0.0
0.0
0.0
0.0
0.0
0.0
0.0
2.71050543121e-20
2.71050543121e-20
2.71050543121e-20
2.71050543121e-20
2.71050543121e-20
2.71050543121e-20
2.71050543121e-20
2.71050543121e-20
4.06575814682e-20
4.06575814682e-20
4.06575814682e-20
4.06575814682e-20
4.06575814682e-20
4.06575814682e-20
4.06575814682e-20
4.06575814682e-20
5.42101086243e-20
5.42101086243e-20
5.42101086243e-20
5.42101086243e-20
5.42101086243e-20
5.42101086243e-20
5.42101086243e-20
5.42101086243e-20
5.42101086243e-20
5.42101086243e-20
5.42101086243e-20
5.42101086243e-20
8.13151629364e-20
8.13151629364e-20
8.13151629364e-20
8.13151629364e-20
8.13151629364e-20
8.13151629364e-20
9.48676900925e-20
9.48676900925e-20
9.48676900925e-20
9.48676900925e-20
9.48676900925e-20
9.48676900925e-20
1.08420217249e-19
1.08420217249e-19
1.08420217249e-19
1.08420217249e-19
1.08420217249e-19
1.08420217249e-19
1.08420217249e-19
1.08420217249e-19
1.35525271561e-19
1.35525271561e-19
1.35525271561e-19
1.35525271561e-19
1.35525271561e-19
1.35525271561e-19
1.35525271561e-19
1.49077798717e-19
1.49077798717e-19
1.49077798717e-19
1.49077798717e-19
1.49077798717e-19
1.62630325873e-19
1.62630325873e-19
1.62630325873e-19
1.62630325873e-19
1.62630325873e-19
1.62630325873e-19
1.62630325873e-19
1.89735380185e-19
1.89735380185e-19
1.89735380185e-19
1.89735380185e-19
1.89735380185e-19
2.03287907341e-19
2.03287907341e-19
2.03287907341e-19
2.03287907341e-19
2.03287907341e-19
2.03287907341e-19
2.16840434497e-19
2.16840434497e-19
2.16840434497e-19
2.16840434497e-19
2.16840434497e-19
2.16840434497e-19
2.16840434497e-19
2.16840434497e-19
2.16840434497e-19
2.16840434497e-19
2.43945488809e-19
2.43945488809e-19
2.43945488809e-19
2.43945488809e-19
2.43945488809e-19
2.43945488809e-19
2.43945488809e-19
2.43945488809e-19
2.43945488809e-19
2.43945488809e-19
2.43945488809e-19
2.43945488809e-19
2.57498015965e-19
2.57498015965e-19
2.57498015965e-19
2.57498015965e-19
2.57498015965e-19
2.57498015965e-19
2.57498015965e-19
2.57498015965e-19
2.57498015965e-19
2.57498015965e-19
2.71050543121e-19
2.71050543121e-19
2.71050543121e-19
2.71050543121e-19
2.71050543121e-19
2.71050543121e-19
2.71050543121e-19
2.71050543121e-19
2.71050543121e-19
2.71050543121e-19
2.71050543121e-19
2.98155597434e-19
2.98155597434e-19
2.98155597434e-19
3.1170812459e-19
3.1170812459e-19
3.1170812459e-19
3.1170812459e-19
3.1170812459e-19
3.1170812459e-19
3.1170812459e-19
3.38813178902e-19
3.38813178902e-19
3.38813178902e-19
3.38813178902e-19
3.38813178902e-19
3.38813178902e-19
3.38813178902e-19
3.38813178902e-19
3.38813178902e-19
3.52365706058e-19
3.52365706058e-19
3.52365706058e-19
3.52365706058e-19
3.52365706058e-19
3.52365706058e-19
3.52365706058e-19
3.65918233214e-19
3.65918233214e-19
3.65918233214e-19
3.65918233214e-19
3.65918233214e-19
3.65918233214e-19
3.65918233214e-19
3.65918233214e-19
3.93023287526e-19
3.93023287526e-19
3.93023287526e-19
3.93023287526e-19
4.06575814682e-19
4.06575814682e-19
4.06575814682e-19
4.06575814682e-19
4.06575814682e-19
4.20128341838e-19
4.20128341838e-19
4.20128341838e-19
4.20128341838e-19
4.20128341838e-19
4.20128341838e-19
4.20128341838e-19
4.20128341838e-19
4.4723339615e-19
4.4723339615e-19
4.4723339615e-19
4.4723339615e-19
4.4723339615e-19
4.4723339615e-19
4.60785923306e-19
4.60785923306e-19
4.60785923306e-19
4.60785923306e-19
4.60785923306e-19
4.60785923306e-19
4.60785923306e-19
4.60785923306e-19
4.74338450462e-19
4.74338450462e-19
4.74338450462e-19
4.74338450462e-19
4.74338450462e-19
4.74338450462e-19
4.74338450462e-19
5.01443504775e-19
5.01443504775e-19
5.01443504775e-19
5.01443504775e-19
5.01443504775e-19
5.01443504775e-19
5.01443504775e-19
5.01443504775e-19
5.01443504775e-19
5.14996031931e-19
5.14996031931e-19
5.14996031931e-19
5.14996031931e-19
5.14996031931e-19
5.14996031931e-19
5.28548559087e-19
5.28548559087e-19
5.28548559087e-19
5.28548559087e-19
5.28548559087e-19
5.55653613399e-19
5.55653613399e-19
5.55653613399e-19
5.55653613399e-19
5.55653613399e-19
5.55653613399e-19
5.55653613399e-19
5.55653613399e-19
5.69206140555e-19
5.69206140555e-19
5.69206140555e-19
5.69206140555e-19
5.69206140555e-19
5.69206140555e-19
5.69206140555e-19
5.69206140555e-19
5.82758667711e-19
5.82758667711e-19
5.82758667711e-19
6.09863722023e-19
6.09863722023e-19
6.09863722023e-19
6.09863722023e-19
6.23416249179e-19
6.23416249179e-19
6.36968776335e-19
6.36968776335e-19
6.36968776335e-19
6.36968776335e-19
6.36968776335e-19
6.64073830647e-19
6.64073830647e-19
6.64073830647e-19
6.64073830647e-19
6.64073830647e-19
6.77626357803e-19
6.77626357803e-19
6.77626357803e-19
6.77626357803e-19
6.77626357803e-19
6.77626357803e-19
6.77626357803e-19
6.9117888496e-19
6.9117888496e-19
7.18283939272e-19
7.18283939272e-19
7.18283939272e-19
7.18283939272e-19
7.18283939272e-19
7.31836466428e-19
7.31836466428e-19
7.31836466428e-19
7.31836466428e-19
7.45388993584e-19
7.45388993584e-19
7.72494047896e-19
7.72494047896e-19
7.72494047896e-19
7.72494047896e-19
7.72494047896e-19
7.86046575052e-19
7.86046575052e-19
7.86046575052e-19
7.99599102208e-19
7.99599102208e-19
7.99599102208e-19
7.99599102208e-19
7.99599102208e-19
7.99599102208e-19
8.2670415652e-19
8.2670415652e-19
8.2670415652e-19
8.40256683676e-19
8.40256683676e-19
8.80914265144e-19
8.80914265144e-19
8.94466792301e-19
9.08019319457e-19
9.08019319457e-19
9.08019319457e-19
9.08019319457e-19
9.35124373769e-19
9.35124373769e-19
9.62229428081e-19
9.62229428081e-19
9.62229428081e-19
9.89334482393e-19
9.89334482393e-19
1.02999206386e-18
1.02999206386e-18
1.02999206386e-18
1.04354459102e-18
1.05709711817e-18
1.05709711817e-18
1.05709711817e-18
1.08420217249e-18
1.08420217249e-18
1.13841228111e-18
1.15196480827e-18
1.15196480827e-18
1.16551733542e-18
1.16551733542e-18
1.19262238973e-18
1.21972744405e-18
1.27393755267e-18
1.30104260698e-18
1.32814766129e-18
1.35525271561e-18
1.38235776992e-18
1.38235776992e-18
1.40946282423e-18
1.40946282423e-18
1.42301535139e-18
1.42301535139e-18
1.43656787854e-18
1.46367293286e-18
1.49077798717e-18
1.58564567726e-18
1.62630325873e-18
1.62630325873e-18
1.68051336735e-18
1.68051336735e-18
1.74827600313e-18
1.77538105745e-18
1.82959116607e-18
1.89735380185e-18
1.91090632901e-18
2.07353665488e-18
2.1277467635e-18
6.46455545344e-18
8.97177297732e-18
1.22243794948e-17
2.23616698075e-17
5.63378553878e-17
9.53013709615e-17
1.18638822724e-16
1.21972744405e-16
1.36392633299e-16
1.88447890105e-16
2.40706434819e-16
2.44948375819e-16
3.96384314261e-16
4.5857686138e-16
4.59403565536e-16
4.66206934169e-16
5.21162431787e-16
6.74650092433e-06
0.0018340085
0.00782401482849
0.00895199048369
0.0127397069634
0.0165949752923
0.0215176731951
0.0219939780619
0.0343395645623
0.0369756511012
0.0441940269561
0.0502092471243
0.058824011759
0.0593472462433
0.0642878116521
0.0672218162529
0.0712843592018
0.0727237494291
0.0734989102746
0.0749164789405
0.0762843440944
0.0863035637237
0.0891189992788
0.0945033658611
0.0960420999561
0.0995616441771
0.0998660684743
0.101900632079
0.105051772291
0.112024873892
0.112243926091
0.113513593358
0.11359534312
0.115261258918
0.116063108721
0.11750987078
0.122858244952
0.125376837255
0.129081358333
0.136678527627
0.15283058518
0.153958520639
0.158374286959
0.163360799321
0.163839867767
0.168341919069
0.187818707329
0.19722397611
0.198693644827
0.205664806677
0.209880803213
0.211961191024
0.216446740788
0.229153250267
0.234207748104
0.239472100523
0.242478859703
0.250243948654
0.251628740294
0.25568795513
0.259343060931
0.26963028107
0.269676442527
0.274249636555
0.275327665261
0.275466292117
0.281683326646
0.284193409849
0.292349667108
0.293583557038
0.299353541355
0.301412938139
0.301794300015
0.305895792801
0.325964061358
0.331075704437
0.33271770015
0.335236050409
0.337405298435
0.340045869757
0.350491441369
0.354911095222
0.356588561096
0.357394446335
0.357543650162
0.362304429623
0.362525825484
0.365644095521
0.371634711285
0.37437150949
0.375326144847
0.377274663194
0.377502942274
0.380440080464
0.387725118293
0.388881450038
0.389405981113
0.389449174712
0.392039877601
0.403960412865
0.41094669727
0.411253813712
0.427219710758
0.431637493826
0.432226197197
0.434082831718
0.437892529432
0.443197011179
0.443534257549
0.450710074666
0.451061030436
0.452108627506
0.460708698439
0.468246143808
0.472750423556
0.473080099394
0.474210533621
0.476095683736
0.476456421286
0.477118290599
0.478249820198
0.485445359796
0.485551428612
0.487288310002
0.491609291588
0.491609291589
0.491609291589
0.491609291589
0.491609291591
0.491609291591
0.491609291592
0.494979918279
0.500616660723
0.503140226667
0.512363358891
0.512399914145
0.521103674346
0.525175833665
0.530002732119
0.536579866745
0.542789618787
0.545177841538
0.548446791314
0.549060113756
0.549580653217
0.551846293252
0.559055344472
0.563527817867
0.568386596686
0.570753286492
0.571103940253
0.571500126408
0.571830377962
0.582112371598
0.594910650074
0.598144790524
0.602955321126
0.60559316098
0.606491107853
0.615632350819
0.616704179289
0.617887855416
0.619521395198
0.62663309719
0.635742961363
0.639121399443
0.641695542975
0.643607109171
0.647192579657
0.648857853147
0.651244835805
0.653278090945
0.666147550864
0.672125537154
0.673658995395
0.678641347054
0.679295574425
0.681295755555
0.681748811082
0.68856339425
0.694195853765
0.699784984914
0.701261940457
0.701295165315
0.706882412211
0.707083764765
0.707292885288
0.712365776958
0.72067223418
0.721329813545
0.721624719834
0.724967597075
0.725337943217
0.725471536208
0.729162984273
0.732322085097
0.733837997441
0.738880736714
0.740756200971
0.743105164355
0.753999970013
0.754360910746
0.758152715542
0.759360199084
0.760614062594
0.760709384408
0.76355168228
0.763891693351
0.765098200834
0.769564180487
0.770238608385
0.782957593601
0.786967510246
0.789746276725
0.791471483136
0.791719105067
0.793083991467
0.794504303332
0.796632206442
0.808038126177
0.810963022276
0.816868011641
0.82061014034
0.823633912914
0.823798589034
0.825226607056
0.826435400026
0.836296462191
0.837060625946
0.837825427315
0.839745886921
0.842138534566
0.845055347264
0.848489017284
0.851707900547
0.858115172721
0.858926817563
0.859952422811
0.860408137258
0.8708706195
0.877338072653
0.881255630918
0.885263038036
0.886187587607
0.889963834914
0.902065020466
0.91714004258
0.919126166571
0.920219052017
0.925153395253
0.927749722416
0.931312816183
0.935209244976
0.942448727124
0.945234173088
0.94762366045
0.952429466453
0.953831019622
0.969564131271
0.969710104031
0.975613980239
0.97769598204
0.978932228892
0.979987614173
0.986215150555
0.98646584175
1.00002256167
1.00022487906
1.00113374559
1.00170204404
1.01531277237
1.01897556568
1.0191191521
1.02006982602
1.0253461821
1.02701564173
1.02736563858
1.03180966825
1.03466522233
1.04173012409
1.04173012409
1.04173012409
1.0417301241
1.04499802926
1.04605351109
1.04842725572
1.04941388317
1.05238281444
1.05757998953
1.06122110999
1.06615230457
1.06768971971
1.06783412775
1.07359663144
1.07855495514
1.08068583722
1.08298772241
1.09031684161
1.09175944329
1.10305638888
1.10669607193
1.1085572492
1.11025090273
1.11061823358
1.11466551538
1.12220004488
1.12263731026
1.12824780905
1.13030990266
1.13173829798
1.13381406443
1.13854324999
1.14756287113
1.1574830609
1.15852878365
1.15997716916
1.1653293342
1.16840834007
1.1688072005
1.17153445033
1.17621765409
1.17928764782
1.18060624629
1.18904875315
1.19548044022
1.20824653928
1.21723258391
1.23851089627
1.25031863218
1.25199898953
1.25381534752
1.27342149576
1.27468528246
1.27634883549
1.27753736461
1.27938758432
1.29202033479
1.29434252079
1.3011262079
1.30517981331
1.31415295486
1.31457523091
1.31734695656
1.31837141968
1.31885616779
1.32048110622
1.32049139116
1.32249064919
1.33654295177
1.34423193149
1.34500939743
1.34690610586
1.35011754125
1.35272734861
1.35467774592
1.35467774592
1.35467774592
1.35467774594
1.35763512434
1.35852658372
1.36302832081
1.36950056801
1.3743988793
1.3771658526
1.3805549243
1.38259634047
1.38946150877
1.40945489071
1.41110452163
1.41378610641
1.44353972298
1.4469665907
1.47682913588
1.48044105219
1.48135298356
1.48514201912
1.48634324375
1.49002521871
1.49074291801
1.49485122691
1.49606840833
1.49625239407
1.50535128083
1.50825287113
1.50902172347
1.50980867696
1.50980867698
1.52819250984
1.52819250985
1.53655558684
1.54067556016
1.54208234228
1.54401977284
1.55092803434
1.55205647727
1.56524135101
1.56761354291
1.57212768938
1.57765645002
1.58666243377
1.58712579874
1.5872342119
1.58994208539
1.5915693981
1.59247910072
1.59310358785
1.59432201559
1.60357396826
1.61327051282
1.61696448137
1.62065827666
1.62222844397
1.62686885595
1.63029704876
1.63205625785
1.63450998995
1.63557336877
1.64174966253
1.65268032926
1.65842626881
1.6610421665
1.66699445231
1.66854123243
1.67138085031
1.68060977735
1.68181314022
1.6981691761
1.69922556373
1.70076336957
1.70528543437
1.70587628949
1.71526516081
1.72167415025
1.72206161174
1.72796674197
1.72854192617
1.73127490332
1.73995305202
1.74554116108
1.74707466759
1.7508587077
1.75397821303
1.75397821304
1.75893604215
1.76002680689
1.76325062819
1.7632506282
1.76370661721
1.76466263158
1.77591847772
1.77622008213
1.77638550591
1.77976292046
1.78209818073
1.79014666668
1.79186689222
1.79216978855
1.79273637101
1.79281360642
1.79560310717
1.79798521327
1.7996175404
1.8032295514
1.80801477296
1.80900559333
1.81023682356
1.81024735167
1.81259626949
1.81314179021
1.81412632698
1.81464005397
1.81705566747
1.81774636065
1.81829035455
1.81909044409
1.82035932885
1.82159636061
1.82264377282
1.82292925839
1.82411090449
1.82536559919
1.82547426858
1.82609027095
1.82731562159
1.82816629813
1.82883141468
1.83410535035
1.83460601056
1.83530185102
1.83613963793
1.83694441949
1.83789410117
1.83796924479
1.8383976936
1.83868868902
1.8394698211
1.84310708424
1.8447226859
1.84521249698
1.84580392718
1.84715598003
1.84901987705
1.84923295021
1.84970365323
1.85004926853
1.85469228907
1.85781253856
1.85811674915
1.85992926391
1.86342498926
1.86769129784
1.86860827294
1.86918806171
1.87025619563
1.87144849938
1.87656649497
1.87919993318
1.88095168958
1.88127708592
1.88130853287
1.88227618539
1.8832289082
1.88393811858
1.88461803981
1.88738368678
1.88952980848
1.89174942652
1.89179333845
1.89597479542
1.90214361452
1.90237174531
1.90237174532
1.90586077948
1.90970057078
1.91043707284
1.91053908274
1.91054824436
1.91055133469
1.91492932157
1.92138138054
1.92725913008
1.93935224123
1.94359492597
1.9440064916
1.94582353821
1.94651239775
1.94947641725
1.95230437945
1.9534062543
1.95542980745
1.95568933538
1.95588765378
1.95636106472
1.95695420242
1.95762486136
1.9602438974
1.96047162688
1.96521805935
1.96561089908
1.96643019916
1.96959673241
1.9717428312
1.97307592488
1.97363771861
1.97363771862
1.97363771862
1.97601643879
1.97705785074
1.97867647017
1.98052390221
1.98208757377
1.98252983806
1.98260438359
1.98310086471
1.99014249335
1.99160125973
1.99166946205
1.9917184807
1.99192437502
1.99315125894
1.99366479079
1.99423472079
1.99582033389
1.998311142
1.99844986887
1.99857264498
1.99860949551
1.99861479618
2.00096269895
2.00321343775
2.0037964144
2.00418853643
2.00574734429
2.00747999634
2.00754149928
2.00880165951
2.01003052591
2.01032658862
2.01280440406
2.01286277317
2.01389691459
2.01418230711
2.01428286776
2.01444156432
2.01516067397
2.01536859635
2.01802575779
2.01820100804
2.01888614089
2.02068029774
2.02094749056
2.02106375228
2.02448807115
2.02516524866
2.0259706407
2.02703593831
2.02914980291
2.02930486903
2.03028847114
2.03060555914
2.03078058983
2.03078058983
2.03078058983
2.03153261811
2.0337362413
2.03474493734
2.03553294574
2.03871885416
2.04360687321
2.04629753605
2.04687654879
2.04734643963
2.04750777303
2.05038396434
2.05065817621
2.05163063033
2.05263740789
2.05321220785
2.0557814502
2.05583569589
2.05584868743
2.05622436071
2.05671767435
2.05697904787
2.05702418515
2.06044614086
2.06161261954
2.0638775603
2.06423026474
2.06645054226
2.06690142406
2.07173480122
2.07297982142
2.07462359276
2.07525821506
2.07617401972
2.07689181868
2.07985102613
2.07989941908
2.08273965106
2.08565334556
2.08763484684
2.09566655396
2.09731755997
2.0981221171
2.09949595258
2.09995064708
2.10104664106
2.10172302858
2.10600611501
2.10961487227
2.11068232233
2.11237616351
2.11603910949
2.1161415614
2.11614156141
2.11701780421
2.11777409061
2.1211302165
2.12917270645
2.12960829662
2.1297357491
2.13171839733
2.13171839734
2.13171839734
2.13777717576
2.1396091084
2.14399565795
2.16181353851
2.1687213569
2.16930764076
2.17358242887
2.17857435417
2.18339773335
2.19738862579
2.19860759713
2.20281024322
2.20560287016
2.20580010813
2.20983430864
2.21248594597
2.21284282424
2.21825174349
2.22894845734
2.23137892231
2.24193840411
2.24268375407
2.24336557055
2.25916513077
2.26214100098
2.26584154864
2.26966232755
2.27133671205
2.27133671205
2.27133671205
2.27133671205
2.27133671205
2.27133671205
2.27133671205
2.27133671205
2.27133671205
2.27133671205
2.27133671206
2.27133671206
2.27133671206
2.27301823441
2.27923469712
2.28189233807
2.28937113698
2.29846464694
2.29976875219
2.3162906507
2.32805725549
2.32884291847
2.33005320048
2.33533741146
2.33808824285
2.3431197112
2.3456186769
2.34963268897
2.35086081677
2.35247758473
2.35263117291
2.35484034482
2.35617891901
2.35847141601
2.35960213977
2.3613094667
2.36772208856
2.37133952808
2.37352781485
2.37932718655
2.38657633477
2.38822579389
2.39400596314
2.39479454121
2.39665781781
2.39719302056
2.40019868552
2.40259237075
2.4034228907
2.40658027624
2.41461897808
2.41658199477
2.41771100839
2.41908406697
2.42673664872
2.4292952808
2.43147092339
2.43181321432
2.43348013256
2.43477239356
2.43659400115
2.4397021358
2.44078981179
2.44543412109
2.44658026838
2.45248994004
2.46303119358
2.46555408728
2.46576836036
2.47090901041
2.47162708513
2.47162708513
2.47188527464
2.47538456346
2.48015595183
2.48275906868
2.48314682444
2.48561449547
2.49031300494
2.49047453012
2.49310669774
2.50593457466
2.51391645747
2.52094382089
2.5235313766
2.52380501087
2.53739210464
2.54900718358
2.54949519731
2.56240814884
2.56548000472
2.56865892294
2.56930444352
2.57097672368
2.57655387592
2.57655387593
2.58418473787
2.59866974937
2.60000488328
2.60103469735
2.60302884186
2.60631645257
2.60645378576
2.60819765904
2.61457307611
2.61684275138
2.61705169953
2.62177190639
2.62678184029
2.63011363352
2.63795525769
2.63797101279
2.63928467376
2.64047905985
2.64108471657
2.64273635922
2.6436695829
2.64367203527
2.65091348474
2.65232117752
2.65328882976
2.65955552671
2.66026638514
2.66333740451
2.66835061605
2.67275697286
2.67448363445
2.67955240297
2.67955240297
2.68179791146
2.68603809978
2.69386372649
2.69571382553
2.70609216438
2.70927279129
2.71090188573
2.71090188574
2.72176064329
2.73278579781
2.73657785982
2.73674356476
2.74680877095
2.74722834441
2.75039540383
2.75065388671
2.75400118954
2.75540309157
2.75549450468
2.75800649285
2.76599512015
2.76640760471
2.77796974903
2.7841932179
2.78444903683
2.78811948788
2.79175582766
2.79195350531
2.79294584517
2.80073010341
2.8030293466
2.81279976457
2.81279976457
2.81279976457
2.81328199471
2.82698030606
2.83296295185
2.8477753344
2.85307526283
2.86208111593
2.86725845609
2.88093415022
2.88152969339
2.89388305862
2.90416253122
2.90702929655
2.92592256074
2.92592256074
2.92592256074
2.92592256074
2.92592256074
2.92592256074
2.92592256074
2.92592256074
2.92592256074
2.92592256074
2.92592256074
2.92592256074
2.92592256074
2.94617372901
2.96587957725
2.96655372689
2.97904639076
2.98283997969
2.98737795489
2.98875558626
2.98959567393
2.98959567394
2.99023052439
2.9930435647
3.00398166146
3.00462135929
3.00554079426
3.00648148369
3.01563488288
3.0190490184
3.03271850016
3.03430380578
3.04388463612
3.05844764803
3.05871799684
3.05895570926
3.06543663492
3.06870709657
3.0691645635
3.07192181756
3.08005771477
3.09091538086
3.0957721286
3.09591394615
3.10661702505
3.10860455862
3.11553935161
3.12885831873
3.13222673008
3.13366818812
3.14480514447
3.14780120665
3.15606255233
3.16293975141
3.17504525948
3.18913225926
3.20034706088
3.21678259136
3.21722370875
3.21989545516
3.22218456422
3.22865893053
3.24564460241
3.24644170805
3.25177870592
3.26113521683
3.27728247771
3.27831668749
3.27920160443
3.28081811181
3.28149390505
3.29199917576
3.29664305079
3.30115426752
3.30987563553
3.32000278261
3.32530945233
3.32530945233
3.32530945233
3.32530945233
3.32530945233
3.32530945233
3.32530945233
3.33251887659
3.33251887659
3.33251887659
3.33251887659
3.34883086673
3.35400552644
3.35707323228
3.37699219453
3.38236241894
3.39101779462
3.39348851653
3.399339865
3.40221122263
3.40273661639
3.40525413867
3.40556759266
3.40979778376
3.42151090432
3.42414431553
3.42919997546
3.43329310319
3.44350093274
3.44891127306
3.44988681273
3.45589580677
3.47379430129
3.48991564515
3.50948656198
3.51452759995
3.52246692581
3.53921576425
3.54649166134
3.56874171932
3.57082116974
3.5726628233
3.597399449
3.62996162698
3.64708078734
3.67509999999
3.6751
3.6751
3.6751
3.6751
3.6751
3.6751
3.6751
3.6751
3.6751
3.6751
3.6751
3.6751
3.6751
3.6751
3.6751
3.6751
3.6751
3.6751
3.6751
3.6751
3.6751
3.6751
3.6751
3.6751
3.6751
3.6751
3.6751
3.6751
3.6751
3.6751
3.6751
3.6751
3.6751
3.6751
3.6751
3.6751
3.6751
3.6751
3.6751
3.6751
3.6751
3.6751
3.6751
3.6751
3.6751
3.6751
3.6751
3.6751
3.6751
3.6751
3.6751
3.6751
3.6751
3.6751
3.6751
3.6751
3.6751
3.6751
3.6751
3.6751
3.6751
3.6751
3.6751
3.6751
3.6751
3.6751
3.6751
3.6751
3.6751
3.6751
3.6751
3.6751
3.6751
3.6751
3.6751
3.6751
3.6751
3.6751
3.6751
3.6751
3.6751
3.6751
3.6751
3.6751
3.6751
3.6751
3.6751
3.6751
3.6751
3.6751
3.6751
3.6751
3.6751
3.6751
3.6751
3.6751
3.6751
3.6751
3.6751
3.6751
3.6751
3.6751
3.6751
3.6751
3.6751
3.6751
3.6751
3.6751
3.6751
3.6751
3.6751
3.6751
3.6751
3.6751
3.6751
3.6751
3.6751
3.6751
3.6751
3.6751
3.6751
3.6751
3.6751
3.6751
3.6751
3.6751
3.6751
3.6751
3.6751
3.6751
3.6751
3.6751
3.6751
3.6751
3.6751
3.6751
3.6751
3.6751
3.69885506449
3.73548121263
3.73753905594
3.73760996675
3.74060511
3.7444135261
3.77208041393
3.79668926779
3.79851755221
3.80008703981
3.8070355536
3.80871939816
3.81519432021
3.82820905655
3.82972504687
3.83104155519
3.83757877188
3.84024962691
3.84366810434
3.84827871958
3.86549686705
3.86981226254
3.87497689633
3.89460484535
3.90609251781
3.91090895742
3.91345704424
3.92501535704
3.93543570659
3.94730139628
3.95499685239
3.95597275706
3.96584751864
3.97045513449
3.97681674486
3.99554644937
4.00597905124
4.00772713488
4.00825386354
4.0136806582
4.01521454096
4.01694874031
