-5.51028786237
-5.50854258722
-5.50696895921
-5.50594333134
-5.50569280702
-5.5047163373
-5.50286735454
-5.49887171488
-5.49874708099
-5.49841473048
-5.49804005614
-5.48823804413
-5.48769484223
-5.48733813184
-5.48639253922
-5.48542492522
-5.48089726829
-5.48000588035
-5.47745647774
-5.47359898515
-5.4658225577
-5.46279791334
-5.45683801657
-5.4508649489
-5.44958438138
-5.44577257583
-5.43998400477
-5.43887954474
-5.43707410279
-5.43706849031
-5.4354861099
-5.43121538345
-5.4203649681
-5.41432963016
-5.4095715896
-5.40890279416
-5.40730103374
-5.40629682634
-5.40074064064
-5.40017417611
-5.39971236398
-5.39094207162
-5.38863053533
-5.38743788006
-5.38677467546
-5.3861994492
-5.37983451726
-5.3746441993
-5.36358943885
-5.36282299844
-5.36000635352
-5.35668844562
-5.35519588348
-5.35444714292
-5.35336384658
-5.3529956919
-5.3469402866
-5.33343058714
-5.32849027516
-5.32621408219
-5.32437797573
-5.32421856665
-5.32100003967
-5.31643196966
-5.31261713751
-5.31234864984
-5.31096303753
-5.30882435738
-5.30220223895
-5.30082120809
-5.30002779011
-5.29818597105
-5.29411921164
-5.28998776354
-5.28803949294
-5.28452910961
-5.28339747465
-5.27700598034
-5.27692256785
-5.27572380314
-5.27350463631
-5.27295634327
-5.26786962649
-5.26259093415
-5.26106364539
-5.25990487554
-5.25693387111
-5.24822696081
-5.24582304452
-5.24127414147
-5.24126239292
-5.23956360719
-5.22562417624
-5.21798303793
-5.21697884527
-5.21666719218
-5.21394879702
-5.21358242102
-5.21165528399
-5.21163105997
-5.21122572768
-5.20736103287
-5.20008800831
-5.1992078996
-5.1937868177
-5.19333786139
-5.1917327247
-5.18608629866
-5.17806543728
-5.17430270843
-5.17250466272
-5.17164892056
-5.15814660893
-5.15736794725
-5.15668569699
-5.15295739317
-5.14572776556
-5.14034117045
-5.13785889789
-5.13476496032
-5.13395791846
-5.13247671188
-5.1289581301
-5.12800227837
-5.12634690939
-5.12460175366
-5.12345683934
-5.11935372075
-5.11588710845
-5.113666397
-5.11304432469
-5.10814802212
-5.10620288594
-5.10530210031
-5.10220520185
-5.09925451787
-5.09599893448
-5.09478051875
-5.09310891996
-5.09171446244
-5.08374624091
-5.08100200268
-5.0751405027
-5.06927615366
-5.0664270169
-5.06466379964
-5.06449132411
-5.06210315304
-5.05560022527
-5.05378575715
-5.05189259626
-5.04387906374
-5.04008656365
-5.03311737564
-5.03049558598
-5.02960712001
-5.02871477098
-5.0273359724
-5.02508616614
-5.02285566376
-5.0221095937
-5.02051404184
-5.01718499708
-5.01187402443
-5.00978080006
-5.00771949514
-5.00191511984
-4.99129649462
-4.98724610654
-4.98448822392
-4.98331314636
-4.98324522353
-4.98098431203
-4.97943798591
-4.97750467049
-4.97479260218
-4.97217304567
-4.96957897301
-4.9594552525
-4.95887314651
-4.94935164389
-4.94830818714
-4.94224774111
-4.93596633259
-4.93207591832
-4.92754784169
-4.92209976163
-4.9211904362
-4.92038573874
-4.92025880177
-4.92000720799
-4.91989550619
-4.91475675619
-4.91436946361
-4.91010416453
-4.90946327365
-4.90868030696
-4.90794740575
-4.90760415512
-4.9062973857
-4.9051199364
-4.89592902862
-4.89467110678
-4.89164567156
-4.88956056282
-4.88564721297
-4.88520698644
-4.88345923477
-4.87942122789
-4.87766530781
-4.86584286929
-4.86435628731
-4.85996043272
-4.85916274777
-4.85538794801
-4.84994704501
-4.84759662291
-4.84457991025
-4.83824345705
-4.83757106225
-4.83273477924
-4.82983080024
-4.8241101194
-4.82129379494
-4.81870383162
-4.81775141522
-4.81228145614
-4.81196745271
-4.80435483169
-4.80419873849
-4.80307109551
-4.8007589302
-4.80021484417
-4.79615602722
-4.79237147737
-4.79204267232
-4.7907851834
-4.78997671197
-4.78834475465
-4.78412394918
-4.77784134488
-4.7720246288
-4.7578694493
-4.75313495895
-4.75169659912
-4.75145966495
-4.74693007719
-4.74481402372
-4.7441333725
-4.74218139805
-4.74157699898
-4.73975687478
-4.73713294287
-4.7340931857
-4.72957622765
-4.72205427732
-4.72150370481
-4.71935508772
-4.71935494479
-4.71597054161
-4.71513104375
-4.71473136381
-4.71340597641
-4.71153682186
-4.70421572048
-4.69854805403
-4.69803717848
-4.6968984296
-4.69013437679
-4.68282924007
-4.68157253035
-4.67992954319
-4.67887248686
-4.67792770418
-4.67547765752
-4.67201345748
-4.66931538572
-4.66881843092
-4.66841441614
-4.66691450567
-4.66216397356
-4.65764563909
-4.65449044345
-4.65100228216
-4.64852354383
-4.64360675798
-4.63983657592
-4.62922892834
-4.62841529339
-4.62666304116
-4.62535177623
-4.62065544402
-4.62051683886
-4.61722764624
-4.61461944848
-4.61218637195
-4.61169151397
-4.60235520442
-4.60193394962
-4.60174157517
-4.59543439297
-4.59192544764
-4.59185266092
-4.59090714033
-4.58654583066
-4.57605587401
-4.57596221546
-4.57486877968
-4.5724484337
-4.55975021402
-4.5589850469
-4.55736474296
-4.55729239311
-4.55565319055
-4.55561257814
-4.54788674513
-4.54550049522
-4.54357700912
-4.53619099757
-4.53503297807
-4.5305198737
-4.52866476435
-4.52300448551
-4.52198334149
-4.51888611868
-4.51839721119
-4.51603983476
-4.51358061768
-4.5125131542
-4.51249651185
-4.51032288102
-4.50851101308
-4.50748530766
-4.50603427485
-4.505131983
-4.50178970749
-4.49900957025
-4.49543058078
-4.49116746092
-4.48612565492
-4.48558257695
-4.48424313472
-4.48256123785
-4.481877128
-4.47493936114
-4.47369520552
-4.46317310459
-4.46094929091
-4.46090190288
-4.44927269724
-4.44650182562
-4.4460705728
-4.44087083975
-4.43813469591
-4.43391800486
-4.43228571902
-4.43106166234
-4.42995643785
-4.42613234915
-4.42496660923
-4.42131936589
-4.41878753768
-4.41634033469
-4.41568427294
-4.4093501197
-4.40910377452
-4.40509975901
-4.40479682892
-4.40275335435
-4.40216441864
-4.40200846578
-4.39882606177
-4.39477634096
-4.38809291751
-4.38764749084
-4.38242916646
-4.37585678887
-4.371336217
-4.36267263372
-4.36052834374
-4.35679895103
-4.35514626899
-4.35500855456
-4.35334443161
-4.35308013131
-4.34912460458
-4.34493317176
-4.34042425931
-4.33801601291
-4.33599972928
-4.33148217458
-4.32911078299
-4.32395948825
-4.32318161481
-4.31855496382
-4.31789290683
-4.31376237333
-4.31344154967
-4.31317087845
-4.31204108274
-4.31070757387
-4.30842038594
-4.30530314082
-4.2999422345
-4.29870237325
-4.29595663267
-4.2959047641
-4.29369668846
-4.29367873775
-4.288684549
-4.28684310101
-4.28347946007
-4.28039654376
-4.27613244376
-4.27121862988
-4.27090968712
-4.26683832841
-4.26457042979
-4.264075245
-4.26358341366
-4.2586490139
-4.25504378528
-4.25466883052
-4.24783586319
-4.24364684326
-4.24175578393
-4.24027780356
-4.23075064532
-4.22813138556
-4.22612028254
-4.22315416996
-4.22193801371
-4.21786514064
-4.21655153862
-4.21427642685
-4.21302983208
-4.20953948449
-4.20621739301
-4.19880718885
-4.19674851153
-4.19164023869
-4.18933168135
-4.18849734687
-4.18849496309
-4.1798342798
-4.17898213283
-4.17842131624
-4.17713190076
-4.17396856392
-4.17155769346
-4.16949908503
-4.16899526335
-4.16205045293
-4.15922404385
-4.15763255107
-4.15734059928
-4.15670017222
-4.15464605111
-4.15117929969
-4.13824555565
-4.13388825429
-4.1337142362
-4.13269591993
-4.1261686986
-4.12400114835
-4.117478569
-4.11689389521
-4.11623594302
-4.1156189595
-4.11540334197
-4.11373330453
-4.11147907817
-4.11067369689
-4.10900013341
-4.10726217697
-4.10561769872
-4.10508121156
-4.10366174826
-4.10324305617
-4.10220401179
-4.10207909157
-4.08765196504
-4.08556727388
-4.08245985701
-4.0824561192
-4.07925602737
-4.07791562628
-4.07481477367
-4.06635019858
-4.06610585798
-4.05874770124
-4.05332530123
-4.05050135285
-4.04863885803
-4.04752544577
-4.04518382042
-4.04372145112
-4.04317143221
-4.04203470418
-4.03938501493
-4.0366035135
-4.03060002122
-4.02794095117
-4.02449832255
-4.02116093301
-4.0184450177
-4.01811090109
-4.01582818867
-4.01497134546
-4.00843771742
-4.00824610938
-4.00702094659
-4.00351677184
-4.001587845
-4.00101140092
-3.99563071988
-3.99269643913
-3.99031200087
-3.98749756502
-3.98687751419
-3.98515073763
-3.98298664888
-3.97545537665
-3.96842962608
-3.96286287844
-3.96135368158
-3.95936246639
-3.95356724567
-3.95220954615
-3.94918877256
-3.94604031156
-3.94319554135
-3.94317224685
-3.93864023493
-3.93756468932
-3.93693009065
-3.93105476902
-3.9281472555
-3.92564127113
-3.92325621075
-3.92162923946
-3.92044923755
-3.92012757477
-3.92010508824
-3.91623513448
-3.91597235609
-3.91486717268
-3.91365268192
-3.91334324663
-3.90871396481
-3.90683782597
-3.90559112758
-3.90037576176
-3.89764410197
-3.89628744137
-3.89463444982
-3.89023886638
-3.88919825933
-3.88812039422
-3.88182452697
-3.87434330854
-3.87067491012
-3.86851824713
-3.86744388889
-3.86721437735
-3.86701755054
-3.8640996285
-3.85962126717
-3.85803551519
-3.8525980463
-3.8519833971
-3.85135741684
-3.85008848997
-3.84817281903
-3.84778513113
-3.82905582826
-3.82764124292
-3.82740143487
-3.82312319926
-3.8227638772
-3.82243593215
-3.82192969123
-3.81860043177
-3.81588384959
-3.81422334491
-3.80837249935
-3.80275340546
-3.79494323416
-3.79448392518
-3.79437625909
-3.79399369455
-3.79189175599
-3.78804523983
-3.78763094434
-3.78557780696
-3.78444345475
-3.78133988111
-3.77523673227
-3.77521430237
-3.77499949102
-3.7720469922
-3.76838860864
-3.76411660356
-3.76337351916
-3.7623338281
-3.76184624726
-3.7557663013
-3.75472847243
-3.75247535306
-3.7491138598
-3.74788514256
-3.7402415007
-3.73551305658
-3.73252453261
-3.72955451966
-3.72947811809
-3.72766164983
-3.72648974984
-3.72533570025
-3.72444647041
-3.71795037484
-3.71739324639
-3.71583838648
-3.71412379936
-3.71160457155
-3.71147635033
-3.71023938421
-3.70809580657
-3.70666214227
-3.70548243899
-3.7038179258
-3.69911144244
-3.69804292757
-3.69284830231
-3.69085820117
-3.68651348686
-3.68454112024
-3.67939626128
-3.6744496514
-3.67366021675
-3.66828139881
-3.6632464392
-3.66254878034
-3.66137644449
-3.65962889408
-3.65671974789
-3.65565498375
-3.65449875723
-3.65354002788
-3.64971536927
-3.64897476441
-3.64305332974
-3.63823298942
-3.63712681925
-3.63113485589
-3.63111325937
-3.62905275852
-3.62864299115
-3.62706629257
-3.62240772492
-3.6210617934
-3.62068721737
-3.61686701745
-3.61481156056
-3.6116149215
-3.6087011344
-3.60657433766
-3.60261275088
-3.60131155807
-3.59933520562
-3.59890511624
-3.5984533952
-3.59596234341
-3.59044141989
-3.58938648162
-3.58847497159
-3.58162483211
-3.57125894923
-3.5679391963
-3.56714062178
-3.56551152639
-3.56480516965
-3.56330283968
-3.56324357025
-3.5555822191
-3.55227597095
-3.55025829998
-3.55017566047
-3.54952005995
-3.54478732539
-3.54338130342
-3.54160789062
-3.53893657619
-3.53709755765
-3.53385286247
-3.53225994582
-3.5317859056
-3.53093220666
-3.53017158628
-3.52802165978
-3.52399077385
-3.52391169976
-3.52027571913
-3.52019117361
-3.51897361034
-3.51859697445
-3.51654698034
-3.5140350308
-3.5134958793
-3.51245578854
-3.50751263875
-3.50017949617
-3.50011794993
-3.49895017003
-3.49411816794
-3.49228081052
-3.48709864162
-3.48106925139
-3.48066833669
-3.48031115587
-3.47120829492
-3.47099245608
-3.47084748346
-3.46637674272
-3.46501511068
-3.46482770488
-3.4616974096
-3.46056118237
-3.45762608453
-3.44978460785
-3.44932255154
-3.44865351356
-3.44814126906
-3.44565672053
-3.44533652355
-3.44394356829
-3.44002043787
-3.43858213391
-3.43781967739
-3.43095303431
-3.42746578399
-3.41960916245
-3.41919784459
-3.41876295728
-3.4183048587
-3.41653855596
-3.40051307456
-3.40036112758
-3.39881355771
-3.39836618663
-3.39633174037
-3.39334463897
-3.39277687745
-3.39244240358
-3.39169422717
-3.39017945498
-3.3899437632
-3.38700271849
-3.38700073692
-3.38485486998
-3.38347847104
-3.38297457311
-3.37918474604
-3.37778826426
-3.37357882232
-3.37347897324
-3.37049669142
-3.36825602451
-3.36593079712
-3.36533854285
-3.35905826467
-3.35816172567
-3.35784927285
-3.35422831242
-3.35386767505
-3.35033093898
-3.34785978981
-3.34519777948
-3.34425503352
-3.34236560711
-3.3371193838
-3.33467433044
-3.33363809711
-3.32882765213
-3.32775411296
-3.32696187343
-3.3261586222
-3.32429736134
-3.3183638654
-3.31695113102
-3.31688111938
-3.31437246925
-3.31301749104
-3.30986533883
-3.30937455501
-3.30589622398
-3.30575781482
-3.29904168549
-3.293749672
-3.28848119258
-3.285935179
-3.28261769975
-3.2803319013
-3.27642606405
-3.27383777192
-3.27297081345
-3.27201742262
-3.27184424611
-3.26767144676
-3.2675454824
-3.26604996964
-3.26587119549
-3.26316361106
-3.26119051929
-3.25769615356
-3.25692411338
-3.25310805448
-3.25197465961
-3.25142035351
-3.24192731152
-3.24182755934
-3.24059061071
-3.24006614439
-3.23997394077
-3.23837355618
-3.23388835169
-3.23093227673
-3.23038628177
-3.23025310964
-3.22738412354
-3.22611474761
-3.22533798735
-3.22437131647
-3.2213542277
-3.21802719592
-3.21342628424
-3.20982305645
-3.20627359824
-3.20468278358
-3.20234033183
-3.20146477849
-3.19969218395
-3.19898196768
-3.19226435369
-3.19185010737
-3.19160083347
-3.18920003705
-3.18810961158
-3.18736964026
-3.1864422289
-3.18493291708
-3.18455180404
-3.18087816389
-3.17129025397
-3.17075125366
-3.17009284974
-3.1698764704
-3.16883009349
-3.16708113584
-3.16558130216
-3.16428645235
-3.16202673993
-3.15722001038
-3.15278571422
-3.15028636023
-3.14064274701
-3.13985713455
-3.13904387558
-3.13708559634
-3.13577712483
-3.13347338136
-3.13331338631
-3.13158713058
-3.13094105824
-3.1300523796
-3.12925068922
-3.1269126552
-3.12674011105
-3.12249520393
-3.11575944892
-3.11369839202
-3.11350457921
-3.11307048767
-3.10967584186
-3.10879959792
-3.10548687579
-3.10100960586
-3.10014189428
-3.0979579383
-3.09744898734
-3.09604947922
-3.09287837274
-3.09141019495
-3.0905953175
-3.08679390334
-3.08663955075
-3.08635521809
-3.08476973561
-3.08172595255
-3.0775766681
-3.07383593807
-3.07052546601
-3.06915968992
-3.0690006983
-3.06899249802
-3.06692409271
-3.06164107233
-3.06143694062
-3.06094789409
-3.05596147704
-3.05530586471
-3.05143840601
-3.04968644616
-3.0495665344
-3.0494852309
-3.04514027583
-3.04285757809
-3.03795329033
-3.0379291427
-3.03630538168
-3.03522889952
-3.03414865919
-3.02970044703
-3.02740405975
-3.02725698722
-3.02676149355
-3.02184055624
-3.01990150782
-3.01904485332
-3.01759148123
-3.01252355345
-3.00564198288
-3.00360553439
-3.00299859726
-3.00276672538
-3.00239603175
-3.00237919747
-3.00131240306
-3.00024764004
-2.99705755535
-2.99679417736
-2.99504446878
-2.99464162895
-2.99203561143
-2.99175476826
-2.98647820846
-2.98436033159
-2.97924953467
-2.9763616874
-2.97490376256
-2.97487237847
-2.97286083127
-2.96748365854
-2.96606597196
-2.9660226682
-2.96446708609
-2.96397430663
-2.96342308549
-2.96110374584
-2.95599588507
-2.95506993073
-2.95485320953
-2.9516047051
-2.95027780073
-2.94996488592
-2.94759684667
-2.9458192659
-2.94556730019
-2.93771324741
-2.93659665406
-2.93458437539
-2.93305594605
-2.93295749247
-2.93279915011
-2.93162510442
-2.92461450821
-2.92427886883
-2.92271753439
-2.92239049305
-2.92220596954
-2.91883803376
-2.91734546575
-2.9168185413
-2.91570143365
-2.91316762552
-2.90526851119
-2.90404179464
-2.90276153646
-2.90268490752
-2.8984701749
-2.89832085166
-2.89813910492
-2.89801052781
-2.89449602589
-2.89430582119
-2.88415249077
-2.88254359824
-2.88208312503
-2.88126937746
-2.88053724748
-2.88044385365
-2.87868506513
-2.87759209932
-2.87282153477
-2.86977299713
-2.86949604245
-2.8669447355
-2.86471374915
-2.86416968387
-2.86313825057
-2.86100670964
-2.8593874184
-2.85584052062
-2.85524973862
-2.85344182038
-2.85299614279
-2.85061144695
-2.84973599513
-2.84923884081
-2.84638655397
-2.84479502215
-2.84257378679
-2.84123207649
-2.83841630961
-2.83841422062
-2.8372059668
-2.83666837662
-2.83504283113
-2.8347386545
-2.83194249521
-2.83185737016
-2.83139335555
-2.82115858417
-2.82073172071
-2.82006390584
-2.81866961972
-2.81573960262
-2.81570386846
-2.81371828163
-2.80918627754
-2.80752930293
-2.80742446499
-2.80727588923
-2.80613168014
-2.80453620347
-2.80217877635
-2.80212442407
-2.79599767404
-2.79579391412
-2.79521448601
-2.79487832889
-2.79124760966
-2.79071564114
-2.7873563058
-2.78705207135
-2.78513096753
-2.78416984633
-2.78277444219
-2.78256221845
-2.78165661899
-2.7808586345
-2.77958266429
-2.77687645476
-2.77626086404
-2.76960526075
-2.76944031238
-2.76623352179
-2.76526230263
-2.76263242583
-2.7624042781
-2.75187354231
-2.75155434468
-2.74980528076
-2.74311787001
-2.74249529833
-2.74113225272
-2.74084942337
-2.73947354154
-2.73850596907
-2.73836553447
-2.73753790478
-2.73695203355
-2.73388915101
-2.73349755872
-2.73245518603
-2.73232484468
-2.73154724747
-2.73110927897
-2.73062408304
-2.73037719165
-2.72766488545
-2.72638351517
-2.72605263032
-2.72585267352
-2.72420228642
-2.72314086484
-2.72078954165
-2.72040198204
-2.72000778906
-2.71637830872
-2.71625799561
-2.71510376934
-2.71427279605
-2.71235558223
-2.70951651894
-2.708759026
-2.70629128715
-2.70398263498
-2.70327616588
-2.70055769649
-2.70023229568
-2.69898484065
-2.69773656618
-2.69641658052
-2.69535378203
-2.69353049528
-2.69007645484
-2.68897526606
-2.6884138056
-2.6883940969
-2.68540556784
-2.68519887148
-2.68099323237
-2.67695352903
-2.67621617569
-2.67579973448
-2.67518387868
-2.67509341699
-2.67275705968
-2.67251485217
-2.67119306023
-2.6669116846
-2.66643883314
-2.66560209804
-2.6653300474
-2.66358769819
-2.66319755486
-2.66114715546
-2.65960596917
-2.65799716044
-2.65720652979
-2.65705733214
-2.65579678819
-2.65571792507
-2.65426236018
-2.65067636895
-2.64963820538
-2.64509137059
-2.64459224052
-2.6441863327
-2.64214652477
-2.64072441748
-2.63732388284
-2.63522101648
-2.63463332725
-2.63230630012
-2.63173824069
-2.63021354148
-2.62938600011
-2.62444394344
-2.62360730569
-2.62315520595
-2.6228460523
-2.62239615893
-2.61996282491
-2.61943575956
-2.61571427529
-2.61542446584
-2.61501661114
-2.61488622749
-2.61442671241
-2.61408447197
-2.61278399971
-2.60948850071
-2.60894886906
-2.60762622561
-2.60406576205
-2.60361705494
-2.60325031747
-2.60102991358
-2.6
-2.6
-2.6
-2.6
-2.6
-2.6
-2.6
-2.6
-2.6
-2.6
-2.6
-2.6
-2.6
-2.6
-2.6
-2.6
-2.6
-2.6
-2.6
-2.6
-2.59903384455
-2.59673754621
-2.59617592252
-2.59345733957
-2.5931052674
-2.59154717235
-2.59040732243
-2.58701271933
-2.58549908615
-2.58534679217
-2.58472112057
-2.5826137652
-2.58012541421
-2.57989590243
-2.57784851503
-2.57703098537
-2.57668571142
-2.575791927
-2.57409650964
-2.5739352372
-2.5724393532
-2.57220790734
-2.5715710562
-2.56955018524
-2.56939505316
-2.5619533538
-2.5603903987
-2.55986852656
-2.55739418669
-2.55271940338
-2.5519156402
-2.55150275799
-2.55128963045
-2.54866443119
-2.54474674388
-2.54384122052
-2.5425858928
-2.54215973143
-2.54175494622
-2.53805705967
-2.53479431034
-2.53350254698
-2.53322199321
-2.53274955731
-2.53196188061
-2.5307804369
-2.53047064932
-2.52921969809
-2.52843280447
-2.52646450149
-2.52495406845
-2.52400010249
-2.5237475336
-2.52267478082
-2.52195166718
-2.51989870936
-2.51730987425
-2.51521407307
-2.51383746128
-2.51040738108
-2.50720709161
-2.50674802078
-2.50484002094
-2.50108799306
-2.4997815154
-2.49919930931
-2.49746419244
-2.49677711079
-2.49298879561
-2.49051981632
-2.4900495625
-2.48782097271
-2.48687643777
-2.48683414329
-2.48593754734
-2.48461675271
-2.48148755325
-2.48079565056
-2.48056027209
-2.47900786419
-2.4777840218
-2.47686044032
-2.47584508206
-2.47582728423
-2.47469710618
-2.47302820251
-2.47125422344
-2.47001841137
-2.46888818264
-2.46785282035
-2.46654713566
-2.46611084899
-2.46608413796
-2.46180941896
-2.46077105444
-2.45919825534
-2.45581601148
-2.45441699103
-2.45274625333
-2.45245548971
-2.44846696608
-2.44554238055
-2.44550476692
-2.44350573238
-2.44185647898
-2.43984220086
-2.43599498733
-2.43512954114
-2.42854416891
-2.42447640777
-2.42361119631
-2.41930285578
-2.4191443781
-2.41853442893
-2.41619159768
-2.41599480341
-2.41426102358
-2.41382921143
-2.41144923193
-2.40784420726
-2.40749541896
-2.40606900867
-2.40482490107
-2.40480766702
-2.40478489108
-2.40308661103
-2.40111584211
-2.3975182731
-2.39646313475
-2.3954334124
-2.39414503392
-2.38890572225
-2.38751458268
-2.37681302586
-2.37610389451
-2.37599971909
-2.37447020697
-2.37197182535
-2.37092517338
-2.36888507903
-2.36742781446
-2.36677822509
-2.36478431296
-2.36028228461
-2.35503980733
-2.3538190346
-2.35370398018
-2.3535952055
-2.35224796175
-2.35149070064
-2.35111610535
-2.3469515173
-2.34058767273
-2.33867976453
-2.33832663668
-2.336978044
-2.33629576029
-2.33600252863
-2.33494563837
-2.3345149054
-2.3332354924
-2.33280388157
-2.33090734696
-2.33074169864
-2.3293715298
-2.32898831141
-2.32856704616
-2.32691582352
-2.32665526031
-2.32596893301
-2.31042577491
-2.30737032582
-2.30415523003
-2.30302499135
-2.30242875671
-2.30127548872
-2.29686809679
-2.29197521293
-2.2912238629
-2.28822178672
-2.28208413594
-2.2811840102
-2.27923651798
-2.2786965887
-2.27639908937
-2.27398130614
-2.26810038329
-2.26805489389
-2.26773454189
-2.26577822193
-2.26572745901
-2.26206652439
-2.25821010257
-2.25571405717
-2.25354209668
-2.25024636253
-2.24945384655
-2.24741447072
-2.24548206632
-2.24037567273
-2.23871344698
-2.23712095507
-2.23587102267
-2.23482859679
-2.23482065711
-2.23250294457
-2.23146896558
-2.22850960898
-2.22735250355
-2.22586289192
-2.22235491631
-2.22199677812
-2.21942982221
-2.21230939794
-2.21187832159
-2.20503799984
-2.20457556831
-2.2013293299
-2.20016342918
-2.19868759694
-2.19604458266
-2.19417759386
-2.1929348983
-2.19146089624
-2.18667511648
-2.18272288332
-2.18121877238
-2.18064605176
-2.17785920717
-2.17678453347
-2.17292508938
-2.17268262314
-2.16628241466
-2.16484790333
-2.16333852517
-2.16050732926
-2.14733753858
-2.14370569039
-2.14208717126
-2.14144145961
-2.13947362727
-2.13828060828
-2.13352619914
-2.13278812505
-2.13263494952
-2.13179674892
-2.13086425156
-2.13023049066
-2.12992454492
-2.12631486584
-2.12564971565
-2.12425379523
-2.11655988325
-2.1161462386
-2.11545918313
-2.1146982816
-2.11438860202
-2.09920337307
-2.0984223622
-2.09562750862
-2.09405918681
-2.09329203521
-2.0840806788
-2.08367867371
-2.07370782438
-2.07175274052
-2.07129128947
-2.06986748311
-2.06755274863
-2.06743168955
-2.06280655444
-2.06261354825
-2.06241964847
-2.06235323343
-2.06169716511
-2.05658607025
-2.05500316409
-2.05133282759
-2.04839412834
-2.04605314022
-2.04355761908
-2.03616281365
-2.0293548665
-2.0274881348
-2.02417778828
-2.01801988788
-2.01229291603
-2.01208713001
-2.01085711078
-2.0077561973
-2.00639643791
-2.00629991337
-2.00575876658
-2.00461926264
-2.00168793357
-2.00061974822
-1.9988229714
-1.99691524912
-1.99185815499
-1.99160924589
-1.99101327201
-1.97997913146
-1.9765270887
-1.97543337029
-1.96574896011
-1.96077069467
-1.95979599411
-1.95741099526
-1.95542212598
-1.95224433424
-1.94354774335
-1.94222460968
-1.93862893612
-1.93514420626
-1.9331180506
-1.93232855324
-1.93080491882
-1.92846453987
-1.92718488012
-1.92548325336
-1.92533385512
-1.92400932699
-1.91822543821
-1.90925981979
-1.90427217757
-1.90300997543
-1.90167355963
-1.89908776442
-1.88746030014
-1.88389247405
-1.88177671958
-1.88018529766
-1.8750837177
-1.87438685307
-1.87420526327
-1.87358586169
-1.87289982797
-1.87204346315
-1.86836352975
-1.86417260189
-1.85816234563
-1.8566620238
-1.85623812563
-1.85609563926
-1.84452497344
-1.83636785964
-1.83211995968
-1.82897940757
-1.82577885338
-1.82286892017
-1.81787924832
-1.81439012282
-1.81426078612
-1.80841480415
-1.80502296513
-1.80340928776
-1.7977890103
-1.79559871882
-1.78872747137
-1.78847873247
-1.78763291108
-1.78438854974
-1.78421976792
-1.77761567664
-1.77023146344
-1.76145374497
-1.76092651517
-1.75887051557
-1.75796192192
-1.75356929023
-1.73982873661
-1.73974160244
-1.73924616402
-1.73741340455
-1.73382627637
-1.73209447209
-1.73044781437
-1.7303112165
-1.72947085595
-1.72665546217
-1.72044141531
-1.71248537391
-1.70985784412
-1.70939844357
-1.70850461368
-1.69571895231
-1.68603589767
-1.68469121182
-1.67906044851
-1.67704578872
-1.67301995428
-1.67234139822
-1.67172117272
-1.66995049186
-1.66774005418
-1.65635350738
-1.64301312669
-1.63814735509
-1.63785130555
-1.6361973888
-1.63423370849
-1.6327261141
-1.6247872141
-1.62142807375
-1.61619728054
-1.60724607326
-1.60628307372
-1.60624057598
-1.60004532727
-1.59972314241
-1.58692523016
-1.58682496237
-1.58668378055
-1.57785881061
-1.57673566848
-1.57656148661
-1.57475335713
-1.57053500609
-1.56427639841
-1.56345360172
-1.5590950966
-1.55308243853
-1.5524333339
-1.5478809169
-1.54206388617
-1.53508507582
-1.52646900792
-1.52197602862
-1.52100398871
-1.51825677663
-1.5139088419
-1.49667304447
-1.48192580177
-1.47919684304
-1.4774229942
-1.47640386524
-1.47569891833
-1.47496089923
-1.47373291251
-1.4710270574
-1.46782946252
-1.44817516632
-1.44553604179
-1.44467556107
-1.44425560864
-1.4337080064
-1.42623350434
-1.42319667163
-1.41698863179
-1.41430427012
-1.41313104972
-1.41286343724
-1.41271328116
-1.40922393177
-1.4073856427
-1.40562374091
-1.39862277345
-1.38667443915
-1.38606719634
-1.36711028777
-1.36597797142
-1.36383280415
-1.35202834524
-1.35178713512
-1.33854035661
-1.32650270941
-1.3219372209
-1.31377729201
-1.31021440863
-1.30618602944
-1.30588604053
-1.30509426239
-1.30015765729
-1.29121232877
-1.28617492742
-1.28444628078
-1.28178905165
-1.27550009871
-1.27168778288
-1.26000394986
-1.25002549861
-1.2446424753
-1.24109343742
-1.23954039438
-1.23767043411
-1.23343667014
-1.22767560932
-1.21773891048
-1.21739131673
-1.21163476011
-1.21152028282
-1.19994259252
-1.18906014505
-1.17258221842
-1.16668211802
-1.15745155851
-1.14667469877
-1.14645507774
-1.14067738647
-1.1320751716
-1.12488417599
-1.12399137923
-1.12392216626
-1.12129824854
-1.11897651742
-1.09115197435
-1.0889159449
-1.08033346311
-1.07085574158
-1.07003888482
-1.06818734023
-1.0620395904
-1.05324510145
-1.05295713882
-1.04807579197
-1.03977050686
-1.03197065576
-1.0307194386
-1.02938953572
-1.01992617798
-0.983144904704
-0.967325348418
-0.965988199124
-0.963470477529
-0.957294121317
-0.956474324795
-0.937266902251
-0.936221635523
-0.932221362266
-0.924695557802
-0.908337026198
-0.897189984782
-0.894377653251
-0.891579614064
-0.879730450434
-0.879264876617
-0.878634775342
-0.859608693095
-0.854100657573
-0.847217341646
-0.842215910361
-0.826067442335
-0.795613980084
-0.787053919756
-0.784232792045
-0.769474436516
-0.760082627769
-0.747963755213
-0.745091770765
-0.73108452923
-0.724945574023
-0.715260340017
-0.697808589579
-0.696053944185
-0.686233500855
-0.668962158611
-0.658961806532
-0.65433437967
-0.653239442758
-0.641014953097
-0.576438597052
-0.576290220133
-0.562671747741
-0.556603679932
-0.555634284042
-0.525934090131
-0.521114258851
-0.496231669992
-0.493558712109
-0.475172331692
-0.453573593931
-0.450378409903
-0.395645168309
-0.360792649929
-0.350855788996
-0.331071828702
-0.302867354539
-0.294266451304
-0.250353111319
-0.156120936258
-0.076922567851
-0.0261715022107
-0.00594958998898
-0.000991521708202
-0.000129664276538
-1.35854460635e-05
-1.13733592773e-06
-7.48791209754e-08
-3.77621642284e-09
-1.40558719991e-10
-3.67221071531e-12
-6.29127284123e-14
-6.44788584504e-16
-3.2390539903e-18
-1.82959116607e-18
-5.42101086243e-19
-4.33680868994e-19
-2.98155597434e-19
-1.89735380185e-19
-6.77626357803e-20
5.42101086243e-20
8.13151629364e-20
2.43945488809e-19
3.1170812459e-19
4.06575814682e-19
2.75116301268e-18
7.60296773455e-18
6.42159394236e-16
6.29146257661e-14
3.67221029518e-12
1.4055872056e-10
3.7762164214e-09
7.48791209768e-08
1.13733592772e-06
1.35854460635e-05
0.000129664276538
0.000991521708202
0.00594958998899
0.0261715022107
0.0769225678512
0.156120936258
0.250353111319
0.294266451304
0.30286735454
0.331071828702
0.350855788997
0.360792649928
0.395645168309
0.450378409902
0.45357359393
0.475172331691
0.493558712109
0.496231669991
0.52111425885
0.52593409013
0.555634284042
0.556603679932
0.56267174774
0.576290220132
0.576438597054
0.641014953097
0.653239442758
0.65433437967
0.658961806532
0.668962158611
0.686233500855
0.696053944185
0.697808589579
0.715260340017
0.724945574023
0.73108452923
0.745091770765
0.747963755213
0.760082627769
0.769474436516
0.784232792045
0.787053919756
0.795613980084
0.826067442335
0.84221591036
0.847217341646
0.854100657573
0.859608693095
0.878634775342
0.879264876617
0.879730450434
0.891579614064
0.894377653251
0.897189984782
0.908337026198
0.924695557802
0.932221362266
0.936221635523
0.937266902251
0.956474324795
0.957294121317
0.963470477529
0.965988199124
0.967325348418
0.983144904704
1.01992617798
1.02938953572
1.0307194386
1.03197065576
1.03977050686
1.04807579197
1.05295713882
1.05324510145
1.0620395904
1.06818734023
1.07003888482
1.07085574158
1.08033346311
1.0889159449
1.09115197435
1.11897651742
1.12129824854
1.12392216626
1.12399137923
1.12488417599
1.1320751716
1.14067738647
1.14645507774
1.14667469877
1.15745155851
1.16668211802
1.17258221842
1.18906014505
1.19994259252
1.21152028282
1.21163476011
1.21739131673
1.21773891048
1.22767560932
1.23343667014
1.23767043411
1.23954039438
1.24109343742
1.2446424753
1.25002549861
1.26000394986
1.27168778288
1.27550009871
1.28178905165
1.28444628078
1.28617492742
1.29121232877
1.30015765729
1.30509426239
1.30588604053
1.30618602944
1.31021440863
1.31377729201
1.3219372209
1.32650270941
1.33854035661
1.35178713512
1.35202834524
1.36383280415
1.36597797142
1.36711028777
1.38606719634
1.38667443915
1.39862277345
1.40562374091
1.4073856427
1.40922393177
1.41271328116
1.41286343724
1.41313104972
1.41430427012
1.41698863179
1.42319667163
1.42623350434
1.4337080064
1.44425560864
1.44467556107
1.44553604179
1.44817516632
1.46782946252
1.4710270574
1.47373291251
1.47496089923
1.47569891833
1.47640386524
1.4774229942
1.47919684304
1.48192580177
1.49667304447
1.5139088419
1.51825677662
1.52100398871
1.52197602862
1.52646900792
1.53508507582
1.54206388617
1.5478809169
1.5524333339
1.55308243853
1.5590950966
1.56345360172
1.56427639841
1.57053500609
1.57475335713
1.57656148661
1.57673566848
1.57785881061
1.58668378055
1.58682496237
1.58692523016
1.59972314241
1.60004532727
1.60624057598
1.60628307372
1.60724607326
1.61619728054
1.62142807375
1.6247872141
1.6327261141
1.63423370849
1.6361973888
1.63785130555
1.63814735509
1.64301312669
1.65635350738
1.66774005418
1.66995049186
1.67172117272
1.67234139822
1.67301995428
1.67704578872
1.67906044851
1.68469121182
1.68603589767
1.69571895231
1.70850461368
1.70939844357
1.70985784412
1.7124853739
1.72044141531
1.72665546217
1.72947085595
1.7303112165
1.73044781437
1.73209447209
1.73382627637
1.73741340455
1.73924616402
1.73974160244
1.73982873661
1.75356929023
1.75796192192
1.75887051557
1.76092651517
1.76145374497
1.77023146344
1.77761567664
1.78421976792
1.78438854974
1.78763291108
1.78847873247
1.78872747137
1.79559871882
1.7977890103
1.80340928776
1.80502296513
1.80841480415
1.81426078612
1.81439012282
1.81787924832
1.82286892017
1.82577885338
1.82897940757
1.83211995968
1.83636785964
1.84452497344
1.85609563926
1.85623812563
1.8566620238
1.85816234563
1.86417260189
1.86836352975
1.87204346315
1.87289982797
1.87358586169
1.87420526327
1.87438685307
1.8750837177
1.88018529766
1.88177671958
1.88389247405
1.88746030014
1.89908776442
1.90167355963
1.90300997543
1.90427217757
1.90925981979
1.91822543821
1.92400932699
1.92533385512
1.92548325336
1.92718488012
1.92846453987
1.93080491882
1.93232855324
1.9331180506
1.93514420626
1.93862893612
1.94222460968
1.94354774335
1.95224433424
1.95542212598
1.95741099526
1.95979599411
1.96077069467
1.96574896011
1.97543337029
1.9765270887
1.97997913146
1.99101327201
1.99160924589
1.99185815499
1.99691524912
1.9988229714
2.00061974822
2.00168793357
2.00461926264
2.00575876658
2.00629991337
2.00639643791
2.0077561973
2.01085711078
2.01208713001
2.01229291603
2.01801988788
2.02417778828
2.0274881348
2.0293548665
2.03616281365
2.04355761908
2.04605314022
2.04839412834
2.05133282759
2.05500316409
2.05658607025
2.06169716511
2.06235323343
2.06241964847
2.06261354825
2.06280655444
2.06743168955
2.06755274863
2.06986748311
2.07129128947
2.07175274052
2.07370782438
2.08367867371
2.0840806788
2.09329203521
2.09405918681
2.09562750862
2.0984223622
2.09920337307
2.11438860202
2.1146982816
2.11545918313
2.1161462386
2.11655988325
2.12425379523
2.12564971565
2.12631486584
2.12992454492
2.13023049066
2.13086425156
2.13179674892
2.13263494952
2.13278812505
2.13352619914
2.13828060828
2.13947362727
2.14144145961
2.14208717126
2.14370569039
2.14733753858
2.16050732926
2.16333852517
2.16484790333
2.16628241466
2.17268262314
2.17292508938
2.17678453347
2.17785920717
2.18064605176
2.18121877238
2.18272288332
2.18667511648
2.19146089624
2.1929348983
2.19417759386
2.19604458266
2.19868759694
2.20016342918
2.2013293299
2.20457556831
2.20503799984
2.21187832159
2.21230939794
2.21942982221
2.22199677812
2.22235491631
2.22586289192
2.22735250355
2.22850960898
2.23146896558
2.23250294457
2.23482065711
2.23482859679
2.23587102267
2.23712095507
2.23871344698
2.24037567273
2.24548206632
2.24741447072
2.24945384655
2.25024636253
2.25354209668
2.25571405717
2.25821010257
2.26206652439
2.26572745901
2.26577822193
2.26773454189
2.26805489389
2.26810038329
2.27398130614
2.27639908937
2.2786965887
2.27923651798
2.2811840102
2.28208413594
2.28822178672
2.2912238629
2.29197521293
2.29686809679
2.30127548872
2.30242875671
2.30302499135
2.30415523003
2.30737032582
2.31042577491
2.32596893301
2.32665526031
2.32691582352
2.32856704616
2.32898831141
2.3293715298
2.33074169864
2.33090734696
2.33280388157
2.3332354924
2.3345149054
2.33494563837
2.33600252863
2.33629576029
2.336978044
2.33832663668
2.33867976453
2.34058767273
2.3469515173
2.35111610535
2.35149070064
2.35224796175
2.3535952055
2.35370398018
2.3538190346
2.35503980733
2.36028228461
2.36478431296
2.36677822509
2.36742781446
2.36888507903
2.37092517338
2.37197182535
2.37447020697
2.37599971909
2.37610389451
2.37681302586
2.38751458268
2.38890572225
2.39414503391
2.3954334124
2.39646313475
2.3975182731
2.40111584211
2.40308661103
2.40478489108
2.40480766702
2.40482490107
2.40606900867
2.40749541896
2.40784420726
2.41144923193
2.41382921143
2.41426102358
2.41599480341
2.41619159768
2.41853442893
2.4191443781
2.41930285578
2.42361119631
2.42447640777
2.42854416891
2.43512954114
2.43599498733
2.43984220086
2.44185647898
2.44350573238
2.44550476692
2.44554238055
2.44846696608
2.45245548971
2.45274625333
2.45441699103
2.45581601148
2.45919825534
2.46077105444
2.46180941896
2.46608413796
2.46611084899
2.46654713566
2.46785282035
2.46888818264
2.47001841137
2.47125422344
2.47302820251
2.47469710618
2.47582728423
2.47584508206
2.47686044032
2.4777840218
2.47900786419
2.48056027209
2.48079565056
2.48148755325
2.48461675271
2.48593754734
2.48683414329
2.48687643777
2.48782097271
2.4900495625
2.49051981632
2.49298879561
2.49677711079
2.49746419244
2.49919930931
2.4997815154
2.50108799306
2.50484002094
2.50674802078
2.50720709161
2.51040738108
2.51383746128
2.51521407307
2.51730987425
2.51989870936
2.52195166718
2.52267478082
2.5237475336
2.52400010249
2.52495406845
2.52646450149
2.52843280447
2.52921969809
2.53047064932
2.5307804369
2.53196188061
2.53274955731
2.53322199321
2.53350254698
2.53479431034
2.53805705967
2.54175494622
2.54215973143
2.5425858928
2.54384122052
2.54474674388
2.54866443119
2.55128963045
2.55150275799
2.5519156402
2.55271940338
2.55739418669
2.55986852656
2.5603903987
2.5619533538
2.56939505315
2.56955018524
2.5715710562
2.57220790734
2.5724393532
2.5739352372
2.57409650964
2.575791927
2.57668571142
2.57703098537
2.57784851503
2.57989590243
2.58012541421
2.5826137652
2.58472112057
2.58534679217
2.58549908615
2.58701271933
2.59040732243
2.59154717235
2.5931052674
2.59345733957
2.59617592252
2.59673754621
2.59903384455
2.6
2.6
2.6
2.6
2.6
2.6
2.6
2.6
2.6
2.6
2.6
2.6
2.6
2.6
2.6
2.6
2.6
2.6
2.6
2.6
2.60102991358
2.60325031747
2.60361705494
2.60406576205
2.60762622561
2.60894886906
2.60948850071
2.61278399971
2.61408447197
2.61442671241
2.61488622749
2.61501661114
2.61542446584
2.61571427529
2.61943575956
2.61996282491
2.62239615893
2.6228460523
2.62315520595
2.62360730569
2.62444394344
2.62938600011
2.63021354148
2.63173824069
2.63230630012
2.63463332725
2.63522101648
2.63732388284
2.64072441748
2.64214652477
2.6441863327
2.64459224052
2.64509137059
2.64963820538
2.65067636895
2.65426236018
2.65571792507
2.65579678819
2.65705733214
2.65720652979
2.65799716044
2.65960596917
2.66114715546
2.66319755486
2.66358769819
2.6653300474
2.66560209804
2.66643883314
2.6669116846
2.67119306023
2.67251485217
2.67275705968
2.67509341699
2.67518387868
2.67579973448
2.67621617569
2.67695352903
2.68099323237
2.68519887148
2.68540556784
2.6883940969
2.6884138056
2.68897526606
2.69007645484
2.69353049528
2.69535378203
2.69641658052
2.69773656618
2.69898484065
2.70023229568
2.70055769649
2.70327616588
2.70398263498
2.70629128715
2.708759026
2.70951651894
2.71235558223
2.71427279605
2.71510376934
2.71625799561
2.71637830872
2.72000778906
2.72040198204
2.72078954165
2.72314086484
2.72420228642
2.72585267352
2.72605263032
2.72638351517
2.72766488545
2.73037719165
2.73062408304
2.73110927897
2.73154724747
2.73232484468
2.73245518603
2.73349755872
2.73388915101
2.73695203355
2.73753790478
2.73836553447
2.73850596907
2.73947354154
2.74084942337
2.74113225272
2.74249529833
2.74311787001
2.74980528076
2.75155434468
2.75187354231
2.7624042781
2.76263242583
2.76526230263
2.76623352179
2.76944031238
2.76960526075
2.77626086404
2.77687645476
2.77958266429
2.7808586345
2.78165661899
2.78256221845
2.78277444219
2.78416984633
2.78513096753
2.78705207135
2.7873563058
2.79071564114
2.79124760966
2.79487832889
2.79521448601
2.79579391412
2.79599767404
2.80212442407
2.80217877635
2.80453620347
2.80613168014
2.80727588923
2.80742446499
2.80752930293
2.80918627754
2.81371828163
2.81570386846
2.81573960262
2.81866961972
2.82006390584
2.82073172071
2.82115858417
2.83139335555
2.83185737016
2.83194249521
2.8347386545
2.83504283113
2.83666837662
2.8372059668
2.83841422062
2.83841630961
2.84123207649
2.84257378679
2.84479502215
2.84638655397
2.84923884081
2.84973599513
2.85061144695
2.85299614279
2.85344182038
2.85524973862
2.85584052062
2.8593874184
2.86100670964
2.86313825057
2.86416968387
2.86471374915
2.8669447355
2.86949604245
2.86977299713
2.87282153477
2.87759209932
2.87868506513
2.88044385365
2.88053724748
2.88126937746
2.88208312503
2.88254359824
2.88415249077
2.89430582119
2.89449602589
2.89801052781
2.89813910492
2.89832085166
2.8984701749
2.90268490752
2.90276153646
2.90404179464
2.90526851119
2.91316762552
2.91570143365
2.9168185413
2.91734546575
2.91883803376
2.92220596954
2.92239049305
2.92271753439
2.92427886883
2.92461450821
2.93162510442
2.93279915011
2.93295749247
2.93305594605
2.93458437539
2.93659665406
2.93771324741
2.94556730019
2.9458192659
2.94759684667
2.94996488592
2.95027780073
2.9516047051
2.95485320953
2.95506993073
2.95599588507
2.96110374584
2.96342308548
2.96397430663
2.96446708609
2.9660226682
2.96606597196
2.96748365854
2.97286083127
2.97487237847
2.97490376256
2.9763616874
2.97924953466
2.98436033159
2.98647820846
2.99175476826
2.99203561143
2.99464162895
2.99504446878
2.99679417736
2.99705755535
3.00024764004
3.00131240306
3.00237919747
3.00239603175
3.00276672538
3.00299859726
3.00360553439
3.00564198288
3.01252355345
3.01759148123
3.01904485332
3.01990150782
3.02184055624
3.02676149355
3.02725698722
3.02740405975
3.02970044703
3.03414865919
3.03522889952
3.03630538168
3.0379291427
3.03795329033
3.04285757809
3.04514027583
3.0494852309
3.0495665344
3.04968644616
3.05143840601
3.05530586471
3.05596147704
3.06094789409
3.06143694062
3.06164107233
3.06692409271
3.06899249802
3.0690006983
3.06915968992
3.07052546601
3.07383593807
3.0775766681
3.08172595255
3.08476973561
3.08635521809
3.08663955075
3.08679390334
3.0905953175
3.09141019495
3.09287837274
3.09604947922
3.09744898734
3.0979579383
3.10014189428
3.10100960586
3.10548687579
3.10879959792
3.10967584186
3.11307048767
3.11350457921
3.11369839202
3.11575944892
3.12249520393
3.12674011104
3.1269126552
3.12925068922
3.1300523796
3.13094105824
3.13158713058
3.13331338631
3.13347338136
3.13577712483
3.13708559634
3.13904387558
3.13985713455
3.14064274701
3.15028636023
3.15278571422
3.15722001038
3.16202673993
3.16428645235
3.16558130216
3.16708113584
3.16883009349
3.1698764704
3.17009284974
3.17075125366
3.17129025397
3.18087816389
3.18455180404
3.18493291708
3.1864422289
3.18736964026
3.18810961158
3.18920003705
3.19160083347
3.19185010737
3.19226435369
3.19898196768
3.19969218395
3.20146477849
3.20234033183
3.20468278358
3.20627359824
3.20982305645
3.21342628424
3.21802719592
3.2213542277
3.22437131647
3.22533798735
3.22611474761
3.22738412354
3.23025310964
3.23038628177
3.23093227673
3.2338883517
3.23837355618
3.23997394077
3.24006614439
3.24059061071
3.24182755934
3.24192731152
3.25142035351
3.25197465961
3.25310805448
3.25692411338
3.25769615356
3.26119051929
3.26316361106
3.26587119549
3.26604996964
3.2675454824
3.26767144676
3.27184424611
3.27201742262
3.27297081345
3.27383777192
3.27642606405
3.2803319013
3.28261769975
3.285935179
3.28848119258
3.293749672
3.29904168549
3.30575781482
3.30589622398
3.30937455501
3.30986533883
3.31301749104
3.31437246925
3.31688111938
3.31695113102
3.3183638654
3.32429736134
3.3261586222
3.32696187343
3.32775411296
3.32882765213
3.33363809711
3.33467433044
3.3371193838
3.34236560711
3.34425503352
3.34519777948
3.34785978981
3.35033093898
3.35386767505
3.35422831242
3.35784927285
3.35816172567
3.35905826467
3.36533854285
3.36593079712
3.36825602451
3.37049669142
3.37347897324
3.37357882232
3.37778826426
3.37918474604
3.38297457311
3.38347847104
3.38485486998
3.38700073692
3.38700271849
3.3899437632
3.39017945498
3.39169422717
3.39244240357
3.39277687745
3.39334463897
3.39633174037
3.39836618663
3.39881355771
3.40036112758
3.40051307456
3.41653855596
3.4183048587
3.41876295728
3.41919784459
3.41960916245
3.42746578399
3.43095303431
3.43781967739
3.43858213391
3.44002043787
3.44394356829
3.44533652355
3.44565672053
3.44814126906
3.44865351356
3.44932255154
3.44978460785
3.45762608453
3.46056118237
3.4616974096
3.46482770488
3.46501511068
3.46637674272
3.47084748346
3.47099245608
3.47120829492
3.48031115587
3.48066833669
3.48106925139
3.48709864162
3.49228081052
3.49411816794
3.49895017003
3.50011794993
3.50017949617
3.50751263875
3.51245578854
3.5134958793
3.5140350308
3.51654698034
3.51859697445
3.51897361034
3.52019117361
3.52027571913
3.52391169976
3.52399077385
3.52802165977
3.53017158628
3.53093220666
3.5317859056
3.53225994582
3.53385286247
3.53709755765
3.53893657619
3.54160789062
3.54338130342
3.54478732539
3.54952005995
3.55017566047
3.55025829998
3.55227597095
3.5555822191
3.56324357025
3.56330283968
3.56480516965
3.56551152639
3.56714062178
3.5679391963
3.57125894923
3.58162483211
3.58847497159
3.58938648162
3.59044141989
3.59596234341
3.5984533952
3.59890511624
3.59933520562
3.60131155807
3.60261275088
3.60657433766
3.6087011344
3.6116149215
3.61481156056
3.61686701745
3.62068721737
3.6210617934
3.62240772492
3.62706629257
3.62864299115
3.62905275852
3.63111325937
3.63113485589
3.63712681925
3.63823298942
3.64305332974
3.64897476441
3.64971536927
3.65354002788
3.65449875723
3.65565498375
3.65671974789
3.65962889408
3.66137644449
3.66254878034
3.6632464392
3.66828139881
3.67366021675
3.6744496514
3.67939626128
3.68454112024
3.68651348686
3.69085820117
3.69284830231
3.69804292757
3.69911144244
3.7038179258
3.70548243899
3.70666214227
3.70809580657
3.71023938421
3.71147635033
3.71160457155
3.71412379936
3.71583838648
3.71739324639
3.71795037484
3.72444647041
3.72533570025
3.72648974984
3.72766164983
3.72947811809
3.72955451966
3.73252453261
3.73551305658
3.7402415007
3.74788514256
3.7491138598
3.75247535306
3.75472847243
3.7557663013
3.76184624726
3.7623338281
3.76337351916
3.76411660356
3.76838860864
3.7720469922
3.77499949102
3.77521430237
3.77523673227
3.78133988111
3.78444345475
3.78557780696
3.78763094434
3.78804523983
3.79189175599
3.79399369455
3.79437625909
3.79448392518
3.79494323416
3.80275340546
3.80837249935
3.81422334491
3.81588384959
3.81860043177
3.82192969123
3.82243593215
3.8227638772
3.82312319926
3.82740143487
3.82764124292
3.82905582826
3.84778513113
3.84817281903
3.85008848997
3.85135741684
3.8519833971
3.8525980463
3.85803551519
3.85962126717
3.8640996285
3.86701755054
3.86721437735
3.86744388889
3.86851824713
3.87067491012
3.87434330854
3.88182452697
3.88812039422
3.88919825933
3.89023886638
3.89463444982
3.89628744137
3.89764410197
3.90037576176
3.90559112758
3.90683782596
3.90871396481
3.91334324663
3.91365268192
3.91486717268
3.91597235609
3.91623513448
3.92010508824
3.92012757477
3.92044923755
3.92162923946
3.92325621075
3.92564127113
3.9281472555
3.93105476902
3.93693009065
3.93756468932
3.93864023493
3.94317224685
3.94319554135
3.94604031156
3.94918877256
3.95220954615
3.95356724567
3.95936246639
3.96135368158
3.96286287844
3.96842962608
3.97545537665
3.98298664888
3.98515073763
3.98687751419
3.98749756502
3.99031200087
3.99269643913
3.99563071988
4.00101140092
4.001587845
4.00351677184
4.00702094659
4.00824610938
4.00843771742
4.01497134546
4.01582818867
4.01811090109
4.0184450177
4.02116093301
4.02449832255
4.02794095117
4.03060002122
4.0366035135
4.03938501493
4.04203470418
4.04317143221
4.04372145112
4.04518382042
4.04752544577
4.04863885803
4.05050135285
4.05332530123
4.05874770124
4.06610585798
4.06635019858
4.07481477367
4.07791562628
4.07925602737
4.0824561192
4.08245985701
4.08556727388
4.08765196504
4.10207909157
4.10220401179
4.10324305617
4.10366174826
4.10508121156
4.10561769872
4.10726217697
4.10900013341
4.11067369689
4.11147907817
4.11373330453
4.11540334197
4.1156189595
4.11623594302
4.11689389521
4.117478569
4.12400114835
4.1261686986
4.13269591992
4.1337142362
4.13388825429
4.13824555564
4.15117929969
4.15464605111
4.15670017222
4.15734059928
4.15763255107
4.15922404385
4.16205045293
4.16899526335
4.16949908503
4.17155769346
4.17396856392
4.17713190076
4.17842131624
4.17898213283
4.1798342798
4.18849496309
4.18849734687
4.18933168135
4.19164023869
4.19674851153
4.19880718885
4.20621739301
4.20953948449
4.21302983208
4.21427642685
4.21655153862
4.21786514064
4.22193801371
4.22315416996
4.22612028254
4.22813138556
4.23075064532
4.24027780356
4.24175578393
4.24364684326
4.24783586319
4.25466883052
4.25504378528
4.2586490139
4.26358341366
4.264075245
4.26457042979
4.26683832841
4.27090968712
4.27121862988
4.27613244376
4.28039654376
4.28347946007
4.28684310101
4.288684549
4.29367873775
4.29369668846
4.2959047641
4.29595663267
4.29870237325
4.2999422345
4.30530314082
4.30842038594
4.31070757387
4.31204108274
4.31317087845
4.31344154967
4.31376237333
4.31789290683
4.31855496382
4.32318161481
4.32395948825
4.32911078299
4.33148217458
4.33599972928
4.33801601291
4.34042425931
4.34493317176
4.34912460458
4.35308013131
4.35334443161
4.35500855456
4.35514626899
4.35679895103
4.36052834374
4.36267263372
4.371336217
4.37585678887
4.38242916646
4.38764749084
4.38809291751
4.39477634096
4.39882606177
4.40200846578
4.40216441864
4.40275335435
4.40479682892
4.40509975901
4.40910377452
4.4093501197
4.41568427294
4.41634033469
4.41878753768
4.42131936589
4.42496660923
4.42613234915
4.42995643785
4.43106166234
4.43228571902
4.43391800486
4.43813469591
4.44087083975
4.4460705728
4.44650182562
4.44927269724
4.46090190288
4.46094929091
4.46317310459
4.47369520552
4.47493936114
4.481877128
4.48256123785
4.48424313472
4.48558257695
4.48612565492
4.49116746092
4.49543058078
4.49900957025
4.50178970749
4.505131983
4.50603427485
4.50748530766
4.50851101308
4.51032288102
4.51249651185
4.5125131542
4.51358061768
4.51603983476
4.51839721119
4.51888611868
4.52198334149
4.52300448551
4.52866476435
4.5305198737
4.53503297807
4.53619099757
4.54357700912
4.54550049522
4.54788674513
4.55561257814
4.55565319055
4.55729239311
4.55736474296
4.5589850469
4.55975021402
4.5724484337
4.57486877968
4.57596221546
4.57605587401
4.58654583066
4.59090714033
4.59185266092
4.59192544764
4.59543439297
4.60174157517
4.60193394962
4.60235520442
4.61169151397
4.61218637195
4.61461944848
4.61722764624
4.62051683886
4.62065544402
4.62535177623
4.62666304115
4.62841529339
4.62922892834
4.63983657592
4.64360675798
4.64852354383
4.65100228216
4.65449044345
4.65764563909
4.66216397356
4.66691450567
4.66841441614
4.66881843092
4.66931538572
4.67201345748
4.67547765752
4.67792770418
4.67887248686
4.67992954319
4.68157253035
4.68282924007
4.69013437679
4.6968984296
4.69803717848
4.69854805403
4.70421572048
4.71153682186
4.71340597641
4.71473136381
4.71513104375
4.71597054161
4.71935494479
4.71935508772
4.72150370481
4.72205427732
4.72957622765
4.7340931857
4.73713294287
4.73975687478
4.74157699898
4.74218139805
4.7441333725
4.74481402372
4.74693007719
4.75145966495
4.75169659912
4.75313495895
4.7578694493
4.7720246288
4.77784134488
4.78412394918
4.78834475465
4.78997671197
4.7907851834
4.79204267232
4.79237147737
4.79615602722
4.80021484417
4.8007589302
4.80307109551
4.80419873849
4.80435483169
4.81196745271
4.81228145614
4.81775141522
4.81870383162
4.82129379494
4.8241101194
4.82983080024
4.83273477924
4.83757106225
4.83824345705
4.84457991025
4.84759662291
4.84994704501
4.85538794801
4.85916274777
4.85996043272
4.86435628731
4.86584286929
4.87766530781
4.87942122789
4.88345923477
4.88520698644
4.88564721296
4.88956056282
4.89164567156
4.89467110678
4.89592902862
4.9051199364
4.9062973857
4.90760415512
4.90794740575
4.90868030696
4.90946327365
4.91010416453
4.91436946361
4.91475675619
4.91989550619
4.92000720799
4.92025880177
4.92038573874
4.9211904362
4.92209976163
4.92754784169
4.93207591832
4.93596633259
4.94224774111
4.94830818714
4.94935164389
4.95887314651
4.9594552525
4.96957897301
4.97217304567
4.97479260218
4.97750467049
4.97943798591
4.98098431203
4.98324522353
4.98331314636
4.98448822392
4.98724610654
4.99129649462
5.00191511984
5.00771949514
5.00978080006
5.01187402442
5.01718499708
5.02051404184
5.0221095937
5.02285566376
5.02508616614
5.0273359724
5.02871477098
5.02960712001
5.03049558598
5.03311737564
5.04008656365
5.04387906374
5.05189259626
5.05378575715
5.05560022527
5.06210315304
5.06449132411
5.06466379964
5.0664270169
5.06927615366
5.0751405027
5.08100200268
5.08374624091
5.09171446244
5.09310891996
5.09478051875
5.09599893448
5.09925451787
5.10220520185
5.10530210031
5.10620288594
5.10814802212
5.11304432469
5.113666397
5.11588710845
5.11935372075
5.12345683934
5.12460175366
5.12634690939
5.12800227837
5.1289581301
5.13247671188
5.13395791846
5.13476496031
5.13785889789
5.14034117045
5.14572776556
5.15295739317
5.15668569699
5.15736794725
5.15814660893
5.17164892056
5.17250466272
5.17430270843
5.17806543728
5.18608629866
5.1917327247
5.19333786139
5.1937868177
5.1992078996
5.20008800831
5.20736103287
5.21122572768
5.21163105997
5.21165528399
5.21358242102
5.21394879702
5.21666719218
5.21697884527
5.21798303793
5.22562417624
5.23956360719
5.24126239292
5.24127414147
5.24582304452
5.24822696081
5.25693387111
5.25990487554
5.26106364539
5.26259093415
5.26786962649
5.27295634327
5.27350463631
5.27572380314
5.27692256785
5.27700598034
5.28339747465
5.28452910961
5.28803949294
5.28998776354
5.29411921164
5.29818597105
5.30002779011
5.30082120809
5.30220223895
5.30882435738
5.31096303753
5.31234864984
5.31261713751
5.31643196966
5.32100003967
5.32421856665
5.32437797573
5.32621408219
5.32849027516
5.33343058714
5.3469402866
5.3529956919
5.35336384658
5.35444714292
5.35519588348
5.35668844562
5.36000635352
5.36282299844
5.36358943885
5.3746441993
5.37983451726
5.3861994492
5.38677467546
5.38743788006
5.38863053533
5.39094207162
5.39971236398
5.40017417611
5.40074064064
5.40629682634
5.40730103374
5.40890279416
5.40957158959
5.41432963016
5.4203649681
5.43121538345
5.4354861099
5.43706849031
5.43707410279
5.43887954474
5.43998400477
5.44577257583
5.44958438138
5.4508649489
5.45683801657
5.46279791334
5.4658225577
5.47359898515
5.47745647774
5.48000588035
5.48089726829
5.48542492522
5.48639253922
5.48733813184
5.48769484223
5.48823804413
5.49804005614
5.49841473047
5.49874708099
5.49887171488
5.50286735454
5.5047163373
5.50569280702
5.50594333134
5.50696895921
5.50854258722
5.51028786237
