-3.19253275828
-3.11818042288
-3.00529298936
-2.99
-2.99
-2.99
-2.99
-2.99
-2.99
-2.99
-2.99
-2.99
-2.99
-2.99
-2.99
-2.99
-2.99
-2.99
-2.99
-2.99
-2.99
-2.99
-2.99
-2.99
-2.99
-2.99
-2.99
-2.99
-2.99
-2.99
-2.99
-2.99
-2.99
-2.99
-2.99
-2.99
-2.99
-2.99
-2.99
-2.99
-2.99
-2.99
-2.99
-2.99
-2.99
-2.99
-2.99
-2.99
-2.99
-2.99
-2.99
-2.99
-2.99
-2.99
-2.99
-2.99
-2.99
-2.99
-2.99
-2.99
-2.99
-2.99
-2.99
-2.99
-2.99
-2.99
-2.99
-2.99
-2.99
-2.99
-2.99
-2.99
-2.99
-2.99
-2.99
-2.99
-2.99
-2.99
-2.99
-2.99
-2.99
-2.99
-2.99
-2.99
-2.99
-2.99
-2.99
-2.99
-2.99
-2.99
-2.99
-2.99
-2.99
-2.99
-2.99
-2.99
-2.99
-2.99
-2.99
-2.99
-2.99
-2.99
-2.99
-2.99
-2.99
-2.99
-2.99
-2.99
-2.99
-2.99
-2.99
-2.99
-2.99
-2.99
-2.99
-2.99
-2.99
-2.99
-2.99
-2.99
-2.99
-2.99
-2.99
-0.583420693518
-0.557435802983
-0.455152836608
-0.440220988264
-0.408688383471
-0.397113833186
-0.37890571069
-0.368173678265
-0.34677516075
-0.342888479652
-0.323642267954
-0.322740464636
-0.31807671796
-0.315763371792
-0.310304046246
-0.310304046246
-0.310304046246
-0.310304046246
-0.310304046246
-0.310304046246
-0.310304046246
-0.310304046246
-0.310304046246
-0.310304046246
-0.310304046246
-0.310304046246
-0.310304046246
-0.310304046246
-0.310304046246
-0.310304046246
-0.310304046246
-0.310304046246
-0.310304046246
-0.310304046246
-0.310304046246
-0.310304046246
-0.310304046246
-0.310304046246
-0.310304046246
-0.310304046246
-0.310304046246
-0.310304046246
-0.310304046246
-0.310304046246
-0.310304046246
-0.310304046246
-0.310304046246
-0.310304046246
-0.310304046246
-0.310304046246
-0.310304046246
-0.310304046246
-0.310304046246
-0.310304046246
-0.310304046246
-0.310304046246
-0.310304046246
-0.310304046246
-0.310304046246
-0.310304046246
-0.310304046246
-0.310304046246
-0.310304046246
-0.310304046246
-0.310304046246
-0.310304046246
-0.310304046246
-0.310304046246
-0.310304046246
-0.310304046246
-0.310304046246
-0.310304046246
-0.309445382855
-0.292819641931
-0.288979909917
-0.284701168477
-0.279476046993
-0.276250414421
-0.270948432924
-0.256313626715
-0.255465933264
-0.252697957077
-0.252337279023
-0.242761967391
-0.237557327128
-0.235088466841
-0.231423886885
-0.227841977768
-0.224586158095
-0.220532229427
-0.216696674588
-0.20738505442
-0.177701630063
-0.172604298518
-0.168532623803
-0.167935155746
-0.1585708889
-0.156678368759
-0.131904995577
-0.123846746499
-0.109669200463
-0.107329321673
-0.104136211507
-0.102633845253
-0.0909507742274
-0.0893774603537
-0.0891695383362
-0.077366912273
-0.0772596616631
-0.0769062171521
-0.067756344766
-0.0653403797761
-0.0607730727372
-0.0561296880584
-0.0541582293335
-0.0428523365656
-0.0415376879868
-0.037582542628
-0.0306932437549
-0.0268250129701
-0.0253573689934
-0.0240905488097
-0.0230434927256
-0.020704168685
-0.0187878175253
-0.0137752955461
-0.0116622336878
-0.0110315348556
-0.00984471265131
-0.00854410374708
-0.00525889387949
-0.00333907323131
-0.00254305855269
0.00300902455756
0.00652519464147
0.01035891973
0.012546621296
0.0166880102412
0.0188676386445
0.01971683822
0.01988684757
0.0206280402514
0.020659724472
0.0214043926229
0.0217325590163
0.0337887505021
0.0414474644236
0.0456168344392
0.0466269367931
0.0470391886838
0.0491072021159
0.058872565953
0.0617214717542
0.0637556850077
0.0701876593166
0.0725713808451
0.0733040209239
0.0804575407163
0.0861677391999
0.0893535624195
0.0925952717205
0.095157095668
0.101265072027
0.10171068378
0.103270696163
0.103500883105
0.114418091311
0.116817226009
0.117423360178
0.122423787406
0.123868074381
0.124428671439
0.125361849551
0.130591941642
0.132309707912
0.138224030487
0.141544227692
0.1415970755
0.14385379941
0.147518938423
0.147518938423
0.148591061353
0.148591061353
0.151420413276
0.155395985547
0.155468687581
0.156096540156
0.156556517282
0.15666755046
0.158829101348
0.15926845984
0.159493684578
0.15994503531
0.161665484959
0.162068072028
0.16627573907
0.167123158391
0.16840406939
0.169211490721
0.17103938756
0.171829703176
0.17219942191
0.172206212647
0.172843895759
0.173109588395
0.173649660765
0.175695456215
0.176477500734
0.176708851476
0.177070565302
0.178291012305
0.178930292879
0.179039996874
0.179665976491
0.181396174644
0.181679070987
0.182017037183
0.182140891873
0.182456067822
0.183723381105
0.184516003589
0.185008165741
0.185101557687
0.186652870324
0.187715253811
0.187889893424
0.188032242025
0.18838808384
0.189012693183
0.189012693183
0.189012693183
0.189012693183
0.189012693183
0.189012693183
0.189012693183
0.189012693183
0.189012693183
0.189012693183
0.189012693183
0.189012693183
0.189012693183
0.189012693183
0.189012693183
0.189012693183
0.189012693183
0.189012693183
0.189012693183
0.189012693183
0.189012693183
0.189012693183
0.189012693183
0.189012693183
0.189537798668
0.189615166385
0.189741329712
0.191257928744
0.191304049468
0.191574411345
0.193034853759
0.193085534503
0.193085534503
0.193097062822
0.193124585069
0.193176109503
0.193207228846
0.193904273879
0.194456146145
0.194899120211
0.195076829796
0.196456742647
0.19785066918
0.197947263386
0.200023068716
0.200685805277
0.201682114818
0.201694496193
0.201694496193
0.201694496193
0.202941940213
0.203206700273
0.203407728722
0.203513572808
0.203600274553
0.203668981751
0.20383836903
0.203897617795
0.204056450258
0.204883332913
0.205451228433
0.205627862062
0.205880514172
0.206100965429
0.206823610365
0.207167991509
0.208905945265
0.209430419024
0.210865196987
0.210891707107
0.211106842201
0.211176769005
0.212109745363
0.212109745363
0.212627047701
0.213595305932
0.213672142269
0.214335717989
0.214335717989
0.214335717989
0.214335717989
0.214335717989
0.214335717989
0.21458588111
0.215633722718
0.215688230537
0.21574402819
0.216321205978
0.216357937705
0.217610879735
0.21845611898
0.219327081962
0.219359177411
0.22026765364
0.220294636386
0.220294636386
0.220294636386
0.220294636386
0.220333016884
0.220359148249
0.220706537591
0.220933142726
0.221073628021
0.221555623768
0.222264236721
0.222935014478
0.22311009161
0.223616358914
0.223935555732
0.224006416692
0.22412978622
0.224216075009
0.224764125633
0.224993233411
0.225526341435
0.22570644551
0.22570644551
0.22570644551
0.22570644551
0.22570644551
0.22570644551
0.22570644551
0.226085993038
0.22633667844
0.226468889299
0.226595523712
0.226846264759
0.226882306054
0.226964170314
0.227232760402
0.227232760402
0.2273315277
0.227423935451
0.227630621065
0.227641258129
0.227642460972
0.227736279513
0.227820211871
0.227979267752
0.228035123611
0.228094843533
0.228162585808
0.228191456676
0.228493508661
0.228578216777
0.229024137166
0.229035697987
0.229050253205
0.229121210025
0.229264990295
0.229415285798
0.229433830277
0.22955191587
0.229606306771
0.229804484407
0.229992495511
0.230107608763
0.230154381827
0.230486943178
0.230527100725
0.230617657301
0.230625008026
0.230643299808
0.230645039929
0.230669463384
0.230824698863
0.230941340109
0.230941379673
0.230986416469
0.230988972352
0.23103416131
0.231105880359
0.2311486667
0.231158343958
0.23117689625
0.231183573648
0.23119141773
0.231254716942
0.231257100387
0.231281557548
0.231287366708
0.231304943729
0.231318053202
0.23132126531
0.231325300017
0.231326567156
0.231327644906
0.231328012078
0.231328749157
0.231331047889
0.231340149042
0.231341770732
0.231342541624
0.231343212956
0.231345795724
0.231349746444
0.231351997464
0.231353448797
0.231380539805
0.231381032088
0.231382458531
0.231387027326
0.231429472334
0.231559610887
0.231641537979
0.231644150591
0.231662311313
0.231685445347
0.231855773289
0.232148594167
0.232203615302
0.232270846903
0.232291504464
0.232297066454
0.232334246491
0.232351889887
0.232384971361
0.232443609067
0.232490409029
0.232889751225
0.232941470584
0.232951390481
0.233260877026
0.233372291453
0.233442268157
0.233617944463
0.233833456189
0.233921277578
0.234197346326
0.2342708136
0.234279726012
0.234488373675
0.234519004768
0.234547845659
0.234690238625
0.234843057549
0.235054221404
0.235120504391
0.235388389799
0.235626867457
0.235637604239
0.235946533666
0.236032578909
0.236101338283
0.236364752927
0.236402481045
0.236435368133
0.237312649349
0.237312649349
0.237312649349
0.237312649349
0.237312649349
0.237312649349
0.237312649349
0.237505409749
0.237611546436
0.237656819718
0.237751923221
0.237810203386
0.237818790402
0.237872192655
0.237920728672
0.237942676547
0.238010537137
0.238537368573
0.238537368573
0.238549045306
0.238647674098
0.2386676136
0.238725540268
0.238913617163
0.238977294453
0.239149375077
0.239210485373
0.23926616674
0.23940280005
0.23940280005
0.23940280005
0.23940280005
0.239537378588
0.239538644001
0.239562977147
0.239605359715
0.239633817016
0.239658150347
0.239661931408
0.239737164115
0.239795420994
0.239798345032
0.239836039087
0.239844423293
0.239859575987
0.239901990178
0.239946217168
0.239968696009
0.240051129021
0.240128001773
0.240183695202
0.240360008483
0.240404478162
0.240411249369
0.240422879393
0.240450795755
0.240498960394
0.240514527082
0.240524126736
0.240534280379
0.240871592209
0.24097231888
0.241190959076
0.241313961793
0.241434697598
0.241456257664
0.241610912565
0.241655712403
0.241665784282
0.241687576435
0.241770453331
0.241778977679
0.24178850239
0.242197243069
0.242507347161
0.242520382508
0.242540938823
0.24260118663
0.242696952735
0.242754526221
0.242976057883
0.242998628367
0.24299894819
0.243058685921
0.243291645503
0.243426925687
0.243456512041
0.243456840302
0.243460085225
0.243499336666
0.243506173797
0.243597586949
0.243707118309
0.243770168401
0.243918980864
0.244003619631
0.244051639838
0.244053764866
0.24414691112
0.244318502867
0.244430689944
0.244519229892
0.244520275462
0.24465558137
0.244784251094
0.244911412962
0.244911412962
0.244911412962
0.244911412962
0.244911412962
0.244911412962
0.245292791059
0.245381464589
0.245474663408
0.245497049623
0.245503038915
0.245566623001
0.245673197022
0.245780661604
0.246003284561
0.246432979295
0.246488071267
0.246743905103
0.247049449966
0.247082639263
0.247155508798
0.247353040905
0.24743696284
0.247499445518
0.247800815069
0.248158590866
0.248788293676
0.249125386574
0.249528137673
0.249653972673
0.249731311767
0.249921181696
0.250272045513
0.250374892884
0.250583757825
0.250732546137
0.251395229371
0.251866654982
0.252233100501
0.252707540941
0.253343477949
0.253600706115
0.254334626878
0.254346224307
0.254362722598
0.254386359826
0.254615122061
0.255183705827
0.255398756241
0.255567416353
0.256350960705
0.256371900743
0.256371900743
0.256453261253
0.256640582052
0.256769877044
0.256829530699
0.257329766161
0.257969853741
0.258200477202
0.258521376442
0.258577237467
0.25863045043
0.259041371675
0.25918595008
0.259708930764
0.259863831249
0.259892339874
0.260028481015
0.260170840675
0.260224468139
0.260224468139
0.260224468139
0.260485408463
0.261485511438
0.261603728995
0.261991620975
0.262437318344
0.262586096417
0.263019400425
0.263019955324
0.263106942794
0.263288032745
0.263292771166
0.26334119786
0.263451067791
0.263757376732
0.263804678062
0.26413606753
0.2641835014
0.264279704759
0.264525164817
0.264619595781
0.264669539559
0.264679913359
0.264716850001
0.264722754026
0.264728902301
0.26475916197
0.26477872182
0.26477913628
0.264894227308
0.265004806017
0.265032899824
0.265095133633
0.265158840061
0.265205124201
0.265245605762
0.265321379717
0.265329519624
0.265737168627
0.265744041833
0.265892773235
0.266725175603
0.267181352146
0.267187759475
0.267856359577
0.267967713528
0.268017019196
0.268031776701
0.268102369664
0.268149207252
0.268230636126
0.26921132011
0.26923956989
0.269293871146
0.269418468914
0.270020051579
0.270389240136
0.270816301443
0.270851395876
0.271298997735
0.271624131329
0.271762093547
0.271817551487
0.272164951572
0.272212989337
0.272227500105
0.272737344769
0.272840206485
0.272840206485
0.273430187994
0.273594095045
0.2737314684
0.273920418314
0.275852551747
0.275947369031
0.276013515615
0.276049874463
0.276470355694
0.276483036519
0.276635548397
0.276713446491
0.276714754029
0.276911921368
0.277007377863
0.277074038497
0.277081285259
0.277484562424
0.277785941762
0.277812976117
0.277845944991
0.278007505538
0.278007505538
0.278007505538
0.278007505538
0.278007505538
0.278007505538
0.278007505538
0.278007505538
0.278007505538
0.278007505538
0.278007505538
0.278007505538
0.278007505538
0.278007505538
0.278007505538
0.278007505538
0.278007505538
0.278007505538
0.278007505538
0.278007505538
0.278007505538
0.278007505538
0.278007505538
0.278007505538
0.278371719432
0.278397975922
0.27843155784
0.278631177102
0.27881329246
0.278856759185
0.278873161955
0.279114936907
0.279236273694
0.279416249965
0.279729087781
0.280209110637
0.280270996756
0.280554712457
0.28065047232
0.281450615783
0.282921990194
0.285588249344
0.285599630948
0.286991864166
0.287259485836
0.287401976167
0.289567484905
0.289822200731
0.290165385721
0.290383998775
0.290951483163
0.290962572583
0.291188006894
0.29259732351
0.292692566405
0.292951872012
0.293472120024
0.295651488075
0.295760513203
0.295884829605
0.296370038067
0.296964228886
0.297031750666
0.297656765434
0.297714357106
0.297714357106
0.298465619674
0.298540495543
0.298711261619
0.299019925335
0.299333446932
0.299476289057
0.299481500381
0.299658260583
0.299811118675
0.300146189092
0.300746690361
0.30079816774
0.300858259986
0.301816932663
0.301854166686
0.302589217255
0.302965021781
0.303038168318
0.303957268353
0.305115748515
0.30530866591
0.305612196264
0.306418790762
0.306512309567
0.308433012132
0.308596902336
0.308910154307
0.308914727765
0.30908219143
0.309431922543
0.30978104415
0.31057711533
0.31125684319
0.311471071509
0.311690284546
0.313540324489
0.314030584453
0.314507908695
0.315439103804
0.316246550503
0.318447201137
0.318957488702
0.319382199826
0.319568601778
0.320143278825
0.321075853011
0.322364976226
0.322584584578
0.323259854452
0.32345188681
0.323843640492
0.324318823612
0.324623247534
0.324958103307
0.325537844349
0.325638739475
0.325685706504
0.325744678225
0.326141857928
0.326175659849
0.327219349458
0.328768043316
0.329810628934
0.330176616043
0.331071209385
0.332404190948
0.332761651099
0.333188890077
0.333281597865
0.333624309423
0.33423888118
0.334875454366
0.335320095384
0.335582361055
0.336835275987
0.336981897402
0.337531361204
0.339924382015
0.340101596604
0.340399017478
0.346907513489
0.347683519899
0.348381491758
0.348868144754
0.350953513655
0.351552631763
0.351671316598
0.354312555759
0.354851821716
0.355913102816
0.359254250311
0.361924665041
0.364625890387
0.365131843075
0.369873638069
0.37223479433
0.375174238913
0.377415835056
0.379110230288
0.381262054222
0.381463378873
0.383281024797
0.383741264637
0.38407082614
0.38645971994
0.388066762971
0.389844179573
0.393700781694
0.394865837796
0.396028210317
0.396927466003
0.397109467048
0.39970330812
0.399760835473
0.402549417007
0.40482514678
0.406584016993
0.408026156124
0.40871669672
0.40871678404
0.414764880283
0.416495370285
0.420434293449
0.421393453846
0.421420465674
0.421911593464
0.429342330409
0.431713471067
0.431860729421
0.431971384373
0.433812198134
0.434044114572
0.435296678828
0.43563651982
0.436574848441
0.442290982033
0.443177841565
0.448359300151
0.453445366096
0.453445366096
0.455512057093
0.45730911333
0.461353995106
0.461953790515
0.463191106191
0.463718040167
0.46537727225
0.466526039822
0.468570985517
0.470683144947
0.470873817548
0.473185150888
0.473591251191
0.483255952059
0.486933301624
0.492041962201
0.494179285527
0.494462302603
0.494814395769
0.495265024955
0.497419586838
0.497538130462
0.498124101509
0.500415618358
0.506957401246
0.509068710737
0.509817416044
0.512353761777
0.513720252571
0.51409325819
0.518451440861
0.519850203489
0.521373749915
0.522085006039
0.523103238897
0.526941046699
0.52864096942
0.531473207899
0.538508677985
0.544058223815
0.549318771432
0.551085933878
0.554042694346
0.554744973402
0.560355523301
0.560700298231
0.564166435498
0.565788593558
0.565788593558
0.566443852878
0.569442223663
0.571068047523
0.572874194408
0.576692092347
0.578316880219
0.578831257774
0.579391590389
0.579391590389
0.57991878552
0.583451826454
0.585326734816
0.58822968247
0.590759987648
0.599779891564
0.602565485664
0.604172206491
0.605319822489
0.605712997136
0.606077799677
0.606400043045
0.608954753149
0.61
0.61
0.612785865794
0.615593119311
0.615862530148
0.616502770779
0.619009874838
0.619702459633
0.6211943493
0.621263080535
0.627179986699
0.630562897759
0.636493479999
0.638416200075
0.638549141846
0.642378136264
0.648183800924
0.650758317223
0.651843195901
0.657095965662
0.657095965662
0.657095965662
0.658193418088
0.660393948217
0.660585499902
0.661555226539
0.666718662703
0.667688323123
0.668322077617
0.670117938585
0.670184596969
0.673171438005
0.677892756295
0.6814880376
0.681798382164
0.682418481778
0.682418481778
0.682418481778
0.682418481778
0.683589524618
0.683772325653
0.687497901758
0.688489584137
0.688495642238
0.689838427374
0.691274309461
0.691767740478
0.692421384239
0.692770449117
0.694789703481
0.694922657178
0.695582948805
0.695582948805
0.695582948805
0.695582948805
0.695582948805
0.695582948805
0.696899528123
0.698424393288
0.698943200819
0.699790363449
0.70573610315
0.706572645791
0.707887366957
0.709788019071
0.715629938504
0.715629938504
0.715684605471
0.717976904287
0.718127561909
0.719369002614
0.720134224596
0.721580575709
0.722394534562
0.724769627579
0.727577038149
0.728362350917
0.735782587548
0.738864163111
0.740275304104
0.740275304104
0.740275304104
0.740275304104
0.740275304104
0.740275304104
0.740275304104
0.740275304104
0.740275304104
0.740275304104
0.740275304104
0.740275304104
0.740275304104
0.740275304104
0.740275304104
0.740275304104
0.740275304104
0.740275304104
0.740275304104
0.740275304104
0.740275304104
0.740275304104
0.740275304104
0.740275304104
0.740275304104
0.740275304104
0.740275304104
0.740275304104
0.740275304104
0.740275304104
0.740275304104
0.740275304104
0.740275304104
0.740275304104
0.740275304104
0.740275304104
0.740275304104
0.740275304104
0.740275304104
0.740275304104
0.740275304104
0.740275304104
0.740275304104
0.740275304104
0.740275304104
0.740275304104
0.740275304104
0.740275304104
0.740275304104
0.740275304104
0.740275304104
0.740275304104
0.740275304104
0.740275304104
0.740275304104
0.740275304104
0.740275304104
0.740275304104
0.745719884774
0.747744459889
0.747859005068
0.748107190836
0.752730895816
0.754173693345
0.757204412836
0.761724799485
0.761724799485
0.761724799485
0.762697300017
0.762906565101
0.763097456272
0.763969064164
0.766819792034
0.767217357835
0.768586966918
0.768789108566
0.770278492559
0.770531157513
0.770694943699
0.771242668797
0.771920959026
0.773896566733
0.774283230708
0.775661303148
0.776040777297
0.783189524748
0.783936056538
0.784211983393
0.785540451884
0.785926335673
0.789802421009
0.789957852129
0.791344745264
0.791554068436
0.79165742357
0.793860135455
0.794042092898
0.795184030752
0.795494783435
0.796546849068
0.797796279096
0.798830463471
0.800887285427
0.800915709249
0.800954006076
0.803863865682
0.806442871929
0.807515407086
0.812809347787
0.814494425169
0.81598480287
0.818403927867
0.819615358165
0.822268631343
0.823914624081
0.824039982873
0.826489515269
0.826588527854
0.828048842061
0.828163979679
0.82908705329
0.833937822273
0.833937822273
0.833937822273
0.833937822273
0.833937822273
0.833937822273
0.833937822273
0.836646145167
0.839609112176
0.840962655377
0.84269505132
0.845090921851
0.845973449215
0.845973449215
0.845973449215
0.845973449215
0.845973449215
0.845973449215
0.845973449215
0.846169135306
0.846687280463
0.848818455723
0.848818455723
0.848818455723
0.851196319627
0.852375520621
0.853499391919
0.857488427472
0.865276333719
0.867372159406
0.867933732042
0.868942602999
0.869111556325
0.87195781925
0.875373720616
0.875525675464
0.877115703452
0.877787445798
0.87892265427
0.880739131271
0.882390393802
0.883985154824
0.884918267648
0.885999637376
0.886134530308
0.891612537563
0.892199013003
0.900710386941
0.904873530415
0.905412471039
0.905431662168
0.907344165775
0.907463418704
0.910542276021
0.910676749753
0.911263159877
0.914520390934
0.917158053204
0.917823654769
0.920453046625
0.920948247054
0.922212282117
0.922407858853
0.924008758647
0.924177705324
0.924281258072
0.924486689094
0.925149921932
0.926153352831
0.928919379895
0.930166895134
0.930761066202
0.935364671628
0.935795666677
0.936291963067
0.940122937477
0.941229083692
0.941233466333
0.942364702441
0.942773962148
0.942846240576
0.944699283001
0.945303668672
0.945668253544
0.947107749945
0.947395031579
0.948803485792
0.949420007642
0.949677616706
0.951396889776
0.951498173346
0.952088732666
0.952127259568
0.952287028052
0.952532414523
0.952711646888
0.952925848261
0.953025101878
0.953233554076
0.954627171078
0.954975118491
0.955550075331
0.955811033768
0.957062186289
0.957458212084
0.959807238306
0.960063964959
0.960127409341
0.960427833744
0.962396705596
0.963797838761
0.963939210794
0.965353736715
0.965919747711
0.966138049336
0.968348944036
0.9701037302
0.970941447701
0.972311690652
0.972520344022
0.972557313706
0.973297138411
0.973298782307
0.973605017478
0.97377201599
0.975234511463
0.975338859877
0.975813625549
0.976241045858
0.978190002206
0.979675464259
0.980484264592
0.98155343602
0.984116391923
0.985376239987
0.987539120061
0.988952632923
0.989543722749
0.98955565189
0.990478686002
0.99121555842
0.993348606718
0.993478080206
0.993806693868
0.994186228164
0.997741012726
0.999805909602
1.0003435738
1.00137959952
1.00146248087
1.00151226062
1.00233169946
1.00346425992
1.00541413192
1.00541413192
1.00639668112
1.00688127965
1.00838669051
1.00900092707
1.00960482293
1.00992246643
1.01006962561
1.01015612419
1.01133314301
1.01199298019
1.01308792244
1.01403735602
1.01583578728
1.01591684564
1.01627508324
1.01630118047
1.01671857758
1.01809805208
1.01969278633
1.02023740481
1.02234582467
1.02464936894
1.02464936894
1.02476495943
1.02490912912
1.02532124827
1.02532124827
1.02532124827
1.02532124827
1.02532124827
1.02532124827
1.02532124827
1.02532124827
1.02532124827
1.02532124827
1.02532124827
1.02532124827
1.02532124827
1.02561267174
1.02638017325
1.0264425178
1.02654789805
1.02692800716
1.02709527411
1.02713572886
1.02819251207
1.02824282506
1.02997476737
1.03039582049
1.03230424828
1.03495620064
1.03583773933
1.04026092141
1.04041167962
1.04091899614
1.04117351935
1.04457780313
1.04607500208
1.04655058653
1.0472127211
1.04989359665
1.05125832166
1.05760842195
1.05943808226
1.0640533386
1.06420325565
1.06679329116
1.06786444127
1.06849837879
1.06878964418
1.07038922567
1.07125880223
1.07185501656
1.07216357624
1.07272247036
1.07402820516
1.07407406627
1.0750322094
1.07514658492
1.07564648175
1.07567105068
1.07656685598
1.08008818253
1.08026688773
1.08037551893
1.08156461544
1.08210692542
1.08211639541
1.08216752943
1.08241076593
1.08253945941
1.08304502244
1.08320793357
1.08325514771
1.08369169293
1.08388142011
1.08417097971
1.08419960265
1.08441555322
1.08614147917
1.0863578241
1.08674220101
1.08675792444
1.08692091993
1.0870573587
1.08777946785
1.08825140986
1.08844777339
1.08847301548
1.0885742783
1.08942624673
1.08958083503
1.08964096261
1.08997632268
1.09000663507
1.09018793073
1.0949738891
1.09682405366
1.099066987
1.10177211214
1.10178278723
1.10382085598
1.10902135942
1.10946184401
1.10991886695
1.11086921816
1.11241338378
1.11460391209
1.11573778779
1.11709214615
1.11865691041
1.11953190546
1.12023511652
1.1212695968
1.12294048543
1.12540663828
1.12612312783
1.12654560214
1.12800561256
1.1289643108
1.12941052616
1.13076853186
1.13095537848
1.13258587697
1.13310011707
1.1332488692
1.13501520037
1.13558419505
1.1360710511
1.13675209729
1.13727683427
1.13754184096
1.13763638487
1.13791335157
1.1418546509
1.1426821129
1.14328328744
1.14332003079
1.14420948098
1.14468206532
1.14819081275
1.1483775754
1.14859832671
1.15008651348
1.15011608553
1.15163569036
1.15192932114
1.15209880297
1.15485820119
1.15499220857
1.15499220857
1.15499220857
1.15499220857
1.15499220857
1.15499220857
1.15499220857
1.15499220857
1.15499220857
1.15499220857
1.15499220857
1.15499220857
1.15499220857
1.15499220857
1.15499220857
1.15499220857
1.15499220857
1.15499220857
1.15499220857
1.15499220857
1.15499220857
1.15499220857
1.15499220857
1.15499220857
1.15566959274
1.1566584347
1.15675604571
1.16223745006
1.16425171333
1.17018472307
1.17229380974
1.17396466193
1.17441042928
1.17475583647
1.17504646362
1.17739380492
1.17783973653
1.179933816
1.18023291276
1.18037162186
1.18395958564
1.18479847374
1.18637588412
1.18741113691
1.18835003085
1.18943564448
1.19238557439
1.19310059095
1.19378725845
1.19380586632
1.19428654044
1.19790454288
1.19999511743
1.2003903294
1.20110697065
1.20204731744
1.20204731744
1.20204731744
1.20204731744
1.20204731744
1.20204731744
1.20204731744
1.20204731744
1.20204731744
1.20204731744
1.20204731744
1.20204731744
1.20204731744
1.20204731744
1.20392591255
1.20411284286
1.205579732
1.20636767883
1.20720353749
1.20803752781
1.21093009398
1.21214377485
1.2128358158
1.2132846841
1.21478509915
1.21553349484
1.21734403419
1.21745078879
1.21929942619
1.22044521309
1.22087495758
1.22096223556
1.22147950386
1.22159194695
1.22212342313
1.22311788785
1.22420019145
1.22477192473
1.22519501742
1.22544359234
1.22715256375
1.22999196112
1.23049306734
1.23261403535
1.23736487758
1.23953824878
1.24075857721
1.24424529226
1.24586688672
1.2469213047
1.24876050883
1.24892188528
1.25268873184
1.25321488442
1.25376252347
1.25427003007
1.25454469924
1.25486009141
1.25492100242
1.25497467625
1.25594618428
1.25782078113
1.25870081163
1.26299636085
1.27159306442
1.27278260559
1.27560495355
1.27914254907
1.27994598045
1.28028960429
1.28066437272
1.28216281614
1.28306181499
1.28542696324
1.29032227077
1.29251031867
1.2952651624
1.30123760288
1.30455872036
1.30564381588
1.30906108339
1.31023241253
1.31417879361
1.31540833449
1.31549941283
1.31749147985
1.31778902644
1.32075455289
1.32196919502
1.32213744601
1.32396289583
1.33074639768
1.33208407043
1.33227699157
1.33286074908
1.33544490433
1.33713394565
1.33793988222
1.33832962726
1.34050782501
1.34140905693
1.34153914433
1.34246031
1.34267043003
1.34495616517
1.34555853049
1.34917218252
1.34999722744
1.3513585609
1.3556875217
1.35728996639
1.36104755551
1.36191884187
1.36216603751
1.36376896027
1.36473958044
1.36681996305
1.36836706783
1.36856898593
1.37083735335
1.37368349483
1.3739398673
1.37511630716
1.37522968158
1.37626118313
1.37636016863
1.37684686796
1.37895556292
1.38031242254
1.38071305888
1.38298006327
1.38306394612
1.3831814582
1.38469994513
1.38478570116
1.3879599214
1.38904839407
1.38924158538
1.39088455505
1.39276035998
1.39430376828
1.39441507526
1.39560911023
1.39589517833
1.39595627467
1.39685933054
1.39743128449
1.4003482739
1.40064881812
1.40180478814
1.40199684883
1.40244591771
1.40283201731
1.4036018247
1.40461701842
1.40528878173
1.40727142028
1.40736799461
1.40847314201
1.41051704435
1.41065621406
1.4116308759
1.41164484835
1.41229084682
1.4152010706
1.41664921987
1.41851435993
1.41908495343
1.4196686811
1.41990035952
1.42179188641
1.42595559211
1.42708841364
1.42844562697
1.42918265512
1.42920219897
1.42973217991
1.43000125092
1.43058472819
1.43315868428
1.43377934465
1.43413317662
1.43670795206
1.43685824621
1.43753979108
1.43781369939
1.43855503515
1.43857091099
1.43956904449
1.44181916011
1.44188504585
1.44298918601
1.44369416901
1.44429999744
1.44496258312
1.44567516322
1.44793516065
1.44805420907
1.44889926855
1.45059081418
1.45259624083
1.45315690113
1.45443071223
1.45480256123
1.45502379625
1.45529350592
1.45641393919
1.45669239229
1.45853612126
1.45856413862
1.45895567867
1.46008149406
1.46138714697
1.46229763054
1.46333439886
1.46347036133
1.4655774246
1.46563305767
1.46705304334
1.46713036305
1.46887155907
1.46927476625
1.46961629428
1.47046252888
1.47231797575
1.47401552139
1.47406916576
1.47503759225
1.47670710141
1.47720487637
1.47757199199
1.47913603909
1.48077675259
1.48328980359
1.48599179734
1.486327106
1.48709789768
1.48800396895
1.48869706276
1.48927959553
1.49094008425
1.49138561402
1.49161279327
1.49307869043
1.49470927379
1.49552798132
1.495920166
1.49723053725
1.49987382715
1.50169449495
1.5032744956
1.50394328985
1.50449736006
1.50838478796
1.50911682996
1.5110290709
1.51158210245
1.51453117859
1.51498471629
1.51582358064
1.51599559358
1.51796897832
1.51796897832
1.51796897832
1.51796897832
1.51796897832
1.51796897832
1.51796897832
1.51796897832
1.51796897832
1.51796897832
1.51796897832
1.51796897832
1.51796897832
1.51796897832
1.51796897832
1.51796897832
1.51796897832
1.51796897832
1.51796897832
1.51796897832
1.51796897832
1.51796897832
1.51796897832
1.51796897832
1.51796897832
1.51796897832
1.51796897832
1.51796897832
1.51796897832
1.51796897832
1.51796897832
1.51796897832
1.51796897832
1.51796897832
1.51796897832
1.51796897832
1.51796897832
1.51796897832
1.51796897832
1.51796897832
1.51796897832
1.51796897832
1.51796897832
1.51796897832
1.51796897832
1.51796897832
1.51878278186
1.51950909532
1.51976786348
1.52051009755
1.52376429555
1.52710466823
1.52920429044
1.52946881354
1.53007225719
1.53026283908
1.53066305825
1.53174660256
1.53240680038
1.53310681162
1.53375439311
1.53429063395
1.53999093146
1.54067827276
1.54216339481
1.54285248171
1.54409390778
1.54467896105
1.54715592402
1.55081966753
1.55240655505
1.5524959832
1.55550519336
1.55705725942
1.55770395373
1.55825549078
1.55864867495
1.55934956575
1.56392192969
1.56410426738
1.56643773404
1.56704872624
1.56710335245
1.56807787402
1.56821610273
1.56864284845
1.56908628057
1.57081131257
1.57087828632
1.5713122778
1.57468747384
1.57496776591
1.57546793439
1.57631185402
1.57818528538
1.57894426617
1.58010229129
1.58018158021
1.58018337044
1.58079614379
1.58178991353
1.58243872776
1.58251539217
1.58273582599
1.58313775617
1.58378411716
1.58423255644
1.58425293743
1.5843849018
1.58443919619
1.58497116904
1.58552343086
1.58557380288
1.58612837674
1.58642885705
1.58650429158
1.58671716953
1.5871083655
1.58734964372
1.58752755146
1.58819176913
1.58865107107
1.58958955436
1.59043210687
1.59049808231
1.59056040276
1.59139287224
1.59140969366
1.59183665003
1.59189593215
1.59254357036
1.59305190382
1.59311342809
1.59426828393
1.59436196771
1.59447057539
1.59527600291
1.59588074438
1.59683022523
1.59767347819
1.59795827886
1.59814832609
1.59854992908
1.60288832679
1.60313824299
1.60360223794
1.60372901509
1.60404043694
1.60498195802
1.6051302576
1.60522656322
1.60565131149
1.60584548427
1.60619136459
1.60677073948
1.60679357286
1.60730343391
1.60755846779
1.60829352186
1.6092171453
1.60927761467
1.61077705711
1.61180267335
1.61180999272
1.61183008436
1.61183420412
1.6119339389
1.61196860558
1.61196860558
1.61196860558
1.61196860558
1.61196860558
1.61196860558
1.61197182287
1.61248954732
1.61303360925
1.61350667161
1.61417291182
1.61514805537
1.61655467417
1.6170386375
1.61775759097
1.6180865464
1.61822269775
1.61888896744
1.61972779439
1.62172353761
1.62226815212
1.62237557067
1.62267805403
1.62326739324
1.6241893296
1.62447792113
1.6251438816
1.62815444322
1.62865614547
1.63015517522
1.63063636222
1.6312894616
1.63149075124
1.63216193889
1.63280894342
1.63287910011
1.63416603345
1.63416888646
1.63423351003
1.63447027269
1.63512659263
1.63537085461
1.63544201325
1.63560047809
1.63570966587
1.63670156193
1.6368163197
1.63732067789
1.63768540783
1.63873586244
1.63972822987
1.64109430999
1.64110781037
1.64215445795
1.6422131178
1.64234824847
1.64308968529
1.6465638365
1.64846489037
1.6508486622
1.65290486406
1.65311179898
1.65397252381
1.65464561505
1.65666087038
1.66014184545
1.66125251815
1.66136048021
1.66194709695
1.66194709695
1.66269966526
1.66316294166
1.66316294166
1.66372876412
1.66499863562
1.66782011721
1.66959619977
1.67006177461
1.670495473
1.6727034876
1.67421542292
1.67447928496
1.67514555506
1.67635771103
1.68249449222
1.68410401642
1.68422687051
1.68575978029
1.6860075412
1.68847033439
1.68908588707
1.68928004038
1.6900079597
1.69282612197
1.69683304357
1.69764679154
1.69829714399
1.6989268715
1.70005515971
1.70045863896
1.70502687246
1.70548404592
1.70556355744
1.70614005592
1.70628538272
1.70665713728
1.70790646906
1.71193992983
1.71220971636
1.71425228621
1.71466995681
1.7153302866
1.71735840997
1.71735840997
1.71735840997
1.72177861423
1.72233844851
1.72459951044
1.72469417283
1.72638852253
1.72638852253
1.72638852253
1.72638852253
1.72642149006
1.72766967708
1.72781855504
1.72897071409
1.73044755715
1.73118165796
1.7319081354
1.73287823919
1.73490429481
1.73674267949
1.73712521639
1.74091610772
1.74269844588
1.74283162892
1.74437595041
1.74471777691
1.74489643375
1.74587879623
1.74655770838
1.74698743036
1.74702570113
1.74838684551
1.74911985609
1.75086568655
1.75254483229
1.75743365904
1.75811580354
1.75811580354
1.76074419127
1.7635248981
1.76645135829
1.76675357511
1.76689995141
1.76744388023
1.76755456419
1.76883362237
1.76965788501
1.77320862643
1.77707785318
1.77950165802
1.78053357874
1.78382925642
1.7841190983
1.78539499459
1.78728633945
1.78800666779
1.78918175925
1.78921529843
1.78925021547
1.79044208941
1.79206186008
1.79236849977
1.79529796475
1.79604687255
1.79800205129
1.79988314128
1.8013164487
1.80141901981
1.80182616768
1.80462619597
1.807675949
1.80785218469
1.81131051564
1.81222231576
1.81257002671
1.81510660357
1.81549725885
1.81655489029
1.81869165475
1.82011269954
1.82034762589
1.821626036
1.82252733061
1.8237195539
1.82421954736
1.82665899028
1.8301914339
1.83043891653
1.83087763685
1.83096688715
1.83249023479
1.83256665049
1.83312903389
1.83395069029
1.83474375848
1.83587272026
1.83629693174
1.83703791921
1.83736370687
1.84001938157
1.8419480155
1.84337826785
1.8435601315
1.84892456091
1.84893931689
1.84923893502
1.84974059126
1.84998067444
1.85082217005
1.85263388418
1.85334255989
1.85375873443
1.85392688773
1.85468467182
1.85512750204
1.85642179403
1.85642179403
1.85901149446
1.8591738419
1.85977148871
1.85991506911
1.86074452959
1.86453958099
1.86524808655
1.86525268689
1.86599762719
1.86643963857
1.86758814376
1.86786552538
1.86841459197
1.87156649326
1.87177858637
1.87263718705
1.87809392537
1.87834167617
1.87885874673
1.88072483388
1.88097253355
1.88346071613
1.88427415913
1.88606825896
1.88695516645
1.88747311325
1.88786571789
1.88786571789
1.88786571789
1.88965483393
1.89045345074
1.89167843197
1.89505348793
1.89634300727
1.89899752079
1.90028811005
1.90059454455
1.90110049596
1.90110961685
1.90351363981
1.90508792464
1.90585336227
1.90688305059
1.90689489899
1.90706888202
1.90776549452
1.90878314419
1.90971162669
1.90981007005
1.91236761231
1.91433365685
1.91554788027
1.91832328016
1.91988702496
1.92109694087
1.92179278418
1.92420648917
1.92528108482
1.92606269252
1.92636749996
1.92859507093
1.93204125508
1.93220747637
1.93276194348
1.93480460836
1.93865960587
1.93997640602
1.94025248426
1.94204204774
1.9434199626
1.94568605733
1.94683117218
1.95263972545
1.95546289392
1.95549301728
1.95579721378
1.95595452218
1.95852173991
1.95967587723
1.96087014785
1.96357258961
1.9668665862
1.96703759566
1.96851733312
1.97239046329
1.97270938374
1.9748463214
1.97526421974
1.97527513172
1.97612018045
1.98107219574
1.98125441383
1.98202436167
1.98316894508
1.98329012874
1.98515240911
1.98588975994
1.98879029325
1.98947915608
1.99512442863
1.99603087332
1.99622108824
1.9983142911
1.99846298614
1.9994591825
2.00207015937
2.00249772272
2.00409332776
2.00580522351
2.00588462721
2.0071586632
2.00844714896
2.0099291005
2.01016313132
2.01135823529
2.01457150799
2.01582700457
2.01940788926
2.02028343604
2.02242632234
2.0240180763
2.03230319923
2.03273391698
2.03402145203
2.03674077952
2.03760019973
2.03911000332
2.04160735593
2.04185461758
2.04218796715
2.04472426854
2.04491154856
2.04669237129
2.04685252653
2.05119741253
2.05337617203
2.05387374908
2.05433549213
2.05456321564
2.05516616649
2.05545270738
2.05597934264
2.05834376704
2.06202299307
2.06415983847
2.0643887062
2.06455800857
2.06514741896
2.06613995166
2.06731226646
2.06840241085
2.07043716386
2.07133846084
2.0715410381
2.0719640265
2.07325193736
2.07339667117
2.07432744722
2.07450653807
2.0747633163
2.07636326847
2.07646437764
2.07681033936
2.07763656816
2.079192095
2.07920347485
2.08088144668
2.08235128896
2.08291233812
2.08299029096
2.08331793086
2.08427185773
2.08450669242
2.08530119469
2.08779873153
2.0883681062
2.08878852776
2.08913436656
2.0892624953
2.08963649144
2.09073077399
2.09190443276
2.09199201615
2.0938400137
2.09438694281
2.09568534484
2.09594377361
2.09607118935
2.09688196703
2.09690912219
2.09692962967
2.09942439564
2.10130647158
2.10520317129
2.10557887019
2.1060170443
2.1065550083
2.10668470907
2.10701505701
2.10988393744
2.11030455559
2.11132904505
2.11142585482
2.11229954593
2.11235924587
2.11247594306
2.11279443065
2.11287777996
2.11310726445
2.11387886542
2.113983861
2.11417598082
2.11449566875
2.11706041018
2.11855525145
2.11867026883
2.11903131547
2.11937402794
2.11975980823
2.12393725139
2.12666428517
2.12668393625
2.12706204857
2.12734647488
2.12778139532
2.12904725095
2.13012363946
2.13093034801
2.13157504975
2.13208541609
2.13255507004
2.13334638456
2.13405395856
2.13866333317
2.13980252808
2.14190028453
2.14286901639
2.14457090889
2.14472126511
2.14502634259
2.14510543823
2.1467996099
2.14690391585
2.14725508189
2.14981631792
2.15062477185
2.15086277271
2.1510950077
2.15134862959
2.15306350769
2.15306350769
2.15306350769
2.15306350769
2.15306350769
2.15306350769
2.15306350769
2.15386146483
2.15427895941
2.15433748051
2.15533802529
2.15564813464
2.15593254028
2.16
2.16
2.16
2.16
2.16
2.16
2.16
2.16
2.16
2.16
2.16
2.16
2.16
2.16
2.16
2.16
2.16
2.16
2.16
2.16
2.16
2.16
2.16
2.16
2.16
2.16
2.16
2.16
2.16
2.16
2.16
2.16
2.16
2.16
2.16
2.16
2.16
2.16
2.16
2.16
2.16
2.16
2.16
2.16
2.16
2.16
2.16
2.16
2.16
2.16
2.16
2.16
2.16
2.16
2.16
2.16
2.16
2.16
2.16
2.16
2.16
2.16
2.16
2.16
2.16
2.16
2.16
2.16
2.16
2.16
2.16
2.16
2.16
2.16
2.16
2.16
2.16
2.16
2.16
2.16
2.16
2.16
2.16
2.16
2.16
2.16
2.16
2.16
2.16
2.16
2.16
2.16
2.16
2.16
2.16
2.16
2.16
2.16
2.16
2.16
2.16
2.16
2.16
2.16
2.16
2.16
2.16
2.16
2.16
2.16
2.16
2.16
2.16
2.16
2.16
2.16
2.16
2.16
2.16
2.16
2.16
2.16
2.16
2.16
2.16
2.16
2.16
2.16
2.16
2.16
2.16
2.16
2.16
2.16
2.16
2.16
2.16
2.16
2.16
2.16
2.16
2.16
2.16
2.16
2.16
2.16
2.16
2.16
2.16
2.16
2.16
2.16
2.16
2.16
2.16
2.16
2.16
2.16
2.16
2.16
2.16
2.16
2.16
2.16
2.16
2.16
2.16
2.16
2.16
2.16
2.16
2.16
2.16
2.16
2.16
2.16
2.16
2.16
2.16
2.16
2.16
2.16
2.16005856482
2.16027377718
2.16219879032
2.16531677098
2.16929479701
2.17026348096
2.17204235539
2.17290647106
2.17699451746
2.17731316221
2.17777239806
2.17791126557
2.17930130925
2.18078802468
2.18154106641
2.18157699418
2.18207839788
2.18270224424
2.18322629345
2.18365339633
2.18517403014
2.18584307379
2.18761636831
2.18769171955
2.18779934992
2.18829740626
2.18842729869
2.18866726802
2.18896926076
2.19013141213
2.19136979858
2.19139569317
2.1932510784
2.19416570362
2.19523327963
2.19529177328
2.19531179776
2.19610236092
2.19611651845
2.19629449017
2.19671382268
2.19738059289
2.19787827702
2.19914068421
2.19936656563
2.20011570072
2.20142386084
2.20152807342
2.20153416367
2.20168027502
2.20233119417
2.20277988017
2.20434406998
2.20514507927
2.20576112669
2.20609800046
2.20988298136
2.21173397439
2.21261609128
2.21317760641
2.21323518992
2.21327530691
2.21486734981
2.21647714901
2.2168598896
2.21772748118
2.2191795709
2.22044597642
2.22174528377
2.2243932876
2.22570842093
2.22636244894
2.22722804604
2.22843896125
2.22867835742
2.23211724115
2.23330205666
2.23459705775
2.237017059
2.23822568128
2.23888827255
2.24018852936
2.24377504531
2.24507040108
2.24583633134
2.24591413628
2.24737382079
2.2480315023
2.24813206433
2.24898026149
2.25179305209
2.25311599706
2.25360332538
2.25484370474
2.25496219454
2.2567857614
2.25889184976
2.25896043255
2.25898817589
2.26020477477
2.26391559614
2.2642795777
2.2656119047
2.26605812064
2.2677938522
2.26864697562
2.27331967702
2.27367422291
2.27438226597
2.27560209892
2.27561522085
2.27630293224
2.27701531761
2.27750492454
2.27958550122
2.28078869688
2.28200982658
2.28302371853
2.28350195173
2.29040627783
2.29165091191
2.29423090623
2.29496771396
2.296308141
2.29734164656
2.29890474608
2.29973146311
2.30053463977
2.30064345697
2.30135377624
2.30323841578
2.30323841578
2.30323841578
2.30375152302
2.30472537016
2.30517468713
2.30664499325
2.30704691041
2.30740267505
2.31129856004
2.31521772405
2.31563823507
2.31935819085
2.31982407751
2.32026935047
2.32189030502
2.32189387368
2.32217906396
2.3228758262
2.32515483783
2.32625158552
2.33097484772
2.33104466496
2.33331567031
2.33749885838
2.33929789929
2.33959456417
2.33992493145
2.33999442764
2.34110761893
2.34153799382
2.34388950172
2.34392396694
2.34428446942
2.34543969236
2.3488145704
2.35027322094
2.35519479559
2.35696332443
2.35793916247
2.35927239984
2.35936521576
2.35983324505
2.36235199545
2.36832951056
2.36841856447
2.36995945528
2.37221225874
2.37381288953
2.37390098554
2.3761219288
2.37696376584
2.37772409049
2.3796813124
2.38140982142
2.38248020702
2.38256938789
2.38479019822
2.38688670728
2.38717614698
2.3887778286
2.38986285194
2.39190680604
2.39320676838
2.39350208192
2.39768973409
2.39778052403
2.40030226553
2.40054610298
2.40281015668
2.40543916414
2.40673708778
2.40873125266
2.4102388937
2.41024773378
2.41060581286
2.41187111976
2.41187797042
2.41213444406
2.41304748381
2.41306741174
2.41324396935
2.41392853046
2.41406871643
2.41445154084
2.41575059191
2.41695722799
2.42003880118
2.42013523271
2.42071587661
2.42269509172
2.42306962107
2.42384725445
2.42402647271
2.42486583204
2.42993763571
2.43186336252
2.43537218652
2.43667871793
2.43751924567
2.43791740672
2.43805875021
2.44047585486
2.44096935537
2.44183501559
2.4439922068
2.44403876919
2.44507457909
2.44507745673
2.44719254776
2.44915427362
2.45253402984
2.45387123672
2.4541209713
2.45497472269
2.45703867805
2.45708017479
2.458052381
2.4607004038
2.46092914714
2.46183056098
2.4627018759
2.46367360855
2.46875180109
2.46878368584
2.46935102878
2.4700374122
2.47267358119
2.47580646225
2.47606544571
2.47698816064
2.4797565853
2.48399879923
2.48468112975
2.48856821701
2.48948481378
2.48948481378
2.49117260945
2.49669227963
2.49711243295
2.49771506079
2.50407746839
2.50459885452
2.50530101597
2.50540249731
2.50832259324
2.50844239077
2.50850272979
2.51113552442
2.51285242355
2.51311602524
2.51371383569
2.51397300035
2.51417389023
2.51466105955
2.51496158728
2.51503350556
2.51578694755
2.51603553308
2.51639742209
2.51859658089
2.51892711746
2.52027466905
2.52045590582
2.52095664828
2.52155534095
2.52332531293
2.52368135967
2.52368135967
2.52368135967
2.52368135967
2.52368135967
2.52368135967
2.52368135967
2.52486847121
2.52770663212
2.53063033036
2.53239092768
2.53267263173
2.532833506
2.53345470141
2.53406503157
2.53621560936
2.5362800223
2.53636857622
2.53657262522
2.53962306248
2.54153699747
2.54181273153
2.54281639113
2.54314596003
2.54363750083
2.54479727194
2.5456487644
2.5456659904
2.54782508726
2.54854799907
2.54893432997
2.54952956873
2.55201841046
2.55258634324
2.55258732507
2.55485815441
2.55608150061
2.55835102717
2.55951262037
2.56262001298
2.56407567246
2.56649109326
2.56703042612
2.56715013033
2.56860729674
2.57040129463
2.57208720333
2.57221098195
2.57392988415
2.57456499404
2.5757635332
2.57606485428
2.57804464118
2.58006837635
2.58038706354
2.58111996766
2.58192499192
2.58238899417
2.58258168559
2.58305887494
2.5851710874
2.58841474854
2.58849087768
2.58922297936
2.59306472829
2.59320937306
2.59394646515
2.59668195633
2.59878592545
2.6037739153
2.60404558456
2.60574728964
2.60961272851
2.61012316596
2.61386327934
2.61470658946
2.61547674996
2.61689487655
2.61917379483
2.61966232675
2.62092308419
2.62139303939
2.62289783765
2.62432501209
2.62458892777
2.62668810464
2.62989564113
2.63041615608
2.63728270557
2.63889003647
2.64048414569
2.64207111627
2.64405059324
2.64447628055
2.64680955104
2.64935232405
2.64973755569
2.64973755569
2.64973755569
2.65449927604
2.65522520875
2.65594270729
2.65674620432
2.65754671325
2.65790376894
2.6590806471
2.6597135739
2.6613851141
2.66287407556
2.66440046593
2.66512672575
2.66564387644
2.66631784314
2.6674706799
2.66761418498
2.66880355615
2.66881735542
2.67089160696
2.67302323374
2.68508154126
2.68534604549
2.68617433087
2.68644228249
2.6871922997
2.69043378789
2.69410064324
2.69510156572
2.69624180813
2.6973718783
2.69787072048
2.69823685957
2.69863679315
2.6987606802
2.6990098414
2.69992479733
2.70053605588
2.70086803009
2.70302473799
2.70449597972
2.70487839598
2.70539604967
2.70556330212
2.70597845305
2.70701176785
2.70729878194
2.70886902713
2.70891914449
2.70905627331
2.71123425594
2.71245215697
2.71265065013
2.71360040518
2.71404936415
2.71556046082
2.71680111429
2.71681519968
2.71823857571
2.7214227406
2.72209210899
2.72303659371
2.72313725241
2.72655958141
2.72730890522
2.72758370491
2.7328739917
2.74223626521
2.74348916241
2.74836088299
2.74836088299
2.74976468086
2.75162038704
2.75204731744
2.75204731744
2.75204731744
2.75204731744
2.75204731744
2.75204731744
2.75204731744
2.75204731744
2.75204731744
2.75204731744
2.75204731744
2.75204731744
2.75204731744
2.75204731744
2.75378183762
2.75760597942
2.75780351149
2.75989327084
2.76070309241
2.76216292404
2.76718432574
2.77041865383
2.77109653453
2.77606558291
2.777483607
2.77842530805
2.7792832162
2.77954759524
2.78223085765
2.78496098738
2.78525551143
2.78563677998
2.78836489207
2.79007699691
2.79101944122
2.79133649224
2.79161115835
2.79218303692
2.79218303692
2.79218303692
2.79218303692
2.79218303692
2.79218303692
2.79532623126
2.79641987833
2.79675386904
2.79886389608
2.80018352229
2.80052393067
2.80316020954
2.80352343651
2.80373184587
2.80408628689
2.8083620794
2.81661465862
2.8206730395
2.82252928818
2.82887006689
2.82994982103
2.83024947475
2.83115560831
2.83183851762
2.83431854727
2.83445725361
2.83475142178
2.83928233917
2.83962331564
2.83971148752
2.83974932023
2.84134308865
2.84738438289
2.85194148814
2.8521660614
2.85969215753
2.86020115037
2.86171671229
2.86293113979
2.86338546898
2.8696146584
2.87238446135
2.87358091523
2.87648289969
2.88121926198
2.88192091485
2.88396036994
2.88486245205
2.88543031984
2.88581607365
2.88803802603
2.89008664024
2.89116353867
2.89310033074
2.89641631213
2.90162422404
2.90416209815
2.90424364512
2.90536758085
2.90766096018
2.90766096018
2.9090857936
2.90960585809
2.91138564887
2.91305689869
2.91353148197
2.91595318121
2.91623596093
2.91638616732
2.91659139758
2.91668207155
2.91863268003
2.91978658672
2.923628945
2.92516801422
2.92540891632
2.92547155043
2.92631761348
2.92851179775
2.92916216562
2.92972961807
2.9336334039
2.93608563644
2.93622711203
2.9408161911
2.94220975934
2.9425888784
2.94436816726
2.94503831561
2.94570871203
2.94597626452
2.94632644684
2.94799474605
2.9480708102
2.95037270435
2.95110401325
2.9518028015
2.95366834311
2.95491474452
2.95515979737
2.95642876794
2.95771090721
2.95778092255
2.95799842793
2.95898177063
2.96307776918
2.96324422182
2.96359695277
2.96385667646
2.96738140989
2.96776014579
2.96776014579
2.96776014579
2.96776014579
2.97024756796
2.97109720979
2.97118396557
2.97232586481
2.97397395666
2.97891582656
2.98059211066
2.9807810643
2.98165142923
2.98344754959
2.98378105926
2.98382107602
2.9851083075
2.98721311449
2.98892195766
2.98947056775
2.98961964056
2.99196299895
2.9949133706
2.995065521
3.00114517012
3.00382247145
3.00461976507
3.00470154506
3.00471354521
3.00882503406
3.00987206648
3.01058540211
3.01334290453
3.0136644873
3.01395298721
3.01441537923
3.01527942164
3.01533751814
3.01536856195
3.01552063635
3.01605023946
3.016065945
3.02003637728
3.02091976533
3.02139783783
3.02230757725
3.02289943912
3.02294432861
3.02528191744
3.02689121613
3.02964116926
3.03009729629
3.03011253605
3.03013056046
3.03013056046
3.03075079458
3.03147931879
3.03167734488
3.03547976611
3.03800264009
3.03811876263
3.03895314761
3.03978647618
3.04143996248
3.04328667812
3.04346263853
3.04952292618
3.05033589827
3.05357840776
3.05439478474
3.05565253247
3.05639346254
3.06023618521
3.06043880248
3.06590752318
3.06691529947
3.06821933928
3.06928994225
3.07042301464
3.07249783731
3.07452576752
3.07519991372
3.07628044493
3.08258239793
3.08578807251
3.0858724417
3.08630715226
3.08652285472
3.08696285409
3.08853466627
3.089576531
3.09144715942
3.09423100679
3.09645570962
3.09793547146
3.09832246083
3.09853254459
3.10256482964
3.10501245622
3.1057155619
3.10618902198
3.1074807148
3.11083375599
3.11236418522
3.11309252161
3.1136542195
3.1187008414
3.11976368934
3.12054075457
3.12461821615
3.12605702655
3.12624926413
3.12720167938
3.12832779102
3.13040753768
3.13171465703
3.13171465703
3.13378762086
3.13459086791
3.13500406407
3.13789067528
3.1378963181
3.1385015968
3.13858836238
3.13868893159
3.13925849845
3.14199220211
3.14218838959
3.14317994037
3.14392887904
3.1445446642
3.1451869455
3.14597271012
3.14675179033
3.1519570605
3.15251796144
3.16019688486
3.16561286361
3.16650314382
3.16909258852
3.1695299472
3.17366005191
3.1756344794
3.17932454244
3.18011253309
3.18082230147
3.18108459576
3.18209228669
3.18367178686
3.18377058228
3.18481780532
3.18510391764
3.18806099252
3.18838814448
3.19088013975
3.19112924324
3.19187796016
3.19188733632
3.19257991468
3.19264299583
3.20026874599
