-5.33167151412
-5.33082541811
-5.33078926893
-5.32917552822
-5.32524122837
-5.32428494042
-5.32262274647
-5.31965692049
-5.31463098775
-5.31344269849
-5.31181932007
-5.31147260545
-5.311314693
-5.31019972172
-5.30989013566
-5.30749441153
-5.30615748377
-5.30565949929
-5.30472530331
-5.30395548105
-5.30347640219
-5.30250569061
-5.29911368231
-5.29869594327
-5.29771568954
-5.29489035517
-5.29481494675
-5.2909647355
-5.29070969512
-5.2900385186
-5.28863391483
-5.28700860871
-5.28679249685
-5.28427673438
-5.28351766073
-5.28333568678
-5.28289433625
-5.28074243651
-5.28001008718
-5.27963386364
-5.27767006867
-5.2767673087
-5.27638642812
-5.27534516455
-5.27370643353
-5.27340239586
-5.27091841759
-5.27063585814
-5.26835093871
-5.26814939006
-5.26712159835
-5.26607666918
-5.26588133505
-5.26420392509
-5.26401900114
-5.263793375
-5.26223844809
-5.26215364085
-5.26075291744
-5.26074853604
-5.26068740839
-5.25960136138
-5.2595188128
-5.25947610301
-5.25938161592
-5.25855956265
-5.2585290277
-5.25787380372
-5.25786386732
-5.25754474876
-5.2574627325
-5.2574597295
-5.24651489883
-5.24199347367
-5.24031217778
-5.24015238957
-5.23560095565
-5.2344381128
-5.23357907741
-5.22668179684
-5.22455123743
-5.21640210923
-5.21166302789
-5.21127608551
-5.20905199974
-5.20718361985
-5.20563143194
-5.20388024917
-5.1926779264
-5.19162710136
-5.18808752271
-5.18784494496
-5.18766904095
-5.17686271605
-5.17494876223
-5.17270493638
-5.16808811723
-5.16768618662
-5.16481646105
-5.16369557385
-5.1584737802
-5.15365592393
-5.14700458801
-5.14435316177
-5.1421158045
-5.14143016121
-5.13989871681
-5.13586691267
-5.13487867088
-5.12574864115
-5.12336798858
-5.11857700066
-5.11738314044
-5.11618075912
-5.11613744361
-5.10927582364
-5.10259368505
-5.10059628854
-5.09989481521
-5.09509526343
-5.09260080845
-5.09254605957
-5.08910805554
-5.08347550789
-5.07640245849
-5.07561381923
-5.07176314453
-5.07031456387
-5.06975733814
-5.0691175481
-5.06098208598
-5.05601834313
-5.05511046562
-5.05276274741
-5.04833073462
-5.04585486914
-5.04319710889
-5.04038805333
-5.03797163652
-5.02922417113
-5.02856003037
-5.02655964402
-5.02565281879
-5.02495419972
-5.02275220855
-5.01226828008
-5.01018701809
-5.00930829375
-5.00187916309
-5.00156954835
-5.00093583866
-4.99972596436
-4.9984051333
-4.99349337465
-4.98480318473
-4.98446868867
-4.98030559706
-4.97815796168
-4.97711508362
-4.97173779258
-4.97133784269
-4.97028548079
-4.96500498004
-4.96066875592
-4.95772532715
-4.95475460583
-4.95437476538
-4.95087703805
-4.94384808344
-4.9429895051
-4.94152110037
-4.93734027616
-4.93719919787
-4.9316232543
-4.93136336441
-4.92950692829
-4.92579039728
-4.91703423683
-4.91408668493
-4.91376394409
-4.91234519352
-4.91187718787
-4.90861888079
-4.90784900418
-4.90224263453
-4.90189123169
-4.89147884341
-4.89114004527
-4.88795044607
-4.88604437093
-4.88510488682
-4.88399693288
-4.88308297402
-4.88012624868
-4.87460214097
-4.86935808722
-4.86899598245
-4.86379130284
-4.86145749412
-4.86099090801
-4.85839363568
-4.85536734923
-4.85529317424
-4.85288346127
-4.84748209081
-4.84507424304
-4.84322401434
-4.83809391318
-4.83633164256
-4.83416078247
-4.83241236541
-4.8295283815
-4.82909109224
-4.82531484976
-4.82496379912
-4.82043060503
-4.81612980159
-4.8147490846
-4.81147329924
-4.81121545068
-4.8070110734
-4.80613127788
-4.80354125364
-4.80047301686
-4.80022009551
-4.79636663376
-4.79425361605
-4.79144059391
-4.78940902653
-4.78602904454
-4.78575644921
-4.78491854528
-4.7806341936
-4.77877177424
-4.77487794407
-4.77421590005
-4.77328892051
-4.76973864277
-4.76817677595
-4.76745992339
-4.76555172943
-4.76458561369
-4.76049809749
-4.7600808321
-4.75846778482
-4.7564792623
-4.75421228591
-4.75157937744
-4.749849897
-4.74964724211
-4.74794762409
-4.74689485293
-4.74618748554
-4.74609823366
-4.7460644479
-4.74539180571
-4.74495261882
-4.7350302873
-4.73430061583
-4.72545580717
-4.72527627956
-4.72510460883
-4.72177185584
-4.71861108624
-4.7141004512
-4.70883496621
-4.70529743196
-4.70362341529
-4.70123093775
-4.69863484211
-4.69482152144
-4.6910963942
-4.68726725653
-4.68406144875
-4.68126872141
-4.67779830769
-4.67554591795
-4.6743797023
-4.66790222781
-4.66689939691
-4.66382778189
-4.65631369588
-4.65514447388
-4.65499773544
-4.65250167527
-4.64871710857
-4.64743939569
-4.64046585931
-4.6377433057
-4.63380603757
-4.63089507626
-4.62950081241
-4.62899391977
-4.62842671994
-4.62283052163
-4.61576098965
-4.6142983428
-4.61263608893
-4.60805958605
-4.60782050017
-4.6065246073
-4.60217796998
-4.6005529857
-4.5955348223
-4.59388871051
-4.58748286924
-4.58708547428
-4.58649213408
-4.58351060382
-4.58056085091
-4.57983747551
-4.57461241399
-4.57389499791
-4.56866240079
-4.56437040555
-4.56357222299
-4.5622362224
-4.56191573757
-4.5599801495
-4.55768556726
-4.55249410169
-4.5500725832
-4.54769387898
-4.54481531616
-4.54300466598
-4.54054691089
-4.53929264936
-4.53855810871
-4.53557807624
-4.53444691126
-4.53046490007
-4.52826980411
-4.52811260396
-4.52681666795
-4.52331598088
-4.52009276541
-4.51703144069
-4.51633362662
-4.51455854711
-4.51423695386
-4.5116620785
-4.511598405
-4.51092346383
-4.50914477008
-4.50776755094
-4.50698561861
-4.50496536534
-4.50315905483
-4.50152466622
-4.50008489764
-4.49881696481
-4.49773162227
-4.49681493972
-4.49607199703
-4.49572493135
-4.49549474729
-4.49508498447
-4.49483915799
-4.49374442444
-4.48799894609
-4.48736473585
-4.48635928721
-4.4798195854
-4.47130252857
-4.46899082181
-4.4638259463
-4.46205961578
-4.46040716576
-4.4514422218
-4.44897708812
-4.44664560707
-4.43802264659
-4.43745750829
-4.43302475267
-4.42689111689
-4.4267656019
-4.42214410737
-4.41427281001
-4.41258387647
-4.40791204587
-4.40466892795
-4.40223387509
-4.39412135559
-4.39404004592
-4.3908217116
-4.38268989824
-4.38074118418
-4.37614068959
-4.37538294011
-4.36767707199
-4.36755751701
-4.36083230931
-4.35894339468
-4.35429971568
-4.34893212568
-4.34484486211
-4.34382462368
-4.33910047473
-4.33903284803
-4.33199068204
-4.32494639992
-4.32233011293
-4.32014169972
-4.31874080258
-4.31749901005
-4.30881873483
-4.30745830309
-4.30013728843
-4.29784159863
-4.29603271967
-4.29288058314
-4.29128645875
-4.28686313359
-4.2783124448
-4.27827048169
-4.27470653151
-4.2733834413
-4.2683967166
-4.26641655897
-4.2587550976
-4.25754568708
-4.25673352901
-4.25352545614
-4.2496479577
-4.24431062192
-4.24074880508
-4.23803811852
-4.23553008071
-4.23344859011
-4.23249456012
-4.22709906091
-4.2254365629
-4.21790425221
-4.21466364538
-4.21279943353
-4.21265011907
-4.21161895051
-4.21018137194
-4.20453235432
-4.19818922522
-4.19679793814
-4.19413761396
-4.19218846978
-4.19090377103
-4.18769338618
-4.18677696678
-4.18191615726
-4.18149346006
-4.17716639489
-4.17395526549
-4.17312688889
-4.17035421439
-4.16918906233
-4.16844382737
-4.16564542905
-4.16273742974
-4.16040002741
-4.16006842258
-4.15788542495
-4.15602906033
-4.15467198436
-4.15411975235
-4.15390781032
-4.15359628632
-4.15298222765
-4.1499755589
-4.14012646887
-4.13543015106
-4.13463405925
-4.129773246
-4.12641645716
-4.11550092147
-4.11423317624
-4.10975303347
-4.10929530497
-4.10076288733
-4.09672266909
-4.08992130694
-4.08798758754
-4.08509231032
-4.07830091558
-4.07545043525
-4.07028576607
-4.06416705057
-4.06023587409
-4.05983175434
-4.05190147182
-4.0508571352
-4.04252465169
-4.04029497942
-4.0362398415
-4.03165421212
-4.02890292076
-4.02515620747
-4.01844966457
-4.0127226087
-4.01197599047
-4.00809262114
-4.00762196008
-3.99720683637
-3.99422427693
-3.99117958057
-3.98918621452
-3.98661406829
-3.97756715531
-3.97671178173
-3.97387213166
-3.96804667758
-3.96543194147
-3.96043334541
-3.95878754606
-3.95592967704
-3.9501808737
-3.94485675518
-3.94246903685
-3.94154623207
-3.93789216142
-3.93324138504
-3.92975832626
-3.92548277452
-3.91999133224
-3.91994703835
-3.91775042328
-3.91508331197
-3.91037484803
-3.90347879564
-3.90229095387
-3.90081486229
-3.89786566472
-3.89669175967
-3.89024185306
-3.88694563628
-3.88481999213
-3.88422344209
-3.8783971377
-3.87621416846
-3.87346843035
-3.87284849279
-3.86776531794
-3.86761129713
-3.86288699612
-3.86036295538
-3.8583937783
-3.85479370732
-3.8541154343
-3.85080674742
-3.85016806299
-3.84749690881
-3.84658644558
-3.84327860346
-3.84030790656
-3.83762666605
-3.83609684916
-3.83529580915
-3.83383087966
-3.83322657467
-3.8331885202
-3.83148898228
-3.83008178843
-3.8289792379
-3.82819418039
-3.82772204832
-3.82397596043
-3.81695296592
-3.81330426618
-3.81248877394
-3.80144712431
-3.80076067768
-3.79314163006
-3.79081841108
-3.78486338648
-3.78053840635
-3.77337138535
-3.77125759785
-3.76864157783
-3.7616959062
-3.75400075001
-3.75339597646
-3.75273757684
-3.74421263805
-3.73837282307
-3.7359839087
-3.73503463746
-3.72863151626
-3.72316474096
-3.72136801622
-3.71647724579
-3.71455994791
-3.70892673632
-3.70783355997
-3.70235236444
-3.69833241398
-3.69684600083
-3.69417297651
-3.69173748202
-3.68721473079
-3.68302192968
-3.68060374989
-3.68010483155
-3.67917967538
-3.67599584471
-3.67312619269
-3.6707181479
-3.66872887005
-3.66720033931
-3.6661655308
-3.6660867374
-3.66542395278
-3.66329468893
-3.65267190613
-3.64640852546
-3.63945227505
-3.62994843153
-3.62652886638
-3.61391746892
-3.61390704079
-3.60159080853
-3.59831859736
-3.58958372217
-3.58315468031
-3.57788909627
-3.56842848914
-3.56651008618
-3.55544972241
-3.55414270625
-3.54471092771
-3.5402999273
-3.53429652615
-3.52690266295
-3.5242092482
-3.51445173371
-3.51395334004
-3.50502653354
-3.50145430251
-3.49593611042
-3.48940781189
-3.48718283937
-3.47876900778
-3.47781604774
-3.47069681521
-3.4666811078
-3.46296837315
-3.45600500798
-3.45558570456
-3.44855074342
-3.44578968229
-3.44186533419
-3.43603698267
-3.43553123127
-3.42955009838
-3.42674867869
-3.42392350803
-3.41865294087
-3.41792645724
-3.41373978517
-3.40957192219
-3.4091853362
-3.40499079571
-3.40168659393
-3.40115727141
-3.39768577645
-3.39457722897
-3.39427190901
-3.3918324517
-3.38945217149
-3.38743701904
-3.38732921967
-3.38578752855
-3.38450413743
-3.38358718617
-3.38303691805
-3.38085979339
-3.3748648125
-3.3693453737
-3.36430248765
-3.3597370786
-3.355649984
-3.35204195412
-3.34891365178
-3.34626565201
-3.34409844184
-3.34241242003
-3.34120789694
-3.34048509434
-1.67784910351
-1.67754151797
-1.67702889469
-1.6763112626
-1.67538866222
-1.67426114562
-1.67292877647
-1.67139163002
-1.66964979311
-1.66770336416
-1.66555245321
-1.66319718188
-1.66063768342
-1.65787410269
-1.65490659618
-1.65173533202
-1.64836048997
-1.64478226146
-1.64100084958
-1.63701646911
-1.6328293465
-1.62843971992
-1.62384783927
-1.61905396615
-1.61405837394
-1.60886134778
-1.60346318458
-1.59786419308
-1.59206469381
-1.58606501916
-1.57986551338
-1.57346653262
-1.56686844492
-1.56007163027
-1.5530764806
-1.54588339985
-1.53849280396
-1.53090512092
-1.52312079079
-1.51514026574
-1.51414054194
-1.51383782334
-1.51333331073
-1.51262703174
-1.51171902502
-1.51060934028
-1.50929803828
-1.50778519082
-1.50696401007
-1.50607088077
-1.50415520206
-1.50203825968
-1.49972016969
-1.49859250027
-1.49720105925
-1.49448106656
-1.49156034094
-1.49002622501
-1.48843904279
-1.48511734364
-1.48159542609
-1.48126568525
-1.47787348391
-1.47395172196
-1.47231139419
-1.46983035628
-1.46550961402
-1.46316387737
-1.46098973354
-1.45627096436
-1.45382367271
-1.45135356717
-1.4462378139
-1.44429133053
-1.44092398767
-1.43541238286
-1.4345674136
-1.42970330509
-1.4246524972
-1.42379707124
-1.41769400948
-1.41454716915
-1.41139445931
-1.40489877152
-1.40425202988
-1.39820730827
-1.39376769248
-1.39132044306
-1.38423856081
-1.38309478273
-1.37696205784
-1.37223393919
-1.3694913419
-1.36182683221
-1.36118581324
-1.35396895949
-1.34995106915
-1.34591816595
-1.33853038412
-1.33767490538
-1.32923964313
-1.32692444837
-1.32061285615
-1.31513396523
-1.31179503305
-1.30315965114
-1.3027866741
-1.2935882913
-1.29100223579
-1.28420040838
-1.27866246218
-1.27462356087
-1.26614108666
-1.26485829612
-1.25490517334
-1.25343887908
-1.24682571629
-1.24653163796
-1.24604152437
-1.24535540102
-1.24476476368
-1.24447330356
-1.24339527783
-1.24212137989
-1.24065167598
-1.2405566228
-1.23898624252
-1.23712516616
-1.23506854373
-1.23443765022
-1.23281648228
-1.23036909905
-1.2277265215
-1.22749511485
-1.22488888732
-1.22392442806
-1.22185634442
-1.21862905092
-1.21520717518
-1.21425516596
-1.21322570435
-1.21159089581
-1.20778040165
-1.20377589181
-1.20234209834
-1.20083760071
-1.19957757564
-1.19518567277
-1.19127424143
-1.1906004131
-1.18724325756
-1.18582203682
-1.1808507944
-1.18002277726
-1.17568694662
-1.17347298903
-1.17033076459
-1.16858836171
-1.16478252972
-1.15952766175
-1.15904253377
-1.156971663
-1.15311107884
-1.1469884774
-1.14540815659
-1.14517336173
-1.14067505228
-1.13417113671
-1.13319415095
-1.13111536876
-1.12747707432
-1.12103473626
-1.12059321916
-1.11665020795
-1.11351993569
-1.10869583581
-1.10625759886
-1.10201359843
-1.09880659406
-1.09617818042
-1.09116731717
-1.08720647919
-1.08348251366
-1.08334017459
-1.07532558324
-1.07222980407
-1.07060959189
-1.06712397057
-1.05873577463
-1.05756018436
-1.05708454189
-1.05016144403
-1.04433507332
-1.0417716766
-1.04140143802
-1.03245622649
-1.03093505405
-1.0262922074
-1.02332628998
-1.01736093498
-1.01401211974
-1.01064714892
-1.00451421774
-1.00361353781
-0.994837531384
-0.994833096708
-0.989693697553
-0.984969280148
-0.978864400735
-0.975602262667
-0.974923302385
-0.964695708595
-0.962728818835
-0.961340095155
-0.95428705484
-0.94690807067
-0.946431863626
-0.943697908104
-0.932928846333
-0.932307078628
-0.929974629318
-0.921980458471
-0.917538022323
-0.913358226572
-0.910853344509
-0.90260181905
-0.89954811552
-0.896583782697
-0.88806539371
-0.887499400229
-0.884027248686
-0.883746510701
-0.883278629158
-0.882623626712
-0.881781535074
-0.880752395017
-0.879652441853
-0.879536256379
-0.878133178057
-0.87654322801
-0.876405812462
-0.874766483264
-0.872803029907
-0.872231711535
-0.870652963092
-0.868316387038
-0.865793415032
-0.864570016387
-0.86308416943
-0.862565365259
-0.860188781656
-0.857107392206
-0.856799713035
-0.85384015065
-0.852558661374
-0.85038721563
-0.846748754867
-0.845323731408
-0.842924945159
-0.841204379324
-0.840372414642
-0.838915972386
-0.834722031509
-0.830343326577
-0.828011954797
-0.827928736298
-0.825780070725
-0.825446699676
-0.821032486183
-0.816100804271
-0.815477971891
-0.81098526541
-0.81038159366
-0.809527678191
-0.805686119121
-0.802771167477
-0.800203624032
-0.794538047878
-0.793448333953
-0.792683535202
-0.789892254678
-0.788689667511
-0.782658768898
-0.777209701195
-0.776841958246
-0.776445647132
-0.77483581086
-0.770050606435
-0.763621014635
-0.763473960162
-0.760812829465
-0.756839689059
-0.75671603081
-0.750230172069
-0.749777150021
-0.744258783803
-0.742657658592
-0.738696456982
-0.736670190612
-0.73535790648
-0.727878252811
-0.727548644923
-0.722941842254
-0.720407420849
-0.720219065888
-0.712380723196
-0.710683509403
-0.709045910978
-0.704363611418
-0.701973906209
-0.696168126438
-0.694983192855
-0.693664489881
-0.687794673353
-0.68339725824
-0.680754496121
-0.679243666485
-0.676492715256
-0.670515529393
-0.666360641272
-0.664678842062
-0.661610694881
-0.659169330907
-0.652529605014
-0.651802461156
-0.64582004306
-0.643272711129
-0.641695498904
-0.637080801069
-0.633840473853
-0.626822267218
-0.624233363112
-0.624072398244
-0.622196518858
-0.61445185815
-0.607686941472
-0.607150485025
-0.606301225083
-0.604496447544
-0.594367629225
-0.591943582837
-0.588415514066
-0.588383192985
-0.58406591049
-0.576576708441
-0.573591808025
-0.570319533177
-0.569009454931
-0.562945847924
-0.561050770982
-0.552128565712
-0.552111494814
-0.54947025607
-0.545366692727
-0.541140506362
-0.533760345254
-0.529982224326
-0.529799431964
-0.529525409191
-0.518654283554
-0.515267370347
-0.513527869276
-0.509998519987
-0.507157257519
-0.497375035407
-0.496633874731
-0.495491729249
-0.490069080845
-0.483658291353
-0.481067883677
-0.477861182142
-0.471657546048
-0.470012699021
-0.464607403999
-0.459490105196
-0.458950635732
-0.449830983243
-0.447994600264
-0.447156590332
-0.439903598406
-0.43676926547
-0.436508198102
-0.436073098794
-0.435463987005
-0.434680889976
-0.4346576327
-0.43372384273
-0.432592888073
-0.43128807659
-0.431230490502
-0.429809466646
-0.429525566971
-0.428157124384
-0.426331123724
-0.424331546361
-0.422158481764
-0.421993873291
-0.420721453168
-0.419812027173
-0.417292287599
-0.414599375818
-0.414316107055
-0.411733412373
-0.40916596288
-0.409098108897
-0.408694525569
-0.40548285147
-0.402098533899
-0.401405603478
-0.398541724432
-0.397252496754
-0.396174562064
-0.394812582396
-0.390911274867
-0.388550293467
-0.386837976663
-0.383020341305
-0.382592870345
-0.381957473631
-0.380040721102
-0.378176146214
-0.373588002299
-0.369703980976
-0.368828644364
-0.367883831425
-0.363898285898
-0.362681856468
-0.362378509139
-0.35879714811
-0.356226171402
-0.353525459928
-0.348083457996
-0.347100460368
-0.345176994286
-0.342670177141
-0.342587612914
-0.342471386664
-0.336689497989
-0.330738051727
-0.328789015893
-0.327527241264
-0.326201945334
-0.324617315332
-0.322833966819
-0.318327563947
-0.31483110083
-0.311869080404
-0.309733719602
-0.305242155215
-0.305190079406
-0.302871389835
-0.300714598373
-0.29844708657
-0.291797567216
-0.291484180331
-0.286440249393
-0.284353750029
-0.284066684336
-0.282783980784
-0.277056116855
-0.273719937973
-0.272008805038
-0.269591609661
-0.262833611199
-0.262573297663
-0.26196056495
-0.257421026801
-0.255502001941
-0.254163326874
-0.246200247227
-0.242677686585
-0.242240922366
-0.241492741067
-0.238071685443
-0.237144945637
-0.229778008591
-0.227779566772
-0.221788461184
-0.221319591366
-0.22004598571
-0.218649972299
-0.212727460296
-0.212696816091
-0.203910072706
-0.201217545343
-0.200018302159
-0.198495288322
-0.19752217072
-0.194959758769
-0.185846279449
-0.182164512316
-0.181251172733
-0.180529831547
-0.17684262428
-0.176570047521
-0.167131483364
-0.166655310147
-0.162349839124
-0.159727002552
-0.157531014956
-0.155090001922
-0.150995400157
-0.14776907787
-0.143315574331
-0.13881076776
-0.137846115272
-0.13518562926
-0.133239463362
-0.127762577916
-0.124149669577
-0.119226855436
-0.117782863835
-0.11751892414
-0.111293085334
-0.107115619868
-0.104853434649
-0.103119947834
-0.0966450553504
-0.0965531386019
-0.0892529800662
-0.0868657868737
-0.0858319614208
-0.0854281982535
-0.0753991354482
-0.0749525769808
-0.0704652643577
-0.0671212961904
-0.0658753083841
-0.0639154815117
-0.0540469265404
-0.0539192835843
-0.0527211788162
-0.0461961327073
-0.0449002196827
-0.0413701802686
-0.0372287594689
-0.0325902810279
-0.0298630048149
-0.0263920589633
-0.0225919748425
-0.0203946186694
-0.0182001789724
-0.0110310820515
-0.00646449538464
-0.00638223683003
-0.00341779971797
-0.000198825306897
0.00559027995067
0.0106287557266
0.0135851288682
0.0137007468413
0.017716822134
0.0222769248963
0.0299968329081
0.0309600583085
0.0323872853115
0.0337553632519
0.0424297478827
0.0448329302567
0.0483591596768
0.054044735366
0.0542425265308
0.0550149950853
0.0658970634751
0.0674668026477
0.0677519949577
0.0744517504589
0.0761924651565
0.0806401603513
0.0813573683885
0.0815895600366
0.0819765351113
0.0825182771046
0.0832147629065
0.0835727696023
0.0840659628058
0.0850718404915
0.0862323530539
0.0875474509871
0.0890170781908
0.0901761101511
0.0906411719723
0.09241966305
0.0936788965215
0.0943524755556
0.0949748909121
0.0964395270379
0.0982350519911
0.0986807284657
0.101075984232
0.101385265155
0.103625192159
0.1063282435
0.106867601122
0.109185022946
0.112195408631
0.112958375837
0.115359272136
0.115612615702
0.118676478494
0.119333524247
0.120205664197
0.120368201918
0.122146886197
0.125770347201
0.129546706936
0.133475804305
0.133692468173
0.135811076501
0.136363359841
0.137416507818
0.137557471699
0.141791534999
0.142589792913
0.146177813585
0.147327387853
0.150716120344
0.155406261677
0.155633163439
0.157225533786
0.158731641348
0.160248037509
0.161109790402
0.164897665015
0.165241241296
0.170385660033
0.173982425101
0.175039035338
0.175681074268
0.178197522838
0.181127258103
0.181717450635
0.186723979211
0.187289619259
0.189114474523
0.192463213002
0.192470998844
0.198368071841
0.199277686495
0.203335452144
0.20441494664
0.204765834263
0.209763416563
0.210611365289
0.211074433314
0.216957063456
0.217701304703
0.220464357791
0.223451770442
0.227874070305
0.229814977953
0.230095209192
0.232211361
0.232316776571
0.236887096304
0.241755842604
0.243827142044
0.246864942114
0.24868372432
0.25091505036
0.2510393835
0.254947376449
0.25815051889
0.261661361388
0.263150418929
0.265533238978
0.267679535051
0.273062895687
0.274258943674
0.276599924404
0.277652849634
0.28073916781
0.284646336121
0.286801257733
0.288561727888
0.291679928968
0.29653024222
0.297529864116
0.300430784533
0.304644370879
0.306047724625
0.306241814109
0.306900665078
0.312903767728
0.320849199887
0.321308080429
0.322261414907
0.323278723166
0.325417752358
0.327935042567
0.329856950466
0.33776145277
0.338550013156
0.344213946072
0.344910141616
0.346194159763
0.347386897662
0.349724180058
0.353400045097
0.356367227014
0.364523676809
0.365490618123
0.367621035973
0.369174539294
0.369176450402
0.371607353131
0.374756681797
0.384165022756
0.384257125733
0.385089919249
0.391067339229
0.392217255948
0.393582655387
0.393715239653
0.401139694215
0.403406925087
0.4041092392
0.413239665624
0.414549659879
0.415319651552
0.415648146494
0.417325009856
0.423213041811
0.424078750666
0.433326628197
0.43364509266
0.437801851163
0.438064734351
0.438479013918
0.443579993348
0.44416437583
0.450099161008
0.453972699869
0.460041758081
0.461609229386
0.461692575138
0.464364812222
0.46450430442
0.466686425124
0.475174357735
0.48236581879
0.483406087028
0.48467873876
0.484957509798
0.485179739888
0.485982404645
0.496927984092
0.500257340485
0.504771946521
0.505104815297
0.50801062915
0.508270933132
0.508772786703
0.517239370943
0.519229867047
0.525641682139
0.527258014971
0.530585219187
0.531629899096
0.532384814323
0.534351355478
0.542076201162
0.546287959542
0.549821857029
0.551592462729
0.553702322783
0.555031398373
0.556012188516
0.565463088094
0.567042247181
0.56896185283
0.57246126344
0.577357995395
0.578472356294
0.579651193875
0.586458677342
0.587903123599
0.589386537264
0.595173981415
0.60154820058
0.601949630685
0.603298031294
0.60408207917
0.60886914562
0.61384246654
0.617957713171
0.621831192488
0.625460009625
0.626268810688
0.626948815361
0.62993884774
0.63882670293
0.639705142654
0.64081011441
0.649000209119
0.650599571674
0.651110741487
0.651515607562
0.65460756621
0.654796340943
0.655110955624
0.655551395444
0.656117639668
0.656809661636
0.657627428768
0.657703046114
0.658570902555
0.659640038568
0.660834786452
0.662155089927
0.663600886791
0.663728792725
0.664334983293
0.665172108917
0.666868682254
0.668690526827
0.670637556738
0.672383314741
0.67256687069
0.672709680163
0.674246234074
0.674906799355
0.675824010309
0.677228810641
0.677284283263
0.679675604427
0.68224706519
0.684943071486
0.686711305938
0.687763495943
0.690362955072
0.690708205266
0.692389829905
0.692389829905
0.692417517015
0.692417517015
0.693755031033
0.693777060233
0.694067133574
0.696156558868
0.696969915696
0.697884641797
0.70028662058
0.7035704408
0.703727017884
0.707290944679
0.709755160355
0.710978232107
0.712431505027
0.714788705381
0.715224328793
0.716906177032
0.718722183784
0.719765758594
0.721510536547
0.722778480669
0.726957403456
0.730369594883
0.730916204457
0.73125875363
0.732857808953
0.735682326744
0.736789620576
0.740227912413
0.743390872528
0.74396012002
0.744895294316
0.745119559486
0.749520302201
0.749684250189
0.754594551831
0.756016649472
0.757677172689
0.758449292234
0.759625965092
0.764778249881
0.76702821825
0.768242859015
0.768707248144
0.770051160154
0.771520167736
0.775444443917
0.779229022428
0.780201702053
0.780957843224
0.785488514638
0.786591094167
0.787082925938
0.790674025369
0.792269033253
0.792343926878
0.798216065527
0.799581617522
0.802045179848
0.802492209034
0.80420722831
0.806039544149
0.810317127453
0.813798875195
0.814324432524
0.815800235495
0.816545469202
0.82289195382
0.823978026004
0.82511174481
0.825803429021
0.828139681165
0.82935627558
0.835938122761
0.837975484281
0.839296062186
0.842603423673
0.842637177643
0.84429854891
0.845998510471
0.84915983837
0.849453116496
0.856385609576
0.857189485713
0.861623127919
0.862751603874
0.863434321116
0.863598967087
0.86810487171
0.87059890932
0.871897245061
0.872558526928
0.877879026351
0.88301199945
0.885263210113
0.885274318328
0.886161830881
0.886726074304
0.890295315574
0.892784425307
0.895996515929
0.900408981279
0.901675340863
0.902536635386
0.908147614157
0.908891473501
0.909521589764
0.912568014142
0.915999945759
0.91674440702
0.919470755389
0.922171853354
0.923965591804
0.931932629948
0.932044161894
0.932503553138
0.932825599728
0.934921104483
0.9402352595
0.941916620669
0.942978121392
0.947239361736
0.94853848195
0.95606844898
0.956094972844
0.956953420412
0.957352687358
0.961769893278
0.962663949419
0.965479659876
0.966515413254
0.974116779141
0.978205735003
0.979244591027
0.979661141433
0.979860825848
0.981730615507
0.982864350792
0.990079350547
0.991721941186
0.993864055495
1.00068911043
1.00179771982
1.00234834095
1.00244354392
1.00319734883
1.00963824293
1.00976541234
1.01366657001
1.01895039448
1.02197012651
1.0250988249
1.02537387162
1.0255276244
1.02669876207
1.02824359804
1.03727362229
1.03764455791
1.04153152209
1.04224674348
1.04715280258
1.04782460987
1.04831520993
1.05016042122
1.05676785417
1.05764925329
1.06089696858
1.06262646585
1.06648922834
1.07061879599
1.07116623299
1.07357723511
1.07388013043
1.07631643432
1.0831081757
1.08453297707
1.08624897483
1.09022346114
1.09347923472
1.09392066432
1.09628634608
1.09694397706
1.10369074169
1.1064280377
1.10667854822
1.10817791926
1.11103440777
1.11103486112
1.11117132386
1.11117177737
1.11139943491
1.11139988868
1.11171861724
1.11171907136
1.11212869775
1.11212915232
1.11262945388
1.112629909
1.1132206137
1.11322106945
1.11390185587
1.11390231235
1.11467280973
1.11467326702
1.11553305532
1.11553351349
1.11640372991
1.1164821234
1.11648258252
1.11657207011
1.11667353275
1.11751949555
1.11751995568
1.1186446042
1.1186450654
1.1198568327
1.119857295
1.12025528046
1.1211555154
1.12115597884
1.12253993771
1.12254040232
1.12324468971
1.12400933623
1.12400980201
1.12437301871
1.12556289879
1.12556336575
1.12702230761
1.12719976462
1.12720023274
1.1289190244
1.12891949365
1.13071972044
1.13072019077
1.1318279661
1.13260084676
1.13260131812
1.1345613493
1.1345618216
1.13660012602
1.13660059916
1.13747383203
1.13871602711
1.13871650097
1.13911385546
1.13939003588
1.13992117894
1.14090785515
1.14090832959
1.14317436533
1.14317484018
1.14350563419
1.14515384747
1.14551426563
1.1455147407
1.1479262171
1.14792669218
1.14802756899
1.15040883405
1.1504093089
1.15296068436
1.15296115872
1.15547918398
1.15558028975
1.15558076331
1.15670730449
1.15826612607
1.1582665985
1.15868297473
1.16101662365
1.16101709459
1.16153926069
1.16243585524
1.16383016761
1.16383063667
1.16603205413
1.16668937809
1.16670509829
1.16670556504
1.16943949866
1.16963971161
1.16964017558
1.17263225949
1.17263272017
1.1736023503
1.17568095031
1.17568140718
1.17878394942
1.17878440189
1.17912753054
1.18029658332
1.18193937961
1.18193982705
1.18384135779
1.18514532167
1.18514576343
1.18553883678
1.18700644982
1.18839981499
1.18840025035
1.18980069818
1.19060559565
1.19125366432
1.19170085813
1.19170128635
1.19504640951
1.19504682979
1.19843438809
1.1984347996
1.20186267408
1.20186307593
1.20231017032
1.20276885029
1.20532910972
1.20532950098
1.20601304684
1.20771631519
1.20807583019
1.20869657308
1.2088315001
1.20883187979
1.212367614
1.21236798111
1.21283362197
1.21346552291
1.21593518481
1.21593553828
1.21953191145
1.21953225017
1.2231554594
1.22315578222
1.2247191366
1.224933779
1.22639887004
1.22680346172
1.22680376746
1.22804705274
1.22923897492
1.23047352018
1.23047380761
1.23190659804
1.23416320635
1.23416347421
1.23578201357
1.23607041872
1.23787006288
1.23787030988
1.2415916047
1.24159182951
1.24225725262
1.24532532036
1.24532552164
1.24751876939
1.24906867339
1.24906884976
1.24993592188
1.25001319417
1.25049464722
1.25281910373
1.25281925381
1.25516638435
1.25657402923
1.25657415162
1.2586395688
1.25906358139
1.25968599704
1.26033084719
1.26033094049
1.26408693594
1.26408699876
1.26555934734
1.26567929272
1.26587919202
1.26615903072
1.26651878851
1.26695843926
1.26747795104
1.26783965656
1.26783968749
1.2680772861
1.26875640087
1.26951524597
1.27035376618
1.27070424015
1.27127190048
1.27158635223
1.27158635453
1.27167201922
1.27184159321
1.27226958197
1.27334673794
1.27360729969
1.27450328984
1.27532432472
1.27532436161
1.27573915322
1.27705423782
1.27721926877
1.27844844746
1.27847334066
1.27905092482
1.27905099761
1.27992168013
1.28139981032
1.28147382788
1.28244012364
1.28276346239
1.28276357234
1.28310477689
1.28481440742
1.28645923924
1.28645938755
1.28660259382
1.28846920449
1.29013555118
1.290135739
1.29041410189
1.29243714252
1.29324752541
1.2932785414
1.2937896901
1.29378991849
1.29427060228
1.2945381769
1.29485631987
1.29671704959
1.29717653109
1.29741894613
1.29741921605
1.29897359911
1.30102060981
1.30102092215
1.30130765798
1.30182480875
1.3037190527
1.30405608262
1.30459197438
1.30459232989
1.30619503885
1.30620760368
1.30813033808
1.30813073739
1.3087731253
1.31141542582
1.3116330065
1.31163345011
1.31259639797
1.31413430742
1.31465443428
1.314804202
1.31509729502
1.31509778327
1.31692956613
1.31821278843
1.31852053123
1.31852106431
1.31980099184
1.32071609498
1.32190005749
1.32190063542
1.32274836828
1.3252180604
1.32523323343
1.32523385605
1.32577147298
1.32660154712
1.32851743857
1.32851810552
1.32887007724
1.33032319829
1.33043874628
1.33175007493
1.33175078567
1.33204394615
1.33492856968
1.33492932345
1.3352928385
1.33588455059
1.33641726628
1.33805037783
1.33805117369
1.33861650683
1.34111298494
1.34111382173
1.34201469733
1.34252560775
1.34411390987
1.34411478621
1.34422105456
1.34548714987
1.34705070747
1.34705162179
1.34838260369
1.34865029421
1.34902917722
1.34903359792
1.34992097139
1.34992192192
1.35265376858
1.3527223368
1.35272332159
1.35481934814
1.3554524832
1.3554535001
1.35634738251
1.35692948813
1.35810913713
1.35811018383
1.35811640588
1.36011415388
1.36069007491
1.36069114898
1.36319312542
1.36319422428
1.36395379039
1.36561617276
1.36561729374
1.36642720472
1.36720374264
1.36768632384
1.36786599321
1.36795715896
1.36795829932
1.3702140866
1.37021524354
1.37133175343
1.37185045695
1.37211863214
1.37238502141
1.37238619214
1.37446809484
1.37446927658
1.37590686959
1.37646150655
1.37646269658
1.37778066823
1.37836352688
1.37836472256
1.37967810619
1.37990027197
1.38003491251
1.38017249915
1.380173698
1.38188684204
1.38188804173
1.38350505177
1.38350625015
1.38423426041
1.38457177962
1.38502570423
1.38502689941
1.38644745704
1.38644864736
1.38776905147
1.38777023556
1.38850458126
1.38898931431
1.38899049109
1.39010715955
1.39010832826
1.39110666166
1.39112159004
1.39112275022
1.39203169896
1.39203285049
1.39224174536
1.39283667118
1.39283781422
1.3928455363
1.39350185856
1.3935357845
1.39353691951
1.39412841075
1.39412953848
1.39461401678
1.39461513818
1.3949921652
1.39499328146
1.39526251515
1.39526362762
1.39542482277
1.39542593291
1.39562011589
1.39725677996
1.39842931869
1.40173795985
1.40176749455
1.40281555437
1.40489395822
1.40628871667
1.41090868424
1.41447666547
1.41553187301
1.41559748937
1.41763403419
1.41886647321
1.41915170309
1.42035475187
1.4211577507
1.42371668149
1.42518008447
1.43007309281
1.43046125393
1.43503337531
1.43741397021
1.43779076497
1.43908297145
1.43959758617
1.44006052322
1.44271026321
1.44337488917
1.44515412047
1.44574641766
1.45031374366
1.45553896202
1.45637420257
1.45813427415
1.45906945956
1.45914011225
1.4608293373
1.46104321543
1.46618442374
1.46629257331
1.46785526394
1.46945844752
1.471603768
1.47676702388
1.47708690911
1.47881639157
1.4807020457
1.48262686803
1.48263337836
1.48422809089
1.48824269927
1.4898953135
1.49004175619
1.49391438753
1.49549504053
1.49587869848
1.4983140314
1.49964795089
1.50209129772
1.50544288908
1.50733927707
1.50921316348
1.51129869378
1.51230440409
1.51351506211
1.51431752518
1.5154577493
1.5154577493
1.51721484852
1.51755245577
1.52262947766
1.52319082857
1.52329917253
1.5292261009
1.53037046417
1.53323367487
1.53464168999
1.53532012406
1.53612684542
1.53652155798
1.53714829067
1.54147234814
1.54431674815
1.54768221461
1.54970446078
1.55224268268
1.55331513938
1.55394915628
1.55521105265
1.55705206759
1.5602725972
1.56079135849
1.56336150709
1.56513487374
1.56665195255
1.57134373771
1.57308662852
1.57361048157
1.57616657929
1.57709715683
1.57953396065
1.57957602227
1.58444050699
1.5857441673
1.58611952175
1.59053602512
1.5909105713
1.59170922062
1.59271650565
1.59891784206
1.59936634325
1.60208576142
1.6048009004
1.60606839435
1.60613501408
1.6080918537
1.60949648789
1.6098187262
1.6128220091
1.61876728232
1.61962652792
1.62156175954
1.6247058292
1.62629756558
1.62648128135
1.62696135321
1.62919101837
1.63174138588
1.63280884327
1.63338558997
1.64033876422
1.64409092915
1.64409274885
1.64622173931
1.64692469711
1.64734010428
1.64739248856
1.64865207524
1.65438889997
1.65538495378
1.66087948181
1.6611139451
1.66148443057
1.66589721944
1.66649770573
1.66820106662
1.6686259647
1.67014402764
1.67537567546
1.67581276016
1.67731024758
1.67901826353
1.68119928958
1.68119928958
1.6830440638
1.68531345835
1.68783715857
1.68877419334
1.6897089631
1.69031911136
1.69295869614
1.69337364537
1.69763712731
1.70263686962
1.70411286914
1.7044596792
1.70499732469
1.70755951344
1.70905819513
1.71091223696
1.71239890497
1.71583470334
1.71858644058
1.71984105784
1.7233248797
1.72435235607
1.72623616689
1.72732296108
1.72736728991
1.73290341424
1.73312870983
1.73484378036
1.73877021583
1.73924454697
1.7418978371
1.7424026691
1.747259643
1.74773869428
1.74981138211
1.74999876824
1.7537231682
1.75473902735
1.75763120606
1.76016711455
1.76176335515
1.7624153958
1.76529909804
1.76723572412
1.76777662545
1.77300154661
1.7733575651
1.77641009492
1.77715780026
1.77812106898
1.78073764099
1.78139335516
1.78481219525
1.78729468112
1.78850645697
1.791964877
1.7945618517
1.79574786049
1.7963070567
1.79686957932
1.79790734413
1.80413848851
1.80683557826
1.80727069606
1.80743565832
1.8079147597
1.81199978666
1.81303546361
1.81922120317
1.81950858626
1.81988997114
1.82034209187
1.82176883861
1.82765779651
1.82780804745
1.82997168023
1.83106901881
1.83126436906
1.83575300639
1.83676357428
1.84034179394
1.84252707312
1.84372382381
1.84376956306
1.84654415457
1.84796023306
1.85171946036
1.85181868259
1.85328594331
1.85427288634
1.8597388613
1.86125892529
1.86274039016
1.86353047602
1.86693304117
1.86714623532
1.86778095624
1.86834210189
1.87325045529
1.87584465887
1.87752421617
1.87854776899
1.88196208678
1.88210550728
1.88243598952
1.88392886678
1.88880253352
1.8904661215
1.89107754853
1.89203246111
1.89395357283
1.89563998504
1.89563998504
1.89563998504
1.89563998504
1.89563998504
1.89563998504
1.89563998504
1.89563998504
1.89563998504
1.89563998504
1.89563998504
1.89563998504
1.89563998504
1.89563998504
1.89563998504
1.89563998504
1.89563998504
1.89563998504
1.89563998504
1.89563998504
1.89563998504
1.89563998504
1.89563998504
1.89563998504
1.89563998504
1.89563998504
1.89563998504
1.89563998504
1.89563998504
1.89563998504
1.89563998504
1.89563998504
1.89563998504
1.89563998504
1.89563998504
1.89563998504
1.89563998504
1.89563998504
1.89563998504
1.89563998504
1.89563998504
1.89563998504
1.89563998504
1.89563998504
1.89563998504
1.89563998504
1.89563998504
1.89563998504
1.89563998504
1.89563998504
1.89563998504
1.89563998504
1.89563998504
1.89563998504
1.89563998504
1.89563998504
1.89563998504
1.89563998504
1.89563998504
1.89563998504
1.89563998504
1.89563998504
1.89563998504
1.89563998504
1.89563998504
1.89563998504
1.89563998504
1.89563998504
1.89563998504
1.89563998504
1.89563998504
1.89563998504
1.89563998504
1.89563998504
1.89563998504
1.89563998504
1.89563998504
1.89563998504
1.89563998504
1.89563998504
1.89563998504
1.89563998504
1.89563998504
1.89563998504
1.89563998504
1.89563998504
1.89563998504
1.89563998504
1.89563998504
1.89563998504
1.89563998504
1.89563998504
1.89563998504
1.89563998504
1.89563998504
1.89563998504
1.89563998504
1.89563998504
1.89563998504
1.89563998504
1.89563998504
1.89563998504
1.89563998504
1.89563998504
1.89563998504
1.89563998504
1.89563998504
1.89563998504
1.89563998504
1.89563998504
1.89563998504
1.89563998504
1.89563998504
1.89563998504
1.89563998504
1.89563998504
1.89563998504
1.89563998504
1.89563998504
1.89563998504
1.89733491703
1.89916600066
1.90015430641
1.90082079851
1.90244044309
1.90669264962
1.9082932503
1.90894500691
1.90934065514
1.91262008452
1.91364927078
1.91372299264
1.91644812325
1.91726346309
1.91726346309
1.92002814664
1.92268282933
1.92350922588
1.92416035599
1.92461773829
1.92582210102
1.92795980105
1.92995559063
1.93102453174
1.93280089079
1.93562944142
1.93691036493
1.93763336221
1.93963146607
1.94099635815
1.94267774721
1.94302590113
1.94335283413
1.94580872474
1.94754053926
1.94797661788
1.94920289957
1.94952698123
1.95045794849
1.95064646058
1.9513045569
1.95741925575
1.95879792657
1.96002148622
1.96241336241
1.96450999264
1.96564414863
1.97095892241
1.97141238233
1.97387628112
1.97429379541
1.97723692922
1.98187750317
1.98211433685
1.98304932163
1.98947274118
1.98983913088
1.99035697984
1.99225247005
1.99441299783
1.9986028543
2.00105766048
2.00120495755
2.00543259522
2.00598653866
2.00685058431
2.01242130361
2.01316583472
2.01509877355
2.01790017087
2.01994098979
2.02107282145
2.02310974429
2.02334600508
2.02882549143
2.03159084102
2.03325852912
2.03415158419
2.03675841213
2.03851431479
2.03983182234
2.04141775382
2.04285623842
2.04806746854
2.05155820437
2.05189183029
2.05248793795
2.05520882326
2.05629627747
2.05676413319
2.06035468825
2.06451672502
2.06496295957
2.06823466886
2.06825993631
2.07272726493
2.07417635507
2.07467662492
2.0755221491
2.07633665363
2.08092632852
2.08220807298
2.08407290973
2.08828399681
2.0885328946
2.08911232449
2.09223766298
2.09374213283
2.09667125652
2.0972836387
2.09753417403
2.09857539045
2.0999253243
2.10277741484
2.10543863395
2.10634262225
2.10926623167
2.10943282702
2.11154429236
2.11212455149
2.11317370695
2.11357564982
2.11415224974
2.11581560785
2.11880048019
2.11903383868
2.12169300246
2.12624742017
2.12978898445
2.1317421482
2.13573480068
2.13786186462
2.14013466493
2.14125462938
2.14266648915
2.14590988796
2.14770329115
2.15393127548
2.15867484798
2.15936038156
2.16153581814
2.16192422412
2.16332373469
2.16369733839
2.16988690671
2.17425710553
2.17781747189
2.17791241564
2.17791241564
2.17972254535
2.18299789276
2.18300302689
2.18523081871
2.18571404408
2.18939769713
2.19357472355
2.1957771188
2.20139758642
2.2040809203
2.20453537541
2.20664378159
2.20696508298
2.2091806847
2.21185921435
2.21692204647
2.21829097492
2.22461967597
2.22613194516
2.22796693384
2.22851524557
2.23029433249
2.23201200778
2.23227155379
2.23987563712
2.24409832243
2.24522816163
2.24742985996
2.24779181485
2.24986951998
2.25394565449
2.25493213351
2.25792362867
2.26025136566
2.26238034649
2.2695140605
2.26977236554
2.2700827084
2.27101559402
2.27642398618
2.27710603574
2.27759366748
2.28168986966
2.28437918108
2.29129775548
2.29158960511
2.2919406089
2.29261404035
2.29272981649
2.29873509155
2.30123408721
2.30318755759
2.305813405
2.3088193146
2.3126311388
2.31282229176
2.31304847879
2.3131419705
2.31975948067
2.32229841799
2.32486240891
2.32503752153
2.32662268403
2.33092374189
2.3330731711
2.33340959863
2.33504577374
2.33891142374
2.34011790681
2.34126629573
2.3462491212
2.34674527766
2.34847388936
2.3529252535
2.35325208776
2.35328936825
2.35700823079
2.35750318941
2.3589290766
2.35974782497
2.3642507557
2.36611828495
2.36888143366
2.37206352726
2.3723983776
2.37281329451
2.37315264816
2.37374566763
2.37603962089
2.37855484452
2.3785857262
2.37902840477
2.3803545888
2.38143570277
2.3846779496
2.38999110326
2.39067266399
2.39275897388
2.39562604171
2.39656748485
2.40110535632
2.40236002886
2.40538454194
2.40538454194
2.40623677162
2.40804791601
2.41205453597
2.41362877176
2.41910022931
2.41915584868
2.42247984472
2.42323814368
2.42445993193
2.42970553541
2.43102214522
2.43483471059
2.43871738511
2.43984514596
2.44264703507
2.44473455037
2.44542582267
2.44950065576
2.44964394631
2.45414122
2.45494633935
2.45865402982
2.46303690372
2.46609333041
2.46728769503
2.46766744682
2.46790141628
2.47116353096
2.47140429492
2.47538463548
2.47922669291
2.48292849055
2.48577536838
2.48648810212
2.487365653
2.48948807567
2.48990365481
2.4899620673
2.49317333239
2.49629537839
2.4992680991
2.50208986662
2.5032459621
2.50354926002
2.50475912184
2.5072743773
2.50963422005
2.51183731432
2.51230873307
2.51282418902
2.51388240416
2.51576831589
2.51749396051
2.51905833587
2.51971075959
2.52029272032
2.52046052879
2.52169971687
2.52277517031
2.52368625341
2.52443242591
2.52501324419
2.52542836221
2.52567753226
2.53470649084
2.53584640312
2.53609412826
2.53689455453
2.55195227617
2.55302979923
2.55715438516
2.55928984951
2.56198892463
2.56198892463
2.56802428805
2.56867625647
2.57965145842
2.58240276177
2.58381125161
2.58405816073
2.59841170111
2.60004941702
2.60219675092
2.60542367708
2.61245419338
2.61599336798
2.62478930093
2.62591508323
2.62834275572
2.63188509946
2.63877060043
2.64742814465
2.64771945782
2.65099697265
2.65114944605
2.66257056251
2.66349103475
2.67011231635
2.67346801837
2.67383241851
2.6791941511
2.68366643769
2.68918964352
2.68918964352
2.69284084836
2.69314354156
2.69482283977
2.69637949334
2.70187785838
2.70984891406
2.71037082755
2.71561277109
2.71703742565
2.71877756146
2.72342549491
2.72583151601
2.72899679777
2.73373676544
2.73763275297
2.73842711314
2.74067419069
2.74101249799
2.74119796123
2.74285271467
2.74416227235
2.75646285253
2.76128290126
2.76306906818
2.77161849025
2.78417916046
2.78493082505
2.78665676234
2.8015691202
2.80657999874
2.80711491401
2.81520673221
2.81520673221
2.81634655353
2.8279973773
2.8300891835
2.83097956453
2.84545814145
2.849162179
2.85310098889
2.85977173189
2.87005191676
2.87390921595
2.8761493485
2.88785887975
2.89064225534
2.89923327914
2.90160838963
2.91090686283
2.91514476763
2.92235179607
2.92845436891
2.93081725865
2.94152286187
2.94550391308
2.95034266109
2.95433521176
2.96687566912
2.96868864253
2.96944983876
2.97912776388
2.98810297174
2.99107430676
2.99190499539
3.0026973994
3.00626352992
3.01397845476
3.01515198128
3.02389017811
3.02489822969
3.03543687138
3.03842860851
3.04093871963
3.04557397967
3.05528868673
3.05736209258
3.06173388413
3.06455975604
3.07311043534
3.07336570171
3.08168492917
3.08506681397
3.08813123969
3.08949589755
3.09677730317
3.10236961154
3.10350828298
3.10842640268
3.10966863548
3.11523905565
3.11576865924
3.12020137925
3.12453883077
3.12823626825
3.12827002767
3.13128041758
3.13181165376
3.13366008846
3.13536636417
3.13639275799
3.13981459258
3.1503433222
3.15522156962
3.15871639186
3.15871656565
3.15873888243
3.15873905691
3.15877634128
3.15877651692
3.1588287303
3.15882890756
3.15889599617
3.15889617553
3.15897807047
3.1589782524
3.15907486975
3.15907505472
3.15918629561
3.15918648411
3.15931223482
3.15931242734
3.1594525595
3.15945275653
3.15960712721
3.15960732925
3.15977578117
3.15977598874
3.15979830285
3.15995835043
3.15995856405
3.16015465008
3.16015487029
3.1603644815
3.16036470883
3.16058763254
3.16058786756
3.16082387786
3.16082412113
3.16107297914
3.16107323124
3.16133468541
3.16133494695
3.16160873337
3.16160900494
3.16189484766
3.1618951299
3.16219274129
3.16219303484
3.16250211592
3.16250242143
3.16282266226
3.16282298043
3.16315406051
3.16315439201
3.16349598068
3.16349632624
3.16384808307
3.16384844342
3.16421001869
3.16421039458
3.1645814297
3.16458182192
3.16496194988
3.16496235922
3.16535120511
3.16535163238
3.16574881382
3.16574925987
3.16615438756
3.16615485325
3.16656753144
3.16656801766
3.16698784469
3.16698835234
3.16741492117
3.16741545119
3.16784834994
3.16784890329
3.16812391178
3.16828771578
3.16828829344
3.16873259977
3.16873320273
3.16918257981
3.16918320911
3.16963723128
3.16963788796
3.17009612751
3.17009681265
3.17055884044
3.17055955514
3.17102494117
3.17102568655
3.17149400055
3.17149477775
3.17196558979
3.17196639996
3.17243928101
3.17244012534
3.17291464786
3.17291552756
3.17339126611
3.17339218239
3.1738687142
3.17386966831
3.17434657387
3.17434756705
3.17482443068
3.1748254642
3.17526810398
3.17530187462
3.17530294977
3.17577850065
3.17577961872
3.17625390926
3.17625507155
3.17672770699
3.17672891481
3.17719950698
3.17720076165
3.17766892948
3.17767023231
3.17813560233
3.17813695465
3.17859916147
3.17860056459
3.17865515164
3.17905925137
3.1790607066
3.1795155255
3.17951703414
3.17996764676
3.17996921011
3.18041528785
3.18041690717
3.18085813167
3.18085980823
3.18118376264
3.18129587168
3.18129760672
3.18172821221
3.18173000693
3.18215486875
3.18215672433
3.18257556826
3.18257748585
3.18299004936
3.18299203007
3.18339806259
3.18340010747
3.18379937053
3.18380148061
3.184193748
3.18419592425
3.18458098212
3.18458322544
3.18496087243
3.18496318367
3.18533323089
3.18533561084
3.1856978819
3.18570033127
3.18583004691
3.18605466229
3.1860571817
3.18640342119
3.18640601122
3.18674401999
3.18674668111
3.18707633217
3.18707906476
3.1874002431
3.18740304745
3.18771564986
3.18771852616
3.18802246097
3.18802540931
3.18832059609
3.18832361646
3.18860998575
3.18861307801
3.18889057093
3.18889373485
3.18916230274
3.18916553795
3.18917365825
3.18942514195
3.18942844798
3.18967905859
3.18968243483
3.18992403145
3.18992747717
3.1901600476
3.19016356195
3.19038710188
3.19039068387
3.19060519633
3.19060884484
3.19081433968
3.19081805345
3.19101454672
3.19101832438
3.19118994156
3.19120583778
3.1912096778
3.19138823809
3.19139213883
3.19156177718
3.19156573686
3.19172648833
3.19173050504
3.19188240788
3.19188647957
3.19202957469
3.19203369921
3.19216802952
3.19217220458
3.19229781445
3.19230203764
3.19241897229
3.1924232411
3.19253154604
3.19253585785
3.19263557835
3.1926399304
3.19273111095
3.19273550043
3.19281818423
3.1928226082
3.19289683671
3.19290129218
3.19296710467
3.19297158852
3.19302902165
3.19303353074
3.19308261819
3.19308714927
3.19312792142
3.19313247121
3.1931649548
3.19316951997
3.19319373788
3.19319831505
3.19321428607
3.19321887184
3.19322661051
3.19323120144
3.20211140016
3.22558931457
3.24908789333
3.27260613402
3.29614303338
3.31969758736
3.34326879115
3.36685563923
3.39045712542
3.41407224291
3.4376999843
3.46133934167
3.48498930659
3.50864887018
3.53231702316
3.54116628882
3.54116628882
3.54134334801
3.54134334801
3.55599275587
3.57967505833
3.6033629203
3.62705533127
3.65075128055
3.67444975731
3.6981497506
3.71
3.71
3.71
3.71
3.7218502494
3.74555024269
3.76924871945
3.79294466873
3.8166370797
3.84032494167
3.86400724413
3.88768297684
3.91135112982
3.93501069341
3.95866065833
3.9823000157
4.00592775709
4.02954287458
4.05314436077
4.07673120885
4.10030241264
4.12385696662
4.14739386598
4.17091210667
4.19441068543
4.21788859984
4.22881005844
4.23082634175
4.23416995309
4.23881623736
4.24134484836
4.24473189602
4.25187608822
4.26020169715
4.26477843038
4.2696566778
4.28018540742
4.28360724201
4.28463363583
4.28633991154
4.28818834624
4.28871958242
4.29172997233
4.29176373175
4.29546116923
4.29979862075
4.30423134076
4.30476094435
4.31033136452
4.31157359732
4.31649171702
4.31763038846
4.32322269683
4.33050410245
4.33186876031
4.33493318603
4.33831507083
4.34663429829
4.34688956466
4.35544024396
4.35826611587
4.36263790742
4.36471131327
4.37442602033
4.37906128037
4.38157139149
4.38456312862
4.39510177031
4.39610982189
4.40484801872
4.40602154524
4.41373647008
4.4173026006
4.42809500461
4.42892569324
4.43189702826
4.44087223612
4.45055016124
4.45131135747
4.45312433088
4.46566478824
4.46965733891
4.47449608692
4.47847713813
4.48918274135
4.49154563109
4.49764820393
4.50485523237
4.50909313717
4.51839161037
4.52076672086
4.52935774466
4.53214112025
4.5438506515
4.54609078405
4.54994808324
4.56022826811
4.56689901111
4.570837821
4.57454185855
4.58902043547
4.5899108165
4.5920026227
4.60365344647
4.61288508599
4.61342000126
4.6184308798
4.63334323766
4.63506917495
4.63582083954
4.64838150975
4.65693093182
4.65871709874
4.66353714747
4.67583772765
4.67714728533
4.67880203877
4.67898750201
4.67932580931
4.68157288686
4.68236724703
4.68626323456
4.69100320223
4.69416848399
4.69657450509
4.70122243854
4.70296257435
4.70438722891
4.70962917245
4.71015108594
4.71812214162
4.72362050666
4.72517716023
4.72685645844
4.72715915164
4.73633356231
4.7408058489
4.74616758149
4.74653198163
4.74988768365
4.75650896525
4.75742943749
4.76885055395
4.76900302735
4.77228054218
4.77257185535
4.78122939957
4.78811490054
4.79165724428
4.79408491677
4.79521069907
4.80400663202
4.80754580662
4.81457632292
4.81780324908
4.81995058298
4.82158829889
4.83594183927
4.83618874839
4.83759723823
4.84034854158
4.85132374353
4.85197571195
4.86071015049
4.86284561484
4.86697020077
4.86804772383
4.88310544547
4.88390587174
4.88415359688
4.88529350916
4.89432246774
4.89457163779
4.89498675581
4.89556757409
4.89631374659
4.89722482969
4.89830028313
4.89953947121
4.89970727968
4.90028924041
4.90094166413
4.90250603949
4.90423168411
4.90611759584
4.90717581098
4.90769126693
4.90816268568
4.91036577995
4.9127256227
4.91524087816
4.91645073998
4.9167540379
4.91791013338
4.9207319009
4.92370462161
4.92682666761
4.9300379327
4.93009634519
4.93051192433
4.932634347
4.93351189788
4.93422463162
4.93707150945
4.94077330709
4.94461536452
4.94859570508
4.94883646904
4.95209858372
4.95233255318
4.95271230497
4.95390666959
4.95696309628
4.96134597018
4.96505366065
4.96585878
4.97035605369
4.97049934424
4.97457417733
4.97526544963
4.97735296493
4.98015485404
4.98128261489
4.98516528941
4.98897785478
4.99029446459
4.99554006807
4.99676185632
4.99752015528
5.00084415132
5.00089977069
5.00637122824
5.00794546403
5.01195208399
5.01376322838
5.01763997114
5.01889464368
5.02343251515
5.02437395829
5.02724102612
5.02932733601
5.03000889674
5.0353220504
5.03856429723
5.0396454112
5.04097159523
5.0414142738
5.04144515548
5.04396037911
5.04625433237
5.04684735184
5.04718670549
5.0476016224
5.04793647274
5.05111856634
5.05388171505
5.0557492443
5.06025217503
5.0610709234
5.06249681059
5.06299176921
5.06671063175
5.06674791224
5.0670747465
5.07152611064
5.07325472234
5.0737508788
5.07873370427
5.07988209319
5.08108857626
5.08495422626
5.08659040137
5.0869268289
5.08907625811
5.09337731597
5.09496247847
5.09513759109
5.09770158201
5.10024051933
5.1068580295
5.10695152121
5.10717770824
5.1073688612
5.1111806854
5.114186595
5.11681244241
5.11876591279
5.12126490845
5.12727018351
5.12738595965
5.1280593911
5.12841039489
5.12870224452
5.13562081892
5.13831013034
5.14240633252
5.14289396426
5.14357601382
5.14898440598
5.1499172916
5.15022763446
5.1504859395
5.15761965351
5.15974863434
5.16207637133
5.16506786649
5.16605434551
5.17013048002
5.17220818515
5.17257014004
5.17477183837
5.17590167757
5.18012436288
5.18772844621
5.18798799222
5.18970566751
5.19148475443
5.19203306616
5.19386805484
5.19538032403
5.20170902508
5.20307795353
5.20814078565
5.2108193153
5.21303491702
5.21335621841
5.21546462459
5.2159190797
5.21860241358
5.2242228812
5.22642527645
5.23060230287
5.23428595592
5.23476918129
5.23699697311
5.23700210724
5.24027745465
5.24218252811
5.24574289447
5.25011309329
5.25630266161
5.25667626531
5.25807577588
5.25846418186
5.26063961844
5.26132515202
5.26606872452
5.27229670885
5.27409011204
5.27733351085
5.27874537062
5.27986533507
5.28213813538
5.28426519932
5.2882578518
5.29021101555
5.29375257983
5.29830699754
5.30096616132
5.30119951981
5.30418439215
5.30584775026
5.30642435018
5.30682629305
5.30787544851
5.30845570764
5.31056717298
5.31073376833
5.31365737775
5.31456136605
5.31722258516
5.3200746757
5.32142460955
5.32246582597
5.3227163613
5.32332874348
5.32625786717
5.32776233702
5.33088767551
5.3314671054
5.33171600319
5.33592709027
