-7.28117023635
-7.28065707306
-7.27445102683
-7.27420135445
-7.27312013945
-7.27135356528
-7.27102433493
-7.26742149837
-7.26008195086
-7.25243269738
-7.24806148484
-7.24447406424
-7.24403519799
-7.24301626716
-7.23974382395
-7.2386251394
-7.23649192213
-7.23620639094
-7.22763003019
-7.22601310872
-7.21874534782
-7.21641681304
-7.21243099149
-7.20955272286
-7.20652790644
-7.20005254744
-7.19959294369
-7.19636749768
-7.19331678236
-7.19024522683
-7.1884996923
-7.18246210433
-7.18082711471
-7.18013117941
-7.16971083662
-7.16596669907
-7.1624253634
-7.16028513309
-7.15898464298
-7.15388741858
-7.15312241615
-7.14795305606
-7.14675758407
-7.13661654644
-7.13547080705
-7.13177444827
-7.12639419392
-7.12499136846
-7.12497559775
-7.12442349044
-7.11303070655
-7.11118822502
-7.10296896621
-7.10078238241
-7.10007163752
-7.09637626378
-7.08994872114
-7.08823114782
-7.08782624533
-7.08729317449
-7.0753775382
-7.07387003088
-7.06899126615
-7.06827329356
-7.06222210188
-7.05326445616
-7.05027825553
-7.04933302599
-7.04876540004
-7.04447900184
-7.04426547599
-7.04227871566
-7.03500800674
-7.02514605576
-7.02095050884
-7.01624856408
-7.01479725428
-7.01376519281
-7.01111319685
-7.00659350602
-7.00634166144
-6.99842577663
-6.99193761073
-6.99091052018
-6.98482617906
-6.98180999962
-6.97830160444
-6.97698344817
-6.97263599087
-6.96627406167
-6.96173165628
-6.95930898607
-6.95456718278
-6.95243441669
-6.94618288567
-6.94390162546
-6.94234844104
-6.93826867121
-6.93390374234
-6.93033779963
-6.92402168778
-6.91914268771
-6.91419707409
-6.91217227725
-6.91057898385
-6.90629628101
-6.89776139761
-6.89666560776
-6.89491881658
-6.89452567616
-6.8931911322
-6.88103147129
-6.87834700299
-6.87492578211
-6.86493750015
-6.86400800883
-6.86207697006
-6.86001634838
-6.8556836106
-6.85393156351
-6.8505846814
-6.8472186017
-6.84669173642
-6.83369107254
-6.83068067126
-6.82908339274
-6.8176107414
-6.81720629238
-6.81620055367
-6.81421219297
-6.81359969438
-6.81118372896
-6.80644941688
-6.79900372171
-6.79550256638
-6.79299350865
-6.78832217758
-6.77756958631
-6.77647210805
-6.77451350777
-6.77019821281
-6.7670514944
-6.76704762333
-6.76212367739
-6.76057794526
-6.76042039186
-6.75574451467
-6.74406186094
-6.73668733
-6.73650076965
-6.73481389415
-6.73398486307
-6.72850060313
-6.7227062551
-6.72037702667
-6.71761132447
-6.71734276672
-6.71374295228
-6.70855377183
-6.70230406837
-6.69979495883
-6.69771165005
-6.69628906877
-6.68666238208
-6.68429507829
-6.67779481742
-6.6751413419
-6.67435068226
-6.67358167548
-6.67291628837
-6.66951969646
-6.66286501266
-6.66121874765
-6.65759311846
-6.65583957088
-6.65221021183
-6.64239079583
-6.63933429554
-6.63710741495
-6.63646234521
-6.63341095084
-6.62804257017
-6.62751008378
-6.62667093454
-6.62527452586
-6.61865078003
-6.61798502598
-6.61633858079
-6.61515487742
-6.61154560586
-6.60595906388
-6.60313359784
-6.60122783671
-6.59917679348
-6.59735399455
-6.59528750194
-6.59433923698
-6.59218488955
-6.59089190103
-6.5829942439
-6.58092045447
-6.57981923247
-6.57965041042
-6.57423762662
-6.57395507642
-6.56953505408
-6.56388939982
-6.55234221424
-6.54809077693
-6.53777545886
-6.5356683303
-6.53353123625
-6.5330904944
-6.53252582618
-6.5320756852
-6.53044983739
-6.52021692425
-6.50827887976
-6.50815347667
-6.50153505958
-6.49734601231
-6.49239044191
-6.49171619533
-6.48779912718
-6.48583028713
-6.48530302509
-6.48428648921
-6.47951688934
-6.47250283413
-6.46713689184
-6.46675996011
-6.46310501714
-6.46229072548
-6.45909704522
-6.45718028882
-6.45011748355
-6.44684350003
-6.44010403922
-6.43798797454
-6.43645884641
-6.43247549396
-6.41682833456
-6.40829715381
-6.40113902282
-6.39755254993
-6.39327889607
-6.39058677011
-6.38860011816
-6.36945672834
-6.36625804257
-6.36236976094
-6.35528148528
-6.3453628476
-6.34310563971
-6.34071783026
-6.32692884556
-6.32400302907
-6.32099828166
-6.30927545057
-6.29636406988
-6.29555094803
-6.29281967803
-6.29123153988
-6.28153503656
-6.27146126313
-6.26312557299
-6.2552795977
-6.247929201
-6.24629092373
-6.24491353161
-6.23885703351
-6.22085412541
-6.21907479065
-6.21683660106
-6.20024705058
-6.19700744142
-6.1959720349
-6.19515195327
-6.18888899712
-6.18850662206
-6.18786935029
-6.18697721181
-6.18583024862
-6.18442851472
-6.18277207611
-6.18261890844
-6.18086101078
-6.17869540874
-6.17627537197
-6.17360101448
-6.17067246226
-6.17041338076
-6.16918550375
-6.1674898533
-6.1640533376
-6.16036307716
-6.15641924596
-6.15288310364
-6.15251129955
-6.15222203001
-6.1491096437
-6.14777162729
-6.14591375898
-6.1430682478
-6.14295588453
-6.13811211354
-6.13290345849
-6.12744252866
-6.12386085888
-6.12172958203
-6.11646421454
-6.11576488862
-6.10959335194
-6.10954873041
-6.10896116867
-6.1047289067
-6.10308140143
-6.10122856634
-6.09636320768
-6.08971162387
-6.08939446717
-6.08217550993
-6.07718408653
-6.07470667799
-6.07176298255
-6.0669883254
-6.06610594285
-6.06269925377
-6.0590208182
-6.05690699197
-6.0533728348
-6.05080453446
-6.04233986427
-6.03542825654
-6.03432106456
-6.03362720973
-6.03038822289
-6.02466698496
-6.02242409186
-6.0154596161
-6.00905284202
-6.00789979553
-6.00600554134
-6.00555127817
-5.99663729781
-5.99630521087
-5.98635908694
-5.98347853898
-5.98011504507
-5.9785510685
-5.97616764383
-5.96573136786
-5.96117391582
-5.95871358477
-5.95777293547
-5.95505075741
-5.95207519042
-5.9441263229
-5.93646042177
-5.93449019819
-5.93295858682
-5.92378142773
-5.92154808374
-5.92055184764
-5.91327785053
-5.91004706202
-5.90989536029
-5.89800097518
-5.89523496397
-5.89024486397
-5.88933937832
-5.88586549922
-5.88215402857
-5.87348951531
-5.8664370169
-5.86537246757
-5.8623831361
-5.86087361848
-5.84801841586
-5.84581850854
-5.84352209
-5.84212104025
-5.83738881501
-5.83492452672
-5.82159258247
-5.81746577893
-5.81479086557
-5.80809159745
-5.80802322666
-5.80465801497
-5.80121463621
-5.79481116829
-5.79421711505
-5.78017491554
-5.77854661401
-5.76956599366
-5.76728019483
-5.76589730824
-5.7655638075
-5.7564368151
-5.7513849855
-5.74875512503
-5.74741565714
-5.73663865187
-5.72624149294
-5.72168152456
-5.72165902417
-5.71986131183
-5.71871840139
-5.71148867935
-5.70644683148
-5.69994054047
-5.69100281517
-5.68843772442
-5.68669311834
-5.67532772894
-5.67382099519
-5.67254465518
-5.66637393154
-5.65942233882
-5.65791438584
-5.65239199623
-5.6469207529
-5.64328742318
-5.62714968775
-5.6269237728
-5.62599324703
-5.62534092146
-5.62109634516
-5.61033219089
-5.60692648839
-5.6047763521
-5.59614494254
-5.59351349307
-5.5782610726
-5.57820734685
-5.57646850746
-5.57565976722
-5.5667124396
-5.56490147281
-5.55919807469
-5.55710009127
-5.54170304794
-5.53342061139
-5.53131634336
-5.53047259439
-5.53006812109
-5.52628074487
-5.52398429294
-5.50936985844
-5.50604268809
-5.50170370121
-5.4878791244
-5.48563356656
-5.48451824892
-5.48432540933
-5.48279853021
-5.46975209526
-5.46949450564
-5.46159246613
-5.45088974828
-5.44477309165
-5.43843571686
-5.43787859248
-5.43756715657
-5.43519494377
-5.43206578163
-5.41377490119
-5.41302354783
-5.4051502581
-5.40370153232
-5.39376400192
-5.39240321413
-5.39140947294
-5.38767188175
-5.37428811192
-5.37250278271
-5.36592433171
-5.36242112651
-5.35459685884
-5.34623216057
-5.34512329261
-5.3402396566
-5.33962612312
-5.3346912368
-5.32093413868
-5.31804811415
-5.31457225307
-5.30652168178
-5.29992690821
-5.29903276487
-5.2942409281
-5.2929088553
-5.2792428604
-5.27369829566
-5.27319087091
-5.27015380083
-5.25349190545
-5.25315092183
-5.25294540289
-5.24569034828
-5.23963511235
-5.2373496112
-5.23198331036
-5.22224914772
-5.21081309218
-5.20749112187
-5.20693170112
-5.20585583754
-5.19859529861
-5.19525673924
-5.18943583608
-5.17434212258
-5.17185448746
-5.16785264349
-5.16206705713
-5.16025094865
-5.15296662225
-5.15163517136
-5.14606462966
-5.13763251258
-5.12644091348
-5.12407292377
-5.11689276077
-5.1134544106
-5.11048166836
-5.10482174305
-5.10319137276
-5.10187866901
-5.07948302268
-5.07855393764
-5.07198261406
-5.06853253721
-5.06780431703
-5.06654696338
-5.05816711138
-5.05688715639
-5.03409225608
-5.03365748443
-5.03068985066
-5.02735135324
-5.0249370401
-5.01953360216
-5.01168370497
-5.01109952223
-4.99856770216
-4.98791016997
-4.983014076
-4.98285755613
-4.98188234279
-4.97241944623
-4.96538429331
-4.96452542921
-4.96326468727
-4.9513678479
-4.951124891
-4.95071998244
-4.9501531516
-4.94942443963
-4.94853389946
-4.94748159577
-4.94626760502
-4.94489201546
-4.94335492712
-4.94165645184
-4.94094654483
-4.93979671324
-4.93898624763
-4.93864276488
-4.93777584681
-4.93559399983
-4.93506621566
-4.93325133144
-4.93074801264
-4.92808422632
-4.92774994576
-4.92526016724
-4.9252097445
-4.92227604208
-4.91928199668
-4.91913206947
-4.91717477679
-4.91582847996
-4.91236551609
-4.90874343239
-4.90496249541
-4.90102298376
-4.89692518809
-4.89528370671
-4.89522088188
-4.89321140035
-4.89266941117
-4.89202499263
-4.88825596789
-4.8873252593
-4.88368518532
-4.87895740268
-4.87790988138
-4.87407297146
-4.87339029622
-4.86905770622
-4.86903225537
-4.86383563044
-4.85848348501
-4.85609135186
-4.85297621982
-4.85192267023
-4.85161930633
-4.84731424799
-4.84471500073
-4.84149799512
-4.83964439632
-4.83552789929
-4.83052538303
-4.82940441113
-4.82772304391
-4.82312799387
-4.82018460606
-4.81995055635
-4.81669912335
-4.81011828813
-4.80891973818
-4.80784068913
-4.80338598948
-4.7965027415
-4.79546786041
-4.79203362655
-4.78946907111
-4.7836041478
-4.78306192386
-4.78229447256
-4.78228551815
-4.77495263543
-4.77056611824
-4.76747098878
-4.76629189733
-4.763887721
-4.75984115713
-4.75206373257
-4.74705367672
-4.74548075047
-4.74450325197
-4.74413932039
-4.73711920571
-4.73606853921
-4.73552533354
-4.73122260668
-4.73122260668
-4.73116365571
-4.73116365571
-4.727852021
-4.72405652433
-4.72021314474
-4.71976313402
-4.71949041116
-4.71098436863
-4.71030070229
-4.70233456592
-4.6970638889
-4.69476470566
-4.69354168925
-4.69221226735
-4.68792160427
-4.68460643856
-4.68223138783
-4.67552952766
-4.67546970326
-4.67334679237
-4.66913685502
-4.6663116843
-4.65695365025
-4.6497264805
-4.64758909145
-4.6474561814
-4.64333103214
-4.6408346496
-4.6402568986
-4.63782004785
-4.63619352334
-4.63101024856
-4.62804603403
-4.61813493878
-4.61734869408
-4.60808757547
-4.60326553121
-4.60250230979
-4.59988486453
-4.59884248013
-4.5979047721
-4.59253755757
-4.591191316
-4.58758737143
-4.58638763632
-4.57713623105
-4.56655222356
-4.56486039145
-4.56129525608
-4.55940097938
-4.55925786793
-4.55583623664
-4.55540301308
-4.54498917321
-4.54477010947
-4.54160478159
-4.5383574327
-4.53401195152
-4.52355345292
-4.52290550534
-4.51940233014
-4.51558281945
-4.51168397109
-4.51167078402
-4.50844059377
-4.5003087527
-4.49696127895
-4.49666465009
-4.48882039243
-4.48561868065
-4.48484155741
-4.47990863785
-4.47720670027
-4.47225754801
-4.46546868953
-4.46162743671
-4.45783176226
-4.45360738985
-4.45157026054
-4.44911799679
-4.44749255753
-4.44162384739
-4.44094000272
-4.43065617649
-4.42951912501
-4.42929966752
-4.4172943024
-4.41497632281
-4.40917670997
-4.40632468705
-4.40495047628
-4.40331641158
-4.40251689653
-4.40124741015
-4.39248876057
-4.38672724995
-4.37991028657
-4.37581410013
-4.37067277247
-4.36850044417
-4.36721620318
-4.36466015294
-4.36093106171
-4.35440767701
-4.35335689348
-4.3481508963
-4.34455883094
-4.34148589267
-4.33198238757
-4.32845205293
-4.32739095572
-4.32221341949
-4.32032847632
-4.31539257736
-4.31530737891
-4.30545406001
-4.30281341429
-4.30205311033
-4.29310720575
-4.29234853899
-4.2907308247
-4.2886905057
-4.27612930987
-4.27522084258
-4.26971249052
-4.26421280625
-4.26164541775
-4.26151047531
-4.25754677393
-4.25470159928
-4.25404888538
-4.24796554752
-4.23592302374
-4.2341825679
-4.23026263488
-4.2238941246
-4.22066996274
-4.22029783491
-4.21932541926
-4.21480909263
-4.2096431633
-4.20748096141
-4.20631272479
-4.19222863428
-4.1846283889
-4.18462470298
-4.18031229928
-4.17888841416
-4.17804698088
-4.17794087323
-4.17538950142
-4.16376920313
-4.16175163369
-4.15062212256
-4.15014720247
-4.1493967609
-4.1404583803
-4.13924205765
-4.13579179335
-4.13493113564
-4.13185620395
-4.12125917317
-4.12037383071
-4.11734057603
-4.11388088258
-4.10572637167
-4.10112957068
-4.0960176576
-4.0941196349
-4.09222620014
-4.09099030657
-4.08564366204
-4.08480315635
-4.07616720631
-4.06603991468
-4.0630501851
-4.06234769957
-4.06125866491
-4.05606879089
-4.05303311714
-4.04927763915
-4.04626629986
-4.03930687476
-4.03373305842
-4.03119175248
-4.0241350528
-4.02205383497
-4.01823805802
-4.01603668823
-4.01594689739
-4.00473313037
-4.00427678001
-4.00080279708
-3.99284955579
-3.99188876832
-3.98651436276
-3.98549179388
-3.9817367506
-3.98169845689
-3.98134338323
-3.98130504887
-3.98068786362
-3.98064946164
-3.97977033099
-3.97973183457
-3.97859098062
-3.9785523632
-3.97715006428
-3.9771112996
-3.97565368864
-3.97544789069
-3.97540895291
-3.97468334023
-3.9734848262
-3.97344568991
-3.97126129545
-3.9712219358
-3.97048498104
-3.97010541869
-3.96877778228
-3.96873817503
-3.96603483066
-3.96599495228
-3.96303304578
-3.96299287355
-3.96256141298
-3.96050372656
-3.95977309526
-3.95973260732
-3.95625571047
-3.95621488593
-3.9546454372
-3.95248168794
-3.952440507
-3.9495087955
-3.94845189095
-3.94841033499
-3.94627551006
-3.94495476084
-3.94416725123
-3.94412530291
-3.93962877072
-3.9395864141
-3.9391136411
-3.9351908835
-3.93483752354
-3.9347947442
-3.93409525394
-3.92979465805
-3.92975144324
-3.92450139903
-3.92445773776
-3.92351184844
-3.92279071066
-3.91895905
-3.91891493322
-3.91660762007
-3.91509309601
-3.91316899567
-3.91314193481
-3.91312441639
-3.90784190409
-3.9071327045
-3.907087658
-3.90651371392
-3.90085173144
-3.9008062154
-3.89958863891
-3.89456020807
-3.89432772074
-3.89428173544
-3.8921056801
-3.88756240896
-3.88751595745
-3.88510043343
-3.88055762802
-3.88051071635
-3.87984009831
-3.87743776311
-3.87630507612
-3.87516565129
-3.87331530848
-3.87326794591
-3.87306359356
-3.86583748286
-3.86578968214
-3.86044201983
-3.85812628921
-3.85807806676
-3.85497889539
-3.854097537
-3.8537633956
-3.8527929457
-3.85018397463
-3.85013535088
-3.84451846741
-3.84242063878
-3.8420128991
-3.84196389877
-3.83361553934
-3.83356619175
-3.82989103536
-3.8293089229
-3.82853640391
-3.82762060501
-3.82499449276
-3.8249448322
-3.82473064001
-3.81615248165
-3.81610254773
-3.81280218643
-3.81249784374
-3.80811526985
-3.80709235734
-3.80704219545
-3.80589254174
-3.80549684756
-3.7978171046
-3.79776676633
-3.79640483112
-3.79435786248
-3.78832984605
-3.78827938968
-3.78710995415
-3.78268353412
-3.78025944055
-3.78016679283
-3.77863384675
-3.77858333779
-3.77454668372
-3.77167832791
-3.76873251882
-3.76868203061
-3.76406377726
-3.76386279641
-3.76089076779
-3.75889165279
-3.75862942619
-3.75857904052
-3.74832828942
-3.74827809723
-3.74781997771
-3.74474099275
-3.74174019276
-3.74013982429
-3.73783299059
-3.73778309277
-3.73324771519
-3.73281587708
-3.73153021004
-3.73039357434
-3.72714757826
-3.72709808643
-3.72045139669
-3.71627627249
-3.71622730995
-3.71519667463
-3.711794626
-3.70972135556
-3.70522346988
-3.70517517258
-3.70280544075
-3.70251493352
-3.70184552103
-3.69882160451
-3.69399374867
-3.69394626628
-3.68894968687
-3.68557998507
-3.68434150128
-3.68259187383
-3.68254537092
-3.68240726596
-3.67851593369
-3.6751
-3.6751
-3.6751
-3.6751
-3.6751
-3.6751
-3.6751
-3.6751
-3.6751
-3.6751
-3.6751
-3.6751
-3.6751
-3.6751
-3.6751
-3.6751
-3.6751
-3.6751
-3.6751
-3.6751
-3.6751
-3.6751
-3.6751
-3.6751
-3.6751
-3.6751
-3.6751
-3.6751
-3.6751
-3.6751
-3.6751
-3.6751
-3.6751
-3.6751
-3.6751
-3.6751
-3.6751
-3.6751
-3.6751
-3.6751
-3.6751
-3.6751
-3.6751
-3.6751
-3.6751
-3.6751
-3.6751
-3.6751
-3.6751
-3.6751
-3.6751
-3.6751
-3.6751
-3.6751
-3.6751
-3.6751
-3.6751
-3.6751
-3.6751
-3.6751
-3.6751
-3.6751
-3.6751
-3.6751
-3.6751
-3.6751
-3.6751
-3.6751
-3.6751
-3.6751
-3.6751
-3.6751
-3.6751
-3.6751
-3.6751
-3.6751
-3.6751
-3.6751
-3.6751
-3.6751
-3.6751
-3.6751
-3.6751
-3.6751
-3.6751
-3.6751
-3.6751
-3.6751
-3.6751
-3.6751
-3.6751
-3.6751
-3.6751
-3.6751
-3.6751
-3.6751
-3.6751
-3.6751
-3.6751
-3.6751
-3.6751
-3.6751
-3.6751
-3.6751
-3.6751
-3.6751
-3.6751
-3.6751
-3.6751
-3.6751
-3.6751
-3.6751
-3.6751
-3.6751
-3.6751
-3.6751
-3.6751
-3.6751
-3.6751
-3.6751
-3.67166680895
-3.67102280219
-3.67097745947
-3.66795783421
-3.66595595893
-3.66460593738
-3.66132524571
-3.65929168751
-3.65924770319
-3.6527121347
-3.64947001764
-3.64814984375
-3.64740388555
-3.6473614768
-3.64734843344
-3.64070574357
-3.63862106225
-3.63847173401
-3.63536495911
-3.6353243636
-3.63295181105
-3.62570024914
-3.62318068294
-3.62314216054
-3.62032302286
-3.61864910481
-3.61733019995
-3.61640374342
-3.61396423117
-3.61085704865
-3.61082088314
-3.60963418569
-3.60559158872
-3.60342638147
-3.59982825482
-3.59840026941
-3.59836677038
-3.59409884811
-3.5915042572
-3.59003978087
-3.58599249619
-3.58581678462
-3.58578628937
-3.58322782168
-3.57982206269
-3.57911685509
-3.57845463179
-3.57348007135
-3.57311326432
-3.57308613994
-3.56997217241
-3.56908886783
-3.56660495735
-3.56594850962
-3.56406277705
-3.56368093399
-3.56234791862
-3.56029661347
-3.56027325893
-3.54996221261
-3.54737397601
-3.54735482431
-3.5471696284
-3.5446912316
-3.53984633637
-3.53559948033
-3.53435273865
-3.53433825902
-3.53330217625
-3.52253676864
-3.52161825712
-3.52124053437
-3.52123123454
-3.51662747559
-3.51578177422
-3.5098202721
-3.50804524564
-3.50804167402
-3.50042049852
-3.49994077706
-3.49804690675
-3.49477775514
-3.49477500725
-3.48503586761
-3.48429372228
-3.48324478673
-3.4814479125
-3.48143820879
-3.47940535244
-3.47502906791
-3.46806083951
-3.46804349661
-3.46654225086
-3.46156988699
-3.46127152754
-3.45462548978
-3.45459977542
-3.45270818231
-3.45158613513
-3.44983595648
-3.44115107803
-3.44111620926
-3.43855211515
-3.4370440207
-3.43312873187
-3.4276470802
-3.427602222
-3.4274543259
-3.42332051918
-3.42102792318
-3.41690200822
-3.41642344717
-3.41412323309
-3.41406749712
-3.40532440391
-3.40058953316
-3.40052197692
-3.39972301488
-3.39634500805
-3.39453606899
-3.38925577551
-3.3870562346
-3.38697586095
-3.38569908455
-3.38303039039
-3.3798179867
-3.37690424594
-3.37353384658
-3.37343960368
-3.36634857249
-3.36003312956
-3.35992391137
-3.35927786814
-3.35860208792
-3.35739463446
-3.35188331064
-3.34968060394
-3.34873293284
-3.34656509081
-3.34643973801
-3.34146003836
-3.33314097878
-3.33302957186
-3.33299828037
-3.3321256958
-3.32549864344
-3.32544746264
-3.31977227658
-3.319610972
-3.31639860835
-3.31346338538
-3.31245005742
-3.31073739517
-3.30908756516
-3.3064706943
-3.30628947625
-3.29979089083
-3.29719463704
-3.29341729324
-3.29324816027
-3.29304567811
-3.28488747225
-3.28438331418
-3.28320964259
-3.28011681121
-3.27989167492
-3.27687907348
-3.27383167543
-3.2678985517
-3.26708898116
-3.26683976585
-3.26665813319
-3.26615065817
-3.264041609
-3.26130723334
-3.25553014507
-3.25417718942
-3.25390244013
-3.25013967885
-3.24830859386
-3.24238663962
-3.2420491903
-3.24139412734
-3.24109236395
-3.23777228482
-3.23659693357
-3.23447180338
-3.23365764289
-3.23248970359
-3.22912046742
-3.22875264427
-3.22842236598
-3.22307442129
-3.22260173904
-3.21721543602
-3.21626573294
-3.2159054215
-3.20799017732
-3.20394651489
-3.20355463513
-3.20081651677
-3.19686026108
-3.19180822736
-3.19138322202
-3.18877289309
-3.18446439168
-3.17986421448
-3.17986069212
-3.17940448766
-3.17759213386
-3.17473232336
-3.16816261567
-3.1681279301
-3.16763180607
-3.16452996503
-3.15661297174
-3.15607859663
-3.15191479217
-3.14533320804
-3.14475829934
-3.14230638858
-3.14091779731
-3.13651131408
-3.1357245734
-3.13430325024
-3.13368434864
-3.13288977698
-3.13213301925
-3.12354072797
-3.12287014584
-3.11959566043
-3.11308943769
-3.11232903014
-3.11074354864
-3.10651954523
-3.10633908517
-3.1035318033
-3.1026488031
-3.10207424836
-3.09967295752
-3.09303853591
-3.09302813642
-3.09284042506
-3.09211892345
-3.08851560438
-3.08753680108
-3.08325617224
-3.08247602191
-3.0800753308
-3.07398744399
-3.07315832011
-3.07161450181
-3.06715341212
-3.06505342664
-3.06417836986
-3.05646795406
-3.05576880246
-3.05554846316
-3.05033354139
-3.04941301407
-3.04824346473
-3.04728059641
-3.04514230512
-3.04449148901
-3.04039170763
-3.04000364876
-3.0393864343
-3.03457811896
-3.03292391681
-3.03187727347
-3.02585085205
-3.02476400618
-3.02432303499
-3.02155018456
-3.01918279626
-3.0180570843
-3.0129295368
-3.01176648372
-3.00873100367
-3.00710034035
-3.0059016695
-3.00566780759
-3.00195092293
-3.00170392538
-3.00084028313
-3.00047156195
-2.997236631
-2.99674843405
-2.99548450392
-2.99375737197
-2.99323164524
-2.99224140462
-2.99094822947
-2.98818974504
-2.98686983427
-2.98459970799
-2.9832557478
-2.98147686791
-2.98011170775
-2.97882610011
-2.97782909758
-2.97744273663
-2.97665156227
-2.97525312106
-2.97495667845
-2.97374412582
-2.97354639372
-2.97301582419
-2.97232531828
-2.97159187748
-2.96927578363
-2.96698722348
-2.96252754543
-2.96179438311
-2.95758586106
-2.94932939496
-2.94733121983
-2.94127175879
-2.93655678152
-2.93224439733
-2.9177946122
-2.91727139914
-2.91664278021
-2.91475316189
-2.90379812438
-2.90241659022
-2.90142886154
-2.89313174713
-2.88768437818
-2.87367037184
-2.8730792121
-2.8723682319
-2.87100415427
-2.87076964244
-2.86099197657
-2.86099197657
-2.85860558119
-2.85354370875
-2.84958683197
-2.84426801337
-2.83817935494
-2.83045826596
-2.83007107366
-2.82961291764
-2.82942354431
-2.81601936246
-2.81087658567
-2.80568306127
-2.80532835967
-2.80211751361
-2.79340545116
-2.7890516475
-2.78837019244
-2.78505601714
-2.77722590063
-2.7747820935
-2.77245595971
-2.76236293422
-2.76135793819
-2.75785652679
-2.74884000956
-2.74817798626
-2.74810247228
-2.74056968298
-2.73956711325
-2.73667888933
-2.73502046316
-2.72589949456
-2.72211669693
-2.71651976593
-2.71007423578
-2.7093959754
-2.70855553519
-2.70786815308
-2.70666695496
-2.70202040876
-2.69692566555
-2.69686311277
-2.69596643956
-2.69328017064
-2.6910903065
-2.6845229322
-2.67376080624
-2.67238026223
-2.66815431069
-2.66234688499
-2.66043993287
-2.65124818961
-2.6487067717
-2.6408541861
-2.63718559955
-2.62906993955
-2.62588122621
-2.6147984458
-2.61468578529
-2.60795282284
-2.60641684074
-2.60394203201
-2.59331673318
-2.59064985743
-2.58292726717
-2.57506266641
-2.57277831608
-2.56710291398
-2.56287452081
-2.56147430541
-2.55322047544
-2.55293023143
-2.54382072153
-2.54218990179
-2.53467974222
-2.52580195624
-2.5196109723
-2.51719171185
-2.5164225008
-2.51594858098
-2.50934096311
-2.50885328061
-2.50079085116
-2.49300852289
-2.4855102996
-2.48431191948
-2.48431191948
-2.47974377002
-2.47830008311
-2.47652254879
-2.47222344856
-2.47138166694
-2.47126334877
-2.46475872993
-2.45843482996
-2.45241339773
-2.44669773065
-2.44435598674
-2.44374163778
-2.4412909868
-2.43619617911
-2.43141616961
-2.426953664
-2.42599877576
-2.42495468742
-2.42281120628
-2.4189911738
-2.41549577239
-2.41232703197
-2.41100550682
-2.40982670886
-2.40948680229
-2.40697674911
-2.40479835071
-2.40295289476
-2.40144147557
-2.40026499171
-2.39942414412
-2.39891943456
-2.38063071269
-2.37832174888
-2.37781996608
-2.37619865246
-2.34569829292
-2.34351570239
-2.33516109491
-2.33083557795
-2.31314342489
-2.31182282196
-2.28959186209
-2.28401892461
-2.2811659401
-2.28066581019
-2.25159181396
-2.24827451766
-2.24392495817
-2.23738861686
-2.22314786516
-2.21597904505
-2.19816233122
-2.19588198856
-2.19096458567
-2.18378934628
-2.16984233222
-2.15230593344
-2.15171586034
-2.1450770485
-2.14476820407
-2.12163401638
-2.11976954214
-2.10635772099
-2.09956053609
-2.09882242076
-2.08796189513
-2.07890299815
-2.06031965397
-2.0597065299
-2.05630500607
-2.05315190661
-2.04201462339
-2.02586875021
-2.02481158169
-2.0201424072
-2.0201424072
-2.0141936963
-2.01130796915
-2.00778321494
-1.99836853422
-1.99349498758
-1.98708351088
-1.97748240908
-1.96959084199
-1.96798181566
-1.96343021914
-1.9627449565
-1.96236928908
-1.95901748219
-1.95636489098
-1.93144929438
-1.9216859834
-1.91806799028
-1.90075059969
-1.87530817442
-1.87378563065
-1.87028963643
-1.84008372034
-1.82993387158
-1.82885036716
-1.81015110233
-1.7865516281
-1.78231454344
-1.78051102083
-1.75118375524
-1.74368099488
-1.73570268843
-1.72219068012
-1.70136752092
-1.6935543195
-1.68901679052
-1.6652984006
-1.65966049879
-1.64225884127
-1.63744790603
-1.61861326539
-1.61002912344
-1.59543083533
-1.5830696913
-1.57828350995
-1.55659863922
-1.54853477032
-1.54029238572
-1.54029238572
-1.53873358274
-1.53064642097
-1.5052449381
-1.50157264676
-1.50003079605
-1.48042755177
-1.46224770536
-1.45622907991
-1.45454646801
-1.43268577681
-1.4254623558
-1.40983529168
-1.40745824012
-1.38975847441
-1.38771660272
-1.36636992302
-1.36030997184
-1.35522558435
-1.34583657443
-1.32615882601
-1.32195901242
-1.31310367445
-1.30737969368
-1.29005975648
-1.28954269845
-1.27269158147
-1.2658413617
-1.25963417523
-1.25686997514
-1.24212103139
-1.23079346006
-1.22848700965
-1.21852504976
-1.21600882931
-1.2047255939
-1.20365284862
-1.19467409623
-1.18588831615
-1.17839892465
-1.17833054283
-1.17458311229
-1.17458311229
-1.17223280926
-1.17115675706
-1.16741263666
-1.16395646818
-1.16187744314
-1.15494630257
-1.1336197004
-1.1237385043
-1.11446804411
-1.09760400107
-1.08313299173
-1.07627231426
-1.0711504541
-1.06173911391
-1.05496641944
-1.05088231114
-1.0287602118
-0.984165535415
-0.984165535415
-0.98120422372
-0.933606378704
-0.885968707213
-0.838293241411
-0.818830621156
-0.818830621156
-0.790582015074
-0.742837063502
-0.695060423435
-0.647254132965
-0.599420231447
-0.551560759416
-0.503677758496
-0.455773271317
-0.407849341423
-0.359908013189
-0.320084348342
-0.32005148808
-0.319938928129
-0.31990592139
-0.319696699444
-0.319663448064
-0.319357869732
-0.319324274774
-0.318922729296
-0.318888690742
-0.318391651178
-0.318357067618
-0.317765091001
-0.317729859319
-0.317043586785
-0.317007601839
-0.316227758711
-0.316190913021
-0.315318308864
-0.315280492285
-0.314316020929
-0.314277120326
-0.31322175985
-0.313181658767
-0.312036471448
-0.311995049775
-0.311951331732
-0.310761182
-0.31071831563
-0.309396997775
-0.309352558258
-0.307945104519
-0.307898958714
-0.306406766907
-0.306358776615
-0.304783327929
-0.304733349535
-0.303076208243
-0.303024092338
-0.301286905468
-0.301232496467
-0.299416993416
-0.299360129171
-0.297468121283
-0.297408632681
-0.295442012762
-0.295379723319
-0.293340465108
-0.293275190553
-0.29116534813
-0.291096895978
-0.288918603114
-0.288846772231
-0.28660224168
-0.286526821835
-0.284218344556
-0.284139115971
-0.281769060279
-0.281685793163
-0.279256603812
-0.279169057888
-0.276683255072
-0.276591179096
-0.274051357369
-0.273954488643
-0.271363315756
-0.271261379631
-0.268621595266
-0.268514304641
-0.265828719066
-0.26571577388
-0.263981342824
-0.262987266483
-0.262868353207
-0.260099870934
-0.259974662058
-0.257169217729
-0.257037371252
-0.25419804176
-0.25405920068
-0.251189125059
-0.251042916867
-0.248145294232
-0.247991330417
-0.245069417749
-0.244907293312
-0.241964403107
-0.241793696086
-0.238833193838
-0.238653464857
-0.235678766379
-0.235489558214
-0.232504126785
-0.232304963959
-0.22931230729
-0.229102695698
-0.226106362711
-0.225885789282
-0.222889366686
-0.222657299089
-0.219664407755
-0.219420294155
-0.216434585276
-0.216177854139
-0.216000092803
-0.213203005166
-0.212933065136
-0.209972775491
-0.209689015324
-0.206747001871
-0.20644879046
-0.203528782739
-0.203215469212
-0.20032120442
-0.199992118341
-0.197127336063
-0.196781787728
-0.193950224413
-0.19358750526
-0.19079288843
-0.190412271567
-0.187658313773
-0.187259054639
-0.184549447148
-0.184130784303
-0.181469190528
-0.1810303466
-0.178420395272
-0.177960578048
-0.175405856139
-0.174924259829
-0.172428305227
-0.171924111894
-0.169490405845
-0.168962787014
-0.16800962849
-0.16659474635
-0.166042864806
-0.163743833958
-0.163166845734
-0.160940088566
-0.160337145125
-0.158185836606
-0.15755608723
-0.15548330496
-0.154825899342
-0.152834614982
-0.152148706014
-0.150241776634
-0.149526523413
-0.147706682805
-0.146961253836
-0.145231103834
-0.144454680434
-0.142816682281
-0.142008462173
-0.14046492799
-0.139624129095
-0.138177213502
-0.137303077897
-0.135954769844
-0.135046567888
-0.133798682759
-0.132855717375
-0.131709889422
-0.130731500505
-0.129689175691
-0.128674744636
-0.127737173941
-0.126686128261
-0.125854361537
-0.124766179551
-0.124041059985
-0.12291527555
-0.122297434821
-0.121133642071
-0.120623496268
-0.120011997097
-0.11942135434
-0.119019100706
-0.117778338416
-0.117483953002
-0.11620437343
-0.116017609712
-0.114699094669
-0.114619483206
-0.113288846712
-0.113261997538
-0.112024840307
-0.111892442404
-0.110826477853
-0.110589660346
-0.109692654872
-0.109352759811
-0.108622157355
-0.10818073417
-0.107613671464
-0.10707247016
-0.106665794105
-0.106026757188
-0.105777044324
-0.105042297464
-0.104945875456
-0.104170687973
-0.104117716916
-0.103449842935
-0.103251576831
-0.102781675962
-0.10244238615
-0.102164511608
-0.101688614354
-0.10159667804
-0.101076521885
-0.100988704822
-0.100602423107
-0.100341088592
-0.100172809789
-0.0997861726557
-0.0997441983884
-0.0994410791987
-0.0991964828151
-0.0991361872388
-0.0988702577816
-0.0986964205695
-0.098642167008
-0.0984509172577
-0.0982956468634
-0.0982425345543
-0.098175638712
-0.0980903274152
-0.0980393049938
-0.0978334057401
-0.0974676866346
-0.0971441142143
-0.0968615221694
-0.0966188523214
-0.0964151650728
-0.0962496487608
-0.0961216277933
-0.0960305694618
-0.0959760893395
-0.0720092461439
-0.0240034233666
-3.37457926186e-18
-2.43945488809e-19
-5.42101086243e-20
0.0
0.0240034233666
0.0720092461439
0.120011997097
0.16800962849
0.216000092803
0.263981342824
0.311951331732
0.359908013189
0.407849341423
0.439608808349
0.439608808349
0.442291391153
0.442291391153
0.455773271317
0.503677758496
0.551560759416
0.599420231447
0.647254132965
0.695060423435
0.742837063502
0.790582015074
0.838293241411
0.885968707213
0.933606378704
0.98120422372
1.0287602118
1.05088231114
1.05496641944
1.06173911391
1.0711504541
1.07627231426
1.08313299173
1.09760400107
1.11446804411
1.1237385043
1.1336197004
1.15494630257
1.16187744314
1.16395646818
1.16741263666
1.17115675706
1.17223280926
1.17833054283
1.17839892465
1.18588831615
1.19467409623
1.20365284862
1.2047255939
1.21600882931
1.21852504976
1.22848700965
1.23079346006
1.24212103139
1.25686997514
1.25963417523
1.2658413617
1.27269158147
1.28954269845
1.29005975648
1.30737969368
1.31310367445
1.32195901242
1.32615882601
1.34583657443
1.35522558435
1.36030997184
1.36636992302
1.38771660272
1.38975847441
1.40745824012
1.40983529168
1.4254623558
1.43268577681
1.45454646801
1.45622907991
1.46224770536
1.48042755177
1.50003079605
1.50157264676
1.5052449381
1.53064642097
1.53873358274
1.54853477032
1.55659863922
1.57828350995
1.5830696913
1.59543083533
1.61002912344
1.61861326539
1.63744790603
1.64225884127
1.65966049879
1.6652984006
1.68901679052
1.6935543195
1.70136752092
1.72219068012
1.73570268843
1.74368099488
1.75118375524
1.78051102083
1.78231454344
1.7865516281
1.81015110233
1.82885036716
1.82993387158
1.84008372034
1.87028963643
1.87378563065
1.87530817442
1.90075059969
1.91806799028
1.9216859834
1.93144929438
1.95636489098
1.95901748219
1.96236928908
1.9627449565
1.96343021914
1.96798181566
1.96959084199
1.97748240908
1.98708351088
1.99349498758
1.99836853422
2.00778321494
2.01130796915
2.0141936963
2.02481158169
2.02586875021
2.04201462339
2.05315190661
2.05630500607
2.0597065299
2.06031965397
2.07890299815
2.08796189513
2.09882242076
2.09956053609
2.10635772099
2.11976954214
2.12163401638
2.14476820407
2.1450770485
2.15171586034
2.15230593344
2.16984233222
2.18378934628
2.19096458567
2.19588198856
2.19816233122
2.21597904505
2.22314786516
2.23738861686
2.24392495817
2.24827451766
2.25159181396
2.28066581019
2.2811659401
2.28401892461
2.28959186209
2.31182282196
2.31314342489
2.33083557795
2.33516109491
2.34351570239
2.34569829292
2.37619865246
2.37781996608
2.37832174888
2.38063071269
2.39891943456
2.39942414412
2.40026499171
2.40144147557
2.40295289476
2.40479835071
2.40697674911
2.40948680229
2.40982670886
2.41100550682
2.41232703197
2.41549577239
2.4189911738
2.42281120628
2.42495468742
2.42599877576
2.426953664
2.43141616961
2.43619617911
2.4412909868
2.44374163778
2.44435598674
2.44669773065
2.45241339773
2.45843482996
2.46475872993
2.47126334877
2.47138166694
2.47222344856
2.47652254879
2.47830008311
2.47974377002
2.4855102996
2.49300852289
2.50079085116
2.50885328061
2.50934096311
2.51594858098
2.5164225008
2.51719171185
2.5196109723
2.52580195624
2.53467974222
2.54218990179
2.54382072153
2.55293023143
2.55322047544
2.56147430541
2.56287452081
2.56710291398
2.57277831608
2.57506266641
2.58292726717
2.59064985743
2.59331673318
2.60394203201
2.60641684074
2.60795282284
2.61468578529
2.6147984458
2.62588122621
2.62906993955
2.63718559955
2.6408541861
2.6487067717
2.65124818961
2.66043993287
2.66234688499
2.66815431069
2.67238026223
2.67376080624
2.6845229322
2.6910903065
2.69328017064
2.69596643956
2.69686311277
2.69692566555
2.70202040876
2.70666695496
2.70786815308
2.70855553519
2.7093959754
2.71007423578
2.71651976593
2.72211669693
2.72589949456
2.73502046316
2.73667888933
2.73956711325
2.74056968298
2.74810247228
2.74817798626
2.74884000956
2.75785652679
2.76135793819
2.76236293422
2.77245595971
2.7747820935
2.77722590063
2.78505601714
2.78837019244
2.7890516475
2.79340545116
2.80211751361
2.80532835967
2.80568306127
2.81087658567
2.81601936246
2.82942354431
2.82961291764
2.83007107366
2.83045826596
2.83817935494
2.84426801337
2.84958683197
2.85354370875
2.85860558119
2.87076964244
2.87100415427
2.8723682319
2.8730792121
2.87367037184
2.88768437818
2.89313174713
2.90142886154
2.90241659022
2.90379812438
2.91475316189
2.91664278021
2.91727139914
2.9177946122
2.93224439733
2.93655678152
2.94127175879
2.94733121983
2.94932939496
2.95758586106
2.96179438311
2.96252754543
2.96698722348
2.96927578363
2.97782909758
2.99323164524
2.99375737197
2.997236631
3.00084028313
3.00195092293
3.00566780759
3.00873100367
3.02155018456
3.02432303499
3.03457811896
3.04000364876
3.04449148901
3.04514230512
3.04941301407
3.05033354139
3.05576880246
3.06715341212
3.07161450181
3.0800753308
3.08753680108
3.08851560438
3.09302813642
3.09303853591
3.09967295752
3.1035318033
3.11074354864
3.11959566043
3.13213301925
3.13288977698
3.1357245734
3.13651131408
3.14091779731
3.14230638858
3.15191479217
3.16452996503
3.16816261567
3.17473232336
3.17759213386
3.17986069212
3.18446439168
3.18877289309
3.19686026108
3.20081651677
3.20799017732
3.21721543602
3.22260173904
3.22307442129
3.22912046742
3.23248970359
3.23365764289
3.23447180338
3.23659693357
3.23777228482
3.2420491903
3.24238663962
3.24830859386
3.25013967885
3.25553014507
3.26130723334
3.264041609
3.26615065817
3.26665813319
3.2678985517
3.27383167543
3.27687907348
3.28320964259
3.28438331418
3.28488747225
3.29341729324
3.29719463704
3.29979089083
3.30908756516
3.31073739517
3.31245005742
3.31346338538
3.31639860835
3.32544746264
3.32549864344
3.3321256958
3.33302957186
3.34146003836
3.34873293284
3.34968060394
3.35188331064
3.35739463446
3.35860208792
3.35927786814
3.36634857249
3.37690424594
3.3798179867
3.38303039039
3.38569908455
3.38925577551
3.39453606899
3.39634500805
3.39972301488
3.40532440391
3.41642344717
3.41690200822
3.42102792318
3.42332051918
3.4274543259
3.43312873187
3.4370440207
3.43855211515
3.44983595648
3.45158613513
3.45270818231
3.46127152754
3.46156988699
3.46654225086
3.47502906791
3.47940535244
3.48324478673
3.48429372228
3.48503586761
3.49804690675
3.49994077706
3.50042049852
3.5098202721
3.51578177422
3.51662747559
3.52161825712
3.52253676864
3.53330217625
3.53559948033
3.53984633637
3.5446912316
3.5471696284
3.54996221261
3.56234791862
3.56368093399
3.56406277705
3.56594850962
3.56660495735
3.56908886783
3.56997217241
3.57348007135
3.57845463179
3.57911685509
3.57982206269
3.58322782168
3.58599249619
3.59003978087
3.5915042572
3.59409884811
3.59982825482
3.60342638147
3.60559158872
3.60963418569
3.61396423117
3.61640374342
3.61733019995
3.61864910481
3.62032302286
3.62570024914
3.63295181105
3.63847173401
3.63862106225
3.64070574357
3.64734843344
3.64814984375
3.64947001764
3.6527121347
3.66132524571
3.66460593738
3.66595595893
3.66795783421
3.67166680895
3.6751
3.6751
3.6751
3.6751
3.6751
3.6751
3.6751
3.6751
3.6751
3.6751
3.6751
3.6751
3.6751
3.6751
3.6751
3.6751
3.6751
3.6751
3.6751
3.6751
3.6751
3.6751
3.6751
3.6751
3.6751
3.6751
3.6751
3.6751
3.6751
3.6751
3.6751
3.6751
3.6751
3.6751
3.6751
3.6751
3.6751
3.6751
3.6751
3.6751
3.6751
3.6751
3.6751
3.6751
3.6751
3.6751
3.6751
3.6751
3.6751
3.6751
3.6751
3.6751
3.6751
3.6751
3.6751
3.6751
3.6751
3.6751
3.6751
3.6751
3.6751
3.6751
3.6751
3.6751
3.6751
3.6751
3.6751
3.6751
3.6751
3.6751
3.6751
3.6751
3.6751
3.6751
3.6751
3.6751
3.6751
3.6751
3.6751
3.6751
3.6751
3.6751
3.6751
3.6751
3.6751
3.6751
3.6751
3.6751
3.6751
3.6751
3.6751
3.6751
3.6751
3.6751
3.6751
3.6751
3.6751
3.6751
3.6751
3.6751
3.6751
3.6751
3.6751
3.6751
3.6751
3.6751
3.6751
3.6751
3.6751
3.6751
3.6751
3.6751
3.6751
3.6751
3.6751
3.6751
3.6751
3.6751
3.6751
3.6751
3.67851593369
3.68240726596
3.68434150128
3.68557998507
3.68894968687
3.69882160451
3.70184552103
3.70251493352
3.70280544075
3.70972135556
3.711794626
3.71519667463
3.72045139669
3.73039357434
3.73153021004
3.73281587708
3.73324771519
3.74013982429
3.74174019276
3.74474099275
3.74781997771
3.75889165279
3.76089076779
3.76386279641
3.76406377726
3.77167832791
3.77454668372
3.78016679283
3.78025944055
3.78268353412
3.78710995415
3.79435786248
3.79640483112
3.80549684756
3.80589254174
3.80811526985
3.81249784374
3.81280218643
3.82473064001
3.82762060501
3.82853640391
3.8293089229
3.82989103536
3.84242063878
3.84451846741
3.8527929457
3.8537633956
3.854097537
3.85497889539
3.86044201983
3.87306359356
3.87516565129
3.87630507612
3.87743776311
3.87984009831
3.88510043343
3.8921056801
3.89456020807
3.89958863891
3.90651371392
3.90784190409
3.91314193481
3.91509309601
3.91660762007
3.92279071066
3.92351184844
3.93409525394
3.9351908835
3.9391136411
3.94495476084
3.94627551006
3.9495087955
3.9546454372
3.96050372656
3.96256141298
3.97010541869
3.97048498104
3.97468334023
3.97565368864
3.98549179388
3.98651436276
3.99188876832
3.99284955579
4.00080279708
4.00427678001
4.00473313037
4.01594689739
4.01603668823
4.01823805802
4.02205383497
4.0241350528
4.03119175248
4.03373305842
4.03930687476
4.04626629986
4.04927763915
4.05303311714
4.05606879089
4.06125866491
4.06234769957
4.0630501851
4.06603991468
4.07616720631
4.08480315635
4.08564366204
4.09099030657
4.09222620014
4.0941196349
4.0960176576
4.10112957068
4.10572637167
4.11388088258
4.11734057603
4.12037383071
4.12125917317
4.13185620395
4.13493113564
4.13579179335
4.13924205765
4.1404583803
4.1493967609
4.15014720247
4.15062212256
4.16175163369
4.16376920313
4.17538950142
4.17794087323
4.17804698088
4.17888841416
4.18031229928
4.18462470298
4.1846283889
4.19222863428
4.20631272479
4.20748096141
4.2096431633
4.21480909263
4.21932541926
4.22029783491
4.22066996274
4.2238941246
4.23026263488
4.2341825679
4.23592302374
4.24796554752
4.25404888538
4.25470159928
4.25754677393
4.26151047531
4.26164541775
4.26421280625
4.26971249052
4.27522084258
4.27612930987
4.2886905057
4.2907308247
4.29234853899
4.29310720575
4.30205311033
4.30281341429
4.30545406001
4.31530737891
4.31539257736
4.32032847632
4.32221341949
4.32739095572
4.32845205293
4.33198238757
4.34148589267
4.34455883094
4.3481508963
4.35335689348
4.35440767701
4.36093106171
4.36466015294
4.36721620318
4.36850044417
4.37067277247
4.37581410013
4.37991028657
4.38672724995
4.39248876057
4.40124741015
4.40251689653
4.40331641158
4.40495047628
4.40632468705
4.40917670997
4.41497632281
4.4172943024
4.42929966752
4.42951912501
4.43065617649
4.44094000272
4.44162384739
4.44749255753
4.44911799679
4.45157026054
4.45360738985
4.45783176226
4.46162743671
4.46546868953
4.47225754801
4.47720670027
4.47990863785
4.48484155741
4.48561868065
4.48882039243
4.49666465009
4.49696127895
4.5003087527
4.50844059377
4.51167078402
4.51168397109
4.51558281945
4.51940233014
4.52290550534
4.52355345292
4.53401195152
4.5383574327
4.54160478159
4.54477010947
4.54498917321
4.55540301308
4.55583623664
4.55925786793
4.55940097938
4.56129525608
4.56486039145
4.56655222356
4.57713623105
4.58638763632
4.58758737143
4.591191316
4.59253755757
4.5979047721
4.59884248013
4.59988486453
4.60250230979
4.60326553121
4.60808757547
4.61734869408
4.61813493878
4.62804603403
4.63101024856
4.63619352334
4.63782004785
4.6402568986
4.6408346496
4.64333103214
4.6474561814
4.64758909145
4.6497264805
4.65695365025
4.6663116843
4.66913685502
4.67334679237
4.67546970326
4.67552952766
4.68223138783
4.68460643856
4.68792160427
4.69221226735
4.69354168925
4.69476470566
4.6970638889
4.70233456592
4.71030070229
4.71098436863
4.71949041116
4.71976313402
4.72021314474
4.72405652433
4.727852021
4.73552533354
4.73606853921
4.73711920571
4.74413932039
4.74450325197
4.74548075047
4.74705367672
4.75206373257
4.75984115713
4.763887721
4.76629189733
4.76747098878
4.77056611824
4.77495263543
4.78228551815
4.78229447256
4.78306192386
4.7836041478
4.78946907111
4.79203362655
4.79546786041
4.7965027415
4.80338598948
4.80784068913
4.80891973818
4.81011828813
4.81669912335
4.81995055635
4.82018460606
4.82312799387
4.82772304391
4.82940441113
4.83052538302
4.83552789929
4.83964439632
4.84149799512
4.84471500073
4.84731424799
4.85161930633
4.85192267023
4.85297621982
4.85609135186
4.85848348501
4.86383563044
4.86903225537
4.86905770622
4.87339029622
4.87407297146
4.87790988138
4.87895740268
4.88368518532
4.8873252593
4.88825596789
4.89202499263
4.89266941117
4.89321140035
4.89522088188
4.89528370671
4.89692518809
4.90102298376
4.90496249541
4.90874343239
4.91236551609
4.91582847996
4.91717477679
4.91913206947
4.91928199668
4.92227604208
4.9252097445
4.92526016724
4.92774994576
4.92808422632
4.93074801264
4.93325133144
4.93506621566
4.93559399983
4.93777584681
4.93864276488
4.93898624763
4.93979671324
4.94094654483
4.94165645184
4.94335492712
4.94489201546
4.94626760502
4.94748159577
4.94853389946
4.94942443963
4.9501531516
4.95071998244
4.951124891
4.9513678479
4.96326468727
4.96452542921
4.96538429331
4.97241944623
4.98188234279
4.98285755613
4.983014076
4.98791016997
4.99856770216
5.01109952223
5.01168370497
5.01953360216
5.0249370401
5.02735135324
5.03068985066
5.03365748443
5.03409225608
5.05688715639
5.05816711138
5.06654696338
5.06780431703
5.06853253721
5.07198261406
5.07855393764
5.07948302268
5.10187866901
5.10319137276
5.10482174305
5.11048166836
5.1134544106
5.11689276077
5.12407292377
5.12644091348
5.13763251258
5.14606462966
5.15163517136
5.15296662225
5.16025094865
5.16206705713
5.16785264349
5.17185448746
5.17434212258
5.18943583608
5.19525673924
5.19859529861
5.20585583754
5.20693170112
5.20749112187
5.21081309218
5.22224914772
5.23198331036
5.2373496112
5.23963511235
5.24569034828
5.25294540289
5.25315092183
5.25349190545
5.27015380083
5.27319087091
5.27369829566
5.2792428604
5.2929088553
5.2942409281
5.29903276487
5.29992690821
5.30652168178
5.31457225307
5.31804811415
5.32093413868
5.3346912368
5.33962612312
5.3402396566
5.34512329261
5.34623216057
5.35459685884
5.36242112651
5.36592433171
5.37250278271
5.37428811192
5.38767188175
5.39140947294
5.39240321413
5.39376400192
5.40370153232
5.4051502581
5.41302354783
5.41377490119
5.43206578163
5.43519494377
5.43756715657
5.43787859248
5.43843571686
5.44477309165
5.45088974828
5.46159246613
5.46949450564
5.46975209526
5.48279853021
5.48432540933
5.48451824892
5.48563356656
5.4878791244
5.50170370121
5.50604268809
5.50936985844
5.52398429294
5.52628074487
5.53006812109
5.53047259439
5.53131634336
5.53342061139
5.54170304794
5.55710009127
5.55919807469
5.56490147281
5.5667124396
5.57565976722
5.57646850746
5.57820734685
5.5782610726
5.59351349307
5.59614494254
5.6047763521
5.60692648839
5.61033219089
5.62109634516
5.62534092146
5.62599324703
5.6269237728
5.62714968775
5.64328742318
5.6469207529
5.65239199623
5.65791438584
5.65942233882
5.66637393154
5.67254465518
5.67382099519
5.67532772894
5.68669311834
5.68843772442
5.69100281517
5.69994054047
5.70644683148
5.71148867935
5.71871840139
5.71986131183
5.72165902417
5.72168152456
5.72624149294
5.73663865187
5.74741565714
5.74875512503
5.7513849855
5.7564368151
5.7655638075
5.76589730824
5.76728019483
5.76956599366
5.77854661401
5.78017491554
5.79421711505
5.79481116829
5.80121463621
5.80465801497
5.80802322666
5.80809159745
5.81479086557
5.81746577893
5.82159258247
5.83492452672
5.83738881501
5.84212104025
5.84352209
5.84581850854
5.84801841586
5.86087361848
5.8623831361
5.86537246757
5.8664370169
5.87348951531
5.88215402857
5.88586549922
5.88933937832
5.89024486397
5.89523496397
5.89800097518
5.90989536029
5.91004706202
5.91327785053
5.92055184764
5.92154808374
5.92378142773
5.93295858682
5.93449019819
5.93646042177
5.9441263229
5.95207519042
5.95505075741
5.95777293547
5.95871358477
5.96117391582
5.96573136786
5.97616764383
5.9785510685
5.98011504507
5.98347853898
5.98635908694
5.99630521087
5.99663729781
6.00555127817
6.00600554134
6.00789979553
6.00905284202
6.0154596161
6.02242409186
6.02466698496
6.03038822289
6.03362720973
6.03432106456
6.03542825654
6.04233986427
6.05080453446
6.0533728348
6.05690699197
6.0590208182
6.06269925377
6.06610594285
6.0669883254
6.07176298255
6.07470667799
6.07718408653
6.08217550993
6.08939446717
6.08971162387
6.09636320768
6.10122856634
6.10308140143
6.1047289067
6.10896116867
6.10954873041
6.10959335194
6.11576488862
6.11646421454
6.12172958203
6.12386085888
6.12744252866
6.13290345849
6.13811211354
6.14295588453
6.1430682478
6.14591375898
6.14777162729
6.1491096437
6.15222203001
6.15251129955
6.15288310364
6.15641924596
6.16036307716
6.1640533376
6.1674898533
6.16918550375
6.17041338076
6.17067246226
6.17360101448
6.17627537197
6.17869540874
6.18086101078
6.18261890844
6.18277207611
6.18442851472
6.18583024862
6.18697721181
6.18786935029
6.18850662206
6.18888899712
6.19515195327
6.1959720349
6.19700744142
6.20024705058
6.21683660106
6.21907479065
6.22085412541
6.23885703351
6.24491353161
6.24629092373
6.247929201
6.2552795977
6.26312557299
6.27146126313
6.28153503656
6.29123153988
6.29281967803
6.29555094803
6.29636406988
6.30927545057
6.32099828166
6.32400302907
6.32692884556
6.34071783026
6.34310563971
6.3453628476
6.35528148528
6.36236976094
6.36625804257
6.36945672834
6.36971329843
6.37106292183
6.37331149531
6.37645782202
6.3805002292
6.38543657101
6.38860011816
6.39058677011
6.39126423213
6.39327889607
6.39755254993
6.39798013216
6.40113902282
6.40558073078
6.40829715381
6.41406203364
6.41682833456
6.42047559371
6.42174898016
6.42341959898
6.42387013758
6.4268373391
6.43064817327
6.43247549396
6.43364854499
6.43529955023
6.43645884641
6.43798797454
6.44010403922
6.4407877095
6.44474355778
6.44684350003
6.44710822944
6.45011748355
6.45425603833
6.45669890004
6.46222542685
6.46310501714
6.46713689184
6.46950842034
6.47101006208
6.48060300279
6.48316556294
6.48428648921
6.48530302509
6.48583028713
6.490996716
6.49171619533
6.49239044191
6.49766337821
6.50153505958
6.50218309471
6.50827887976
6.51299453356
6.51415347662
6.52689866388
6.52915132476
6.53044983739
6.5320756852
6.53252582618
6.5330904944
6.5356683303
6.53777545886
6.54040894357
6.54612568778
6.55234221424
6.55467410902
6.56390921093
6.56953505408
6.56968348161
6.57395507642
6.57423762662
6.57965041042
6.57981923247
6.58249314738
6.5829942439
6.58542593322
6.59528750194
6.60186842785
6.60188990895
6.60313359784
6.61515487742
6.61633858079
6.61906345021
6.62202567366
6.62667093454
6.62751008378
6.62804257017
6.63646234521
6.63693421794
6.63710741495
6.64295520978
6.65548951596
6.65583957088
6.65759311846
6.66464707804
6.66951969646
6.67291628837
6.67358167548
6.67471631428
6.6751413419
6.67779481742
6.68709105033
6.69460127232
6.69628906877
6.69771165005
6.70230406837
6.71027664165
6.71513076197
6.71734276672
6.71761132447
6.72037702667
6.7227062551
6.73419312298
6.73481389415
6.73629089035
6.73650076965
6.73668733
6.75574451467
6.75806752225
6.7588295338
6.76212367739
6.76704762333
6.7670514944
6.77019821281
6.77451350777
6.77647210805
6.78044630218
6.784174694
6.79299350865
6.79900372171
6.80341267588
6.80644941688
6.81021721496
6.81118372896
6.81359969438
6.81620055367
6.8176107414
6.82695191136
6.82908339274
6.83068067126
6.83694550937
6.84669173642
6.8505846814
6.85104911915
6.8556836106
6.86001634838
6.86207697006
6.86400800883
6.86434779908
6.86493750015
6.87568927196
6.88103147129
6.89241211993
6.8931911322
6.89452567616
6.89491881658
6.89776139761
6.90085722308
6.90629628101
6.91217227725
6.91419707409
6.92112632157
6.92402168778
6.92653772343
6.93033779963
6.93390374234
6.93826867121
6.94618288567
6.95047805855
6.95243441669
6.95271543542
6.95456718278
6.95930898607
6.96173165628
6.97263599087
6.97698344817
6.97937493866
6.98045476528
6.98180999962
6.98482617906
6.99193761073
6.99842577663
7.00634166144
7.00650069382
7.00659350602
7.01104359785
7.01111319685
7.01479725428
7.02095050884
7.02451301408
7.02514605576
7.02553027884
7.02722536926
7.02959814097
7.03264681159
7.03407789219
7.03500800674
7.03637373835
7.0407755408
7.04223129933
7.04426547599
7.04447900184
7.04585071247
7.04876540004
7.04933302599
7.05160003796
7.05326445616
7.05801901422
7.06209081359
7.06222210188
7.06511163586
7.06827329356
7.0728722299
7.07387003088
7.07400385509
7.0753775382
7.08129639264
7.08729317449
7.08823114782
7.08994872114
7.09038860063
7.09052220628
7.10007163752
7.10014362696
7.10078238241
7.10296896621
7.10634538451
7.11055233386
7.11118822502
7.11303070655
7.11936097363
7.12162477941
7.12497559775
7.12499136846
7.13177444827
7.13335132166
7.13547080705
7.13661654644
7.13923201374
7.14571102979
7.14675758407
7.14795305606
7.14860045735
7.15388741858
7.15654949328
7.1576982846
7.15874688559
7.15898464298
7.15960512159
7.16028513309
7.16228536547
7.1624253634
7.16569610667
7.16971083662
7.16991131951
7.17241716381
7.17254715852
7.17498640904
7.17818240526
7.18013117941
7.18054810528
7.18082711471
7.18673191665
7.18702912858
7.1884996923
7.19024522683
7.19331678236
7.19414229852
7.19636749768
7.19959294369
7.20005254744
7.20165814871
7.20211596984
7.20652454728
7.20815785636
7.20955272286
7.21096684272
7.21641681304
7.21724496635
7.21874534782
7.22010537446
7.22601310872
7.22763003019
7.23026250898
7.23345464566
7.23620639094
7.23649192213
7.23844475157
7.2386251394
7.23974382395
7.23997090283
7.24232437745
7.24403519799
7.24447406424
7.25029169452
7.25243269738
7.25250298125
7.26008195086
7.26478623749
7.26742149837
7.26763081823
7.26918221204
7.27102433493
7.27135356528
7.27312013945
7.27445102683
7.27544842356
7.2785280253
7.28065707306
7.28117023635
7.28578259851
