-46.1467983051
-46.1454751536
-46.1449864079
-46.1449190052
-46.1445837652
-46.1438731974
-46.1412825572
-46.1408993207
-46.1407886286
-46.1394791692
-46.1391072195
-46.1374515142
-46.1373492737
-46.137161543
-46.1363171872
-46.1354335138
-46.1354101405
-46.1346352326
-46.134422503
-46.1343928843
-46.1335309358
-46.1334437907
-46.1329720752
-46.1327128945
-46.1318162522
-46.1315417604
-46.1310307599
-46.1303160265
-46.1291608578
-46.1289293823
-46.1280147405
-46.128007187
-46.1276392136
-46.1272910806
-46.126661968
-46.1262625442
-46.1256992215
-46.1255581593
-46.125442808
-46.1250327351
-46.1248193723
-46.1246868748
-46.1244014222
-46.1225996816
-46.121800274
-46.1217480657
-46.1217223148
-46.1216695871
-46.1213352545
-46.1210331232
-46.1206114769
-46.1195443451
-46.1195379026
-46.1194161837
-46.118357982
-46.1181832189
-46.1177832285
-46.1174139647
-46.117342711
-46.1170319356
-46.1168701319
-46.115836774
-46.1155358951
-46.1139505578
-46.113203792
-46.1127388931
-46.112178561
-46.1115073482
-46.110631916
-46.1099514261
-46.1093838957
-46.1091449024
-46.1090812625
-46.108484062
-46.1082222107
-46.1079561189
-46.1079258266
-46.1078169261
-46.1071633769
-46.1069490408
-46.106858774
-46.1067751054
-46.1064407961
-46.1061770752
-46.1058414982
-46.1057913457
-46.105617896
-46.1051570868
-46.1050859872
-46.1050513129
-46.1040594814
-46.1038494451
-46.1031974794
-46.103063255
-46.1024698876
-46.1020469139
-46.1017897103
-46.1015278316
-46.101463345
-46.1010228469
-46.1009969911
-46.1009354477
-46.1
-46.1
-46.1
-46.1
-46.1
-46.1
-46.1
-46.1
-46.1
-46.1
-46.1
-46.1
-46.1
-46.1
-46.1
-46.1
-46.1
-46.1
-46.1
-46.1
-46.1
-46.1
-46.1
-46.1
-46.1
-46.1
-46.1
-46.1
-46.1
-46.1
-46.1
-46.1
-46.1
-46.1
-46.1
-46.1
-46.1
-46.1
-46.1
-46.1
-46.1
-46.1
-46.1
-46.1
-46.1
-46.1
-46.1
-46.1
-46.1
-46.1
-46.1
-46.1
-46.1
-46.1
-46.1
-46.1
-46.1
-46.1
-46.1
-46.1
-46.1
-46.1
-46.1
-46.1
-46.1
-46.1
-46.1
-46.1
-46.1
-46.1
-46.1
-46.1
-46.1
-46.1
-46.1
-46.1
-46.1
-46.1
-46.1
-46.1
-46.1
-46.1
-46.1
-46.1
-46.1
-46.1
-46.1
-46.1
-46.1
-46.1
-46.1
-46.1
-46.1
-46.1
-46.1
-46.1
-46.1
-46.1
-46.1
-46.1
-46.1
-46.1
-46.1
-46.1
-46.1
-46.1
-46.1
-46.1
-46.1
-46.1
-46.1
-46.1
-46.1
-46.1
-46.1
-46.1
-46.1
-46.1
-46.1
-46.1
-46.1
-46.1
-46.1
-46.1
-46.1
-46.1
-46.1
-46.1
-46.1
-46.1
-46.1
-46.1
-46.1
-46.1
-46.1
-46.1
-46.1
-46.1
-46.1
-46.1
-46.1
-46.1
-46.1
-46.1
-46.1
-46.1
-46.1
-46.1
-46.1
-46.1
-46.1
-46.1
-46.1
-46.1
-46.1
-46.1
-46.1
-46.1
-46.1
-46.1
-46.1
-46.1
-46.1
-46.1
-46.1
-46.1
-46.1
-46.1
-46.1
-46.1
-46.1
-46.1
-46.1
-46.1
-46.1
-46.1
-46.1
-46.1
-46.1
-46.1
-46.1
-46.1
-46.1
-46.1
-46.1
-46.1
-46.1
-46.1
-46.1
-46.1
-46.1
-46.1
-46.1
-46.1
-46.1
-46.1
-46.1
-46.1
-46.1
-46.1
-46.1
-46.1
-46.1
-46.1
-46.1
-46.1
-46.1
-46.1
-46.1
-46.1
-46.1
-46.1
-46.1
-46.1
-46.1
-46.1
-46.1
-46.1
-46.1
-46.1
-46.1
-46.1
-46.1
-46.1
-46.1
-46.1
-46.1
-46.1
-46.1
-46.1
-46.1
-46.1
-46.1
-46.1
-46.1
-46.1
-46.1
-46.1
-46.1
-46.1
-46.0999999994
-7.03047738421
-6.93715475871
-6.90252916748
-6.87758622505
-6.85496498144
-6.85281448113
-6.8417695397
-6.83699466939
-6.82853911294
-6.79192387403
-6.78860984583
-6.76998343624
-6.69872324436
-6.68546791133
-6.63392634276
-6.6339208316
-6.62586839094
-6.61714770376
-6.61420061788
-6.61180088885
-6.60103240247
-6.59373552497
-6.58727401611
-6.57902717849
-6.57826247818
-6.57526733209
-6.57398348456
-6.57398189934
-6.56206578325
-6.56091025112
-6.53073055966
-6.51656574191
-6.49638926564
-6.47997369801
-6.47660720268
-6.46801371704
-6.46385544997
-6.459336405
-6.45175114654
-6.44712621331
-6.41430131036
-6.39276095206
-6.39217427016
-6.38887095271
-6.38262787643
-6.37138231952
-6.36578848414
-6.36547227074
-6.36140474274
-6.34706002333
-6.34201512177
-6.34041851745
-6.33169092926
-6.32801300497
-6.32058359321
-6.3120531196
-6.30648002609
-6.29271042889
-6.27627571204
-6.27591348122
-6.27331511351
-6.27283653991
-6.25155699763
-6.25022938221
-6.24941464503
-6.23953891577
-6.23050715339
-6.2296823343
-6.22175835143
-6.22081205281
-6.21769617058
-6.20632722598
-6.20454809697
-6.20338201863
-6.18994306466
-6.18231789835
-6.1777291852
-6.17558739159
-6.17371768478
-6.15964826771
-6.15828326904
-6.15467099172
-6.1528308793
-6.14956925956
-6.14702219556
-6.14550372801
-6.14163673466
-6.13577372154
-6.13573654141
-6.13397332033
-6.13134860631
-6.13100216743
-6.12260808137
-6.11907812327
-6.11401029762
-6.11152304823
-6.10408485433
-6.09060467365
-6.08672992917
-6.08514891141
-6.08209442177
-6.07560215579
-6.07490783873
-6.07245760499
-6.0664339525
-6.0568184714
-6.04110512348
-6.04005590295
-6.03640378979
-6.02097121713
-6.01712280774
-5.99121178774
-5.98923416305
-5.98213696899
-5.98176486244
-5.97535444715
-5.9478878735
-5.93246677206
-5.93084201902
-5.93040421203
-5.92772668887
-5.90679161371
-5.9042301133
-5.8991160127
-5.88861842586
-5.8874878422
-5.8749233557
-5.87285420255
-5.86698616627
-5.86341653231
-5.8549990488
-5.85345834977
-5.85328664815
-5.84436104014
-5.83914962784
-5.83443403562
-5.82667669445
-5.82653437422
-5.82406226278
-5.81671019762
-5.8109264865
-5.80636467486
-5.80401167066
-5.80349273866
-5.79456810585
-5.78274206525
-5.77501696157
-5.76953670008
-5.76560032655
-5.75748717675
-5.74987783659
-5.74244647774
-5.73849646712
-5.73351747472
-5.7220568615
-5.72100714936
-5.72031683319
-5.71178534277
-5.71060311158
-5.70438252205
-5.70164198524
-5.70147837686
-5.69799696185
-5.6937405109
-5.68634937474
-5.68269424119
-5.67854340067
-5.67508631586
-5.66987162111
-5.66729434403
-5.66671971283
-5.65585214262
-5.65082359497
-5.64531098534
-5.64523092572
-5.64222486523
-5.63577238385
-5.6280176534
-5.62250250199
-5.62149836809
-5.61666940038
-5.61076087092
-5.608187116
-5.59821420622
-5.59700642499
-5.58729896855
-5.58608920655
-5.58425935014
-5.58072715056
-5.57927973338
-5.57394800161
-5.56814289201
-5.560768677
-5.55942513405
-5.54768367617
-5.54418028001
-5.54401885428
-5.53714635273
-5.53503532572
-5.52753652093
-5.51705232878
-5.51126071145
-5.50486461969
-5.50252783275
-5.50074064293
-5.4960530615
-5.49174446624
-5.47669568999
-5.4765757941
-5.47230807498
-5.47191848422
-5.46711717016
-5.46003913237
-5.45965727511
-5.44784257329
-5.44776436158
-5.44224244822
-5.43828354438
-5.43650620375
-5.43041593896
-5.42708988244
-5.42542763125
-5.41831708555
-5.40725889911
-5.40574212052
-5.40302812159
-5.4009944342
-5.3991411786
-5.39871404236
-5.39493463045
-5.38943910522
-5.38686514965
-5.3701633988
-5.36622815354
-5.3634782142
-5.36176268734
-5.36086804216
-5.35412932705
-5.35053144898
-5.34764736686
-5.32952426181
-5.31048187371
-5.30932246579
-5.30779629556
-5.30536159705
-5.30251649513
-5.29881150284
-5.29502004707
-5.29013392604
-5.28698697358
-5.27873424382
-5.27754964831
-5.27416106887
-5.27097274748
-5.26499128511
-5.26032532291
-5.25703377268
-5.25682186716
-5.25527515394
-5.24688375216
-5.24593286526
-5.23099897695
-5.22962817905
-5.22036128168
-5.20965306333
-5.20427070545
-5.20217875266
-5.20120459135
-5.2
-5.2
-5.2
-5.2
-5.19821690199
-5.19213096297
-5.18400579452
-5.18337149207
-5.17667144646
-5.17151385591
-5.16501877488
-5.16464785317
-5.15748593209
-5.15154885154
-5.15058742932
-5.1457165229
-5.14356580134
-5.14006374117
-5.13810635931
-5.1308905194
-5.12808878101
-5.12548341581
-5.12326787629
-5.12186352881
-5.12100031566
-5.12100031566
-5.11000307299
-5.08018487749
-5.07151479959
-5.06381744279
-5.06248425616
-5.06109002505
-5.05730258776
-5.04518951261
-5.03751903802
-5.03637680995
-5.02925005492
-5.02732561257
-5.02481513774
-5.0228142967
-5.0228142967
-5.0228142967
-5.02200839539
-5.00597581294
-4.99910537577
-4.99284080148
-4.99238214623
-4.99207653379
-4.98656823951
-4.98608265788
-4.98127072326
-4.97471552137
-4.97465174415
-4.96884619245
-4.96654514414
-4.95692673821
-4.95510616458
-4.94549388473
-4.94549388473
-4.94549388473
-4.94211135773
-4.9404241547
-4.93435963444
-4.93354442815
-4.93007439303
-4.92784997841
-4.92775028934
-4.92593199237
-4.9215695573
-4.91806400133
-4.9179401115
-4.91259472386
-4.91019470623
-4.89866043539
-4.89225419176
-4.87896007971
-4.87864107904
-4.87489051183
-4.87341163696
-4.86903563117
-4.86371622951
-4.86083295165
-4.86063854525
-4.85847798049
-4.84956378708
-4.84804423158
-4.84762116697
-4.84041817857
-4.83559304299
-4.83495282334
-4.83244631272
-4.80792557651
-4.80666873764
-4.80417356906
-4.80417356905
-4.79963932399
-4.78031879141
-4.77797412312
-4.77381774285
-4.7701814935
-4.76598507334
-4.76358573742
-4.76235588218
-4.75992599707
-4.75564151945
-4.75059269968
-4.74497045352
-4.74388878609
-4.7375123315
-4.73288573703
-4.71400829793
-4.70709799355
-4.70592773749
-4.70394723171
-4.70191522595
-4.69802923196
-4.69519260621
-4.69151627795
-4.69142820323
-4.68503811309
-4.68503811309
-4.68503811309
-4.68503811309
-4.681364681
-4.67664186708
-4.66910986823
-4.66755601375
-4.66238307037
-4.66039745123
-4.65492356621
-4.63652085746
-4.62476822153
-4.62441350926
-4.61641121015
-4.61389022038
-4.61116381807
-4.60399600306
-4.60349141282
-4.60217316358
-4.59146106626
-4.58659115796
-4.58407824007
-4.58029827
-4.57878877766
-4.57777768608
-4.57176089414
-4.57130686944
-4.56641765487
-4.56145863228
-4.55913358914
-4.55204931402
-4.5506083212
-4.54932189319
-4.54654547461
-4.53575595159
-4.53225046002
-4.52936987038
-4.52892186323
-4.52746475418
-4.52705292213
-4.5186849941
-4.51607643168
-4.51573684769
-4.51500189725
-4.51461371112
-4.50422697237
-4.50333209968
-4.50333209968
-4.50333209968
-4.50333209968
-4.50333209968
-4.50333209968
-4.50333209968
-4.50333209968
-4.50333209968
-4.50333209968
-4.50333209968
-4.50333209968
-4.50077724738
-4.49493007708
-4.4934526732
-4.4813894211
-4.47526158063
-4.46854834395
-4.46377299566
-4.45562294953
-4.44981060084
-4.44203899939
-4.4275892073
-4.42547783137
-4.42346558987
-4.42304821405
-4.42212848018
-4.42018875856
-4.4186493626
-4.4105960924
-4.39380836932
-4.38045104223
-4.3792633792
-4.37841725631
-4.37430918491
-4.37061821379
-4.36950677819
-4.3676532446
-4.36100519485
-4.36067363342
-4.35488769623
-4.35453445486
-4.35437995372
-4.34722398172
-4.34313777738
-4.32991636519
-4.32610648286
-4.31798149804
-4.31736471434
-4.31327889326
-4.30780553854
-4.30332951454
-4.30277544633
-4.29884003228
-4.29876265049
-4.29193942712
-4.29010043352
-4.28731990664
-4.2746471103
-4.27024044102
-4.26961218151
-4.25460628079
-4.2483638146
-4.24737552468
-4.24159191696
-4.23956395673
-4.23917659405
-4.23901612947
-4.23720257039
-4.23463250464
-4.22312507415
-4.20761064494
-4.20706003756
-4.20688837075
-4.20688837075
-4.20688837075
-4.20688837075
-4.20688837075
-4.20688837075
-4.20688837075
-4.20688837075
-4.20688837075
-4.20688837075
-4.20688837075
-4.20688837074
-4.20475129774
-4.20442787209
-4.20035227683
-4.184410278
-4.18353231334
-4.18337090162
-4.17370563014
-4.16813112232
-4.16539550211
-4.15960702267
-4.14907195372
-4.14580579467
-4.14539415868
-4.14484615877
-4.14055782585
-4.13499456852
-4.1326384909
-4.13018641243
-4.11246192857
-4.10808146307
-4.10179485962
-4.09812437032
-4.09762843495
-4.09757748877
-4.08979986009
-4.08678601328
-4.08630120233
-4.08523885924
-4.07910754151
-4.07255355502
-4.07025177253
-4.06542951572
-4.06390956734
-4.06086945344
-4.05998325408
-4.05665267414
-4.05557836532
-4.05308701458
-4.03454269711
-4.03443437731
-4.03293253915
-4.03260210092
-4.02913658743
-4.01274098791
-4.00933837206
-4.00509808462
-4.00457936905
-3.99888985333
-3.99838665615
-3.99382028239
-3.99108502188
-3.98901962295
-3.98894404022
-3.98747230835
-3.98745938864
-3.98588813775
-3.98401697203
-3.97811401755
-3.96748703451
-3.96462674189
-3.96448767735
-3.96282211434
-3.96093701256
-3.95928010966
-3.95566255051
-3.9512534567
-3.94724355229
-3.9433952631
-3.93980198946
-3.9368645362
-3.93661845334
-3.93388423764
-3.92991597161
-3.92681947819
-3.92632269236
-3.92609247063
-3.92570758382
-3.92129359495
-3.91290344556
-3.90775804536
-3.90589529138
-3.90438301341
-3.9002582561
-3.88749069436
-3.88529662968
-3.88021580703
-3.87768514721
-3.87689687949
-3.87592314223
-3.87537077917
-3.87270042301
-3.86435309248
-3.85708875622
-3.85609609323
-3.85110519064
-3.84965713618
-3.84652460144
-3.84220204694
-3.84075960477
-3.83738733151
-3.8344611997
-3.82111897685
-3.8189420323
-3.81620069293
-3.7945482616
-3.79370572809
-3.79143606795
-3.78755329141
-3.78688471734
-3.77816136497
-3.77454778137
-3.77375894537
-3.76439130794
-3.76081104114
-3.76028164994
-3.7590554718
-3.7551999136
-3.72611691146
-3.72051693357
-3.71728388538
-3.70450582703
-3.70372104304
-3.69654558768
-3.69079754437
-3.68868331997
-3.68755144801
-3.67695526218
-3.67695526217
-3.67695526217
-3.67695526217
-3.67695526217
-3.67695526217
-3.67695526217
-3.67695526217
-3.67695526217
-3.67695526217
-3.67695526217
-3.67695526217
-3.67695526217
-3.67695526217
-3.67695526217
-3.67695526217
-3.67695526217
-3.67695526217
-3.67695526217
-3.67695526217
-3.67695526217
-3.67695526217
-3.67695526217
-3.67695526217
-3.67695526217
-3.67695526217
-3.67695526217
-3.67695526217
-3.67695526217
-3.67695526217
-3.67695526217
-3.67695526217
-3.67695526217
-3.67695526217
-3.67695526217
-3.67695526217
-3.66582943242
-3.66230694422
-3.66031096434
-3.64052749909
-3.6349634779
-3.63383300292
-3.62664509189
-3.61589031425
-3.61440363771
-3.61400529434
-3.61359394969
-3.61184262991
-3.61169896576
-3.60994245876
-3.6037696546
-3.60322994528
-3.59288620032
-3.58945379681
-3.5846758649
-3.58259550435
-3.57467463792
-3.57066922369
-3.56108851422
-3.56056880749
-3.55761584168
-3.5569097272
-3.54655781446
-3.54150142021
-3.53782114208
-3.53698792447
-3.53471283667
-3.53279406307
-3.52475316434
-3.50540365679
-3.50042168056
-3.49737709396
-3.49324243815
-3.48766551644
-3.48174635071
-3.47839707329
-3.47739423758
-3.47729629857
-3.47692140933
-3.47439183523
-3.46766943519
-3.46725662092
-3.46513213539
-3.46090634759
-3.45527931827
-3.45520864718
-3.45365633007
-3.45218100433
-3.44925821909
-3.44443729061
-3.43996947148
-3.43970085478
-3.43544357931
-3.43346657404
-3.43085842705
-3.42557653882
-3.40686831815
-3.39954413067
-3.3955236213
-3.39161236886
-3.38185212243
-3.37477823276
-3.37317295981
-3.37008378227
-3.36714984447
-3.36315888111
-3.36045799251
-3.35735318297
-3.34751714148
-3.34645267023
-3.34606833613
-3.34249557037
-3.34249557037
-3.34192351075
-3.34175709396
-3.34010063171
-3.33365860489
-3.3268748449
-3.32542356915
-3.32157408573
-3.31575465411
-3.31074773183
-3.30911753024
-3.30060065762
-3.29783111753
-3.29485843701
-3.29443233055
-3.29277482534
-3.29052139785
-3.28836027224
-3.27677538925
-3.26155238532
-3.25378598635
-3.24778158571
-3.2475550365
-3.24396263321
-3.24264236613
-3.24214696967
-3.24214696967
-3.24214696967
-3.24214696967
-3.2364814325
-3.23458892837
-3.23112068019
-3.21199822469
-3.20562366283
-3.20325308645
-3.20184107369
-3.20183519312
-3.19458971354
-3.18429094886
-3.18426647098
-3.17867237273
-3.17742795643
-3.17590034665
-3.17577333603
-3.16882087634
-3.16581478273
-3.15972998511
-3.15929751033
-3.15910661159
-3.15457686414
-3.15166533574
-3.14957152751
-3.14944122425
-3.14853209361
-3.1367764447
-3.13272459408
-3.12922087853
-3.12711488506
-3.12312207647
-3.12292386213
-3.12220338615
-3.12015418853
-3.11811870583
-3.11798407903
-3.11031495149
-3.10847029255
-3.10149082659
-3.09941833514
-3.09742731649
-3.09512071864
-3.09256936263
-3.09239387789
-3.0832959977
-3.08271800391
-3.06789557106
-3.067777017
-3.06440909775
-3.06061134804
-3.05975790599
-3.05648331192
-3.05648331192
-3.05648331191
-3.05121273114
-3.03892508083
-3.0384817785
-3.03844416575
-3.02427155275
-3.02203010273
-3.01935587042
-3.01789784565
-3.00855172795
-3.00629811546
-2.99906703697
-2.99754324431
-2.9964332641
-2.99444959237
-2.99253160701
-2.99207354076
-2.98757628616
-2.98580645091
-2.9808059946
-2.97795313284
-2.97675058847
-2.9760775471
-2.97601937002
-2.97229192579
-2.95510434585
-2.95426872065
-2.95356024083
-2.95137152909
-2.95112971644
-2.95085398652
-2.94663766475
-2.94114872336
-2.93416833627
-2.93292829072
-2.93097675249
-2.92768450158
-2.92510837541
-2.9203462349
-2.90283806812
-2.89999169995
-2.89260255265
-2.89245502815
-2.89184456975
-2.89032389063
-2.89016611429
-2.88908019288
-2.88268397548
-2.88254999202
-2.88059947975
-2.87556705086
-2.87372880095
-2.86889014917
-2.85952084842
-2.85771452824
-2.85657779738
-2.85596996227
-2.84761100092
-2.84118350918
-2.83858917822
-2.83849150828
-2.836542712
-2.83398311535
-2.82959630167
-2.82407551974
-2.8215647614
-2.81977226654
-2.81727481232
-2.80985957427
-2.80975381426
-2.79316692106
-2.78919096735
-2.7781175471
-2.77443703311
-2.76183009262
-2.76133391978
-2.76093234865
-2.76083374699
-2.7587904263
-2.75322554505
-2.75285048351
-2.7516904623
-2.74957682259
-2.74258698492
-2.74164666583
-2.72749442049
-2.72040001532
-2.71947783512
-2.7146585944
-2.70107483829
-2.70055556334
-2.69839689435
-2.67414972482
-2.67011369817
-2.66837565353
-2.66246258557
-2.65498103232
-2.64747254977
-2.64014880128
-2.6
-2.6
-2.6
-2.6
-2.6
-2.6
-2.6
-2.6
-2.6
-2.6
-2.6
-2.6
-2.6
-2.6
-2.6
-2.6
-2.6
-2.6
-2.6
-2.6
-2.6
-2.6
-2.6
-2.6
-2.6
-2.6
-2.6
-2.6
-2.6
-2.6
-2.6
-2.6
-2.6
-2.6
-2.6
-2.6
-2.6
-2.6
-2.6
-2.6
-2.6
-2.6
-2.6
-2.6
-2.6
-2.6
-2.6
-2.6
-2.6
-2.6
-2.6
-2.6
-2.6
-2.6
-2.6
-2.6
-2.6
-2.6
-2.6
-2.6
-2.6
-2.6
-2.6
-2.6
-2.6
-2.6
-2.6
-2.6
-2.6
-2.6
-2.6
-2.6
-2.6
-2.6
-2.6
-2.6
-2.6
-2.6
-2.6
-2.6
-2.6
-2.6
-2.6
-2.6
-2.6
-2.6
-2.6
-2.6
-2.6
-2.6
-2.6
-2.6
-2.6
-2.6
-2.6
-2.6
-2.6
-2.6
-2.6
-2.6
-2.6
-2.6
-2.6
-2.6
-2.6
-2.6
-2.6
-2.6
-2.6
-2.6
-2.6
-2.6
-2.6
-2.6
-2.6
-2.6
-2.6
-2.6
-2.6
-2.6
-2.6
-2.6
-2.6
-2.6
-2.6
-2.5770810121
-2.56520539755
-2.54140205592
-2.53086857875
-2.52205700023
-2.51496352721
-2.50940878475
-2.49637786894
-2.48635730038
-2.48565227636
-2.45281946147
-2.45120725249
-2.44893154124
-2.44738873016
-2.44460839619
-2.43851351273
-2.43761015809
-2.43626095591
-2.43275699802
-2.41529874145
-2.40821932686
-2.4068199214
-2.40285765434
-2.38558606663
-2.38512403982
-2.38498255546
-2.37936512339
-2.3634155619
-2.35990410631
-2.35515611026
-2.34774827431
-2.3419391949
-2.33492648505
-2.32813721192
-2.32555597793
-2.31842074893
-2.31706611679
-2.31415717197
-2.31014114427
-2.30093923208
-2.30024953873
-2.27825902562
-2.27809899977
-2.27118826174
-2.26995824483
-2.26810625021
-2.26481628478
-2.26447037647
-2.26188326163
-2.25867176564
-2.25478759181
-2.24952954424
-2.24611851185
-2.24537967225
-2.24309050512
-2.24118735531
-2.22858956627
-2.22341880509
-2.22310123225
-2.21318606713
-2.2111973198
-2.2050828115
-2.20325707246
-2.20186151188
-2.20069606864
-2.19365597132
-2.18669436691
-2.17750548712
-2.14984804975
-2.14705670908
-2.14327901534
-2.14212620442
-2.13843277731
-2.12648413308
-2.11503054399
-2.11158928098
-2.10763699131
-2.10756730863
-2.08624875468
-2.08511672102
-2.08433982957
-2.07693633789
-2.07512581581
-2.05381463545
-2.04319744259
-2.04199759496
-2.03898288456
-2.03700888276
-2.02826761805
-2.02592890435
-2.02141724731
-2.01968986629
-2.01906222875
-2.01629964558
-2.01560828409
-2.0068511766
-2.00521418586
-2.00415494724
-2.00097834531
-1.99769812833
-1.99429856829
-1.9899538483
-1.9899538483
-1.98076571444
-1.97066424745
-1.96350646901
-1.96340495273
-1.95830856569
-1.95167530105
-1.9508501122
-1.95010610551
-1.94559520977
-1.93898465656
-1.93601695061
-1.93199748209
-1.91786479359
-1.90805066556
-1.90430521815
-1.90223412502
-1.90149211474
-1.89633779049
-1.89453100667
-1.8937336732
-1.89083942513
-1.89023905112
-1.88522576083
-1.88502291006
-1.87707439103
-1.87681866637
-1.87607578109
-1.86656388565
-1.86325139239
-1.86107313642
-1.85661862798
-1.84635770673
-1.84058426113
-1.83983073263
-1.8386655863
-1.82281844777
-1.82181261646
-1.80730369558
-1.7971404851
-1.79319153619
-1.78629892846
-1.77895514666
-1.77850474529
-1.77850474529
-1.77127429669
-1.76684938054
-1.76514663227
-1.75983741512
-1.75982149265
-1.7569018749
-1.75328136811
-1.75269065357
-1.75116689927
-1.7484948091
-1.73996610955
-1.72928766636
-1.71385866904
-1.70353614634
-1.70082996253
-1.69801822288
-1.69657462835
-1.68611496569
-1.6861103874
-1.67490117985
-1.65839232548
-1.65298650098
-1.65019444028
-1.6360187354
-1.63035955751
-1.61488759688
-1.60688837075
-1.60688837075
-1.60688837075
-1.60688837075
-1.60688837075
-1.60688837075
-1.60688837075
-1.60688837075
-1.60688837075
-1.60688837075
-1.60688837074
-1.60688837074
-1.60258872424
-1.59561272306
-1.5920124291
-1.59010738574
-1.58562897152
-1.57703524699
-1.57504139198
-1.56668384623
-1.55977233634
-1.55508650403
-1.54640890549
-1.54075689253
-1.53760822718
-1.53495180833
-1.53412678887
-1.5178699443
-1.51258169955
-1.50415937092
-1.48420024853
-1.48229346515
-1.47647609765
-1.47268364021
-1.46795814203
-1.46746551237
-1.46362841429
-1.45623411578
-1.44960861567
-1.44749805436
-1.44253253098
-1.43915380689
-1.43132153269
-1.41189590392
-1.40295122381
-1.39930920402
-1.39705511045
-1.39700424284
-1.39514595218
-1.39243189612
-1.39044719643
-1.37731522215
-1.36715087701
-1.35798534225
-1.35402184329
-1.34585903454
-1.34585903454
-1.34585903453
-1.33959441825
-1.33792365895
-1.33424833256
-1.32986029418
-1.32683210495
-1.32119138822
-1.31960495185
-1.30309022936
-1.29786423602
-1.28683180374
-1.27734930159
-1.26916538351
-1.26704701055
-1.26115315194
-1.25936079736
-1.25830039431
-1.25712622092
-1.24672212751
-1.24293550141
-1.24087599084
-1.24042836719
-1.2365968226
-1.23549505586
-1.23320424705
-1.21333690343
-1.20702189799
-1.20518305102
-1.19688863442
-1.18559601385
-1.17509925248
-1.1672708389
-1.16587211879
-1.16538005178
-1.16035548299
-1.15710885658
-1.15710885658
-1.15710885657
-1.15710885657
-1.15139734764
-1.14505104575
-1.14475185265
-1.14335474828
-1.13861457609
-1.13677542527
-1.13592537911
-1.12250614346
-1.11202662063
-1.10940265808
-1.10361515803
-1.09060298566
-1.08455336744
-1.08382112513
-1.08114079225
-1.07956078801
-1.07711960515
-1.07101813937
-1.04560992435
-1.04546428649
-1.04409156428
-1.04239436724
-1.03485092566
-1.03475838079
-1.03359301249
-1.02417965129
-1.00786693265
-0.988715210914
-0.980486811364
-0.972400351197
-0.970027026924
-0.969752331434
-0.967568301995
-0.964561467122
-0.964240645676
-0.939132814448
-0.933026986112
-0.928334906044
-0.925717332392
-0.922245730223
-0.91995777423
-0.891719505407
-0.891512041504
-0.890271653377
-0.872671695915
-0.872047956902
-0.867187448652
-0.863446222094
-0.841344647299
-0.841033979141
-0.837546747584
-0.812429430457
-0.808880325413
-0.80448065861
-0.792880001649
-0.791836201278
-0.787721069855
-0.763807419291
-0.759623038148
-0.759168460972
-0.758404453144
-0.74973864773
-0.740065380281
-0.739736507965
-0.736238295711
-0.712723696935
-0.709400519809
-0.701810367774
-0.701208402628
-0.699980107601
-0.699468016415
-0.690400843453
-0.672099764435
-0.67117859644
-0.662311636649
-0.657655338834
-0.649290338168
-0.64365296884
-0.642168866162
-0.640458066202
-0.62888744595
-0.618230610843
-0.612698908408
-0.597184116818
-0.594464792555
-0.588520068798
-0.575031293884
-0.560249507263
-0.550503189448
-0.535059496488
-0.533258238307
-0.527406315597
-0.521247630132
-0.518562048456
-0.501909806956
-0.491129183715
-0.469600049233
-0.462012847661
-0.448756398195
-0.440680233996
-0.440193229805
-0.43393090108
-0.425310063524
-0.421624865171
-0.416852875921
-0.415784952242
-0.406128005048
-0.399019777365
-0.397752667945
-0.396618354447
-0.388854002613
-0.387946516617
-0.379952920842
-0.3574145594
-0.324904473784
-0.324692914555
-0.291566098659
-0.268482970955
-0.263875549798
-0.23892825895
-0.172547751664
-0.144467313578
-0.136655758792
-0.125718446431
-0.101474215451
-0.0756973566514
-1.46367293286e-18
-1.46367293286e-18
-1.39591029708e-18
-1.38235776992e-18
-1.38235776992e-18
-1.19262238973e-18
-1.07064964533e-18
-1.04354459102e-18
-8.80914265144e-19
-8.67361737988e-19
-8.2670415652e-19
-8.2670415652e-19
-7.99599102208e-19
-7.99599102208e-19
-7.72494047896e-19
-7.72494047896e-19
-7.5894152074e-19
-7.45388993584e-19
-7.45388993584e-19
-7.04731412116e-19
-6.9117888496e-19
-6.64073830647e-19
-6.09863722023e-19
-6.09863722023e-19
-5.96311194867e-19
-5.96311194867e-19
-5.82758667711e-19
-5.82758667711e-19
-5.55653613399e-19
-5.42101086243e-19
-5.42101086243e-19
-5.42101086243e-19
-5.01443504775e-19
-5.01443504775e-19
-5.01443504775e-19
-4.74338450462e-19
-4.4723339615e-19
-4.4723339615e-19
-4.4723339615e-19
-4.4723339615e-19
-4.33680868994e-19
-4.33680868994e-19
-4.20128341838e-19
-4.20128341838e-19
-3.93023287526e-19
-3.93023287526e-19
-3.93023287526e-19
-3.93023287526e-19
-3.93023287526e-19
-3.93023287526e-19
-3.7947076037e-19
-3.7947076037e-19
-3.7947076037e-19
-3.7947076037e-19
-3.7947076037e-19
-3.52365706058e-19
-3.52365706058e-19
-3.38813178902e-19
-3.38813178902e-19
-3.38813178902e-19
-3.25260651746e-19
-2.98155597434e-19
-2.98155597434e-19
-2.98155597434e-19
-2.98155597434e-19
-2.98155597434e-19
-2.84603070277e-19
-2.84603070277e-19
-2.84603070277e-19
-2.84603070277e-19
-2.84603070277e-19
-2.84603070277e-19
-2.84603070277e-19
-2.84603070277e-19
-2.71050543121e-19
-2.43945488809e-19
-2.43945488809e-19
-2.43945488809e-19
-2.43945488809e-19
-2.43945488809e-19
-2.43945488809e-19
-2.30392961653e-19
-2.30392961653e-19
-2.16840434497e-19
-2.16840434497e-19
-2.16840434497e-19
-2.16840434497e-19
-2.16840434497e-19
-1.89735380185e-19
-1.89735380185e-19
-1.89735380185e-19
-1.76182853029e-19
-1.76182853029e-19
-1.76182853029e-19
-1.76182853029e-19
-1.76182853029e-19
-1.76182853029e-19
-1.62630325873e-19
-1.62630325873e-19
-1.62630325873e-19
-1.62630325873e-19
-1.62630325873e-19
-1.62630325873e-19
-1.62630325873e-19
-1.35525271561e-19
-1.35525271561e-19
-1.35525271561e-19
-1.35525271561e-19
-1.21972744405e-19
-1.21972744405e-19
-1.21972744405e-19
-1.21972744405e-19
-1.21972744405e-19
-1.21972744405e-19
-1.08420217249e-19
-1.08420217249e-19
-1.08420217249e-19
-1.08420217249e-19
-8.13151629364e-20
-8.13151629364e-20
-8.13151629364e-20
-8.13151629364e-20
-6.77626357803e-20
-6.77626357803e-20
-6.77626357803e-20
-5.42101086243e-20
-5.42101086243e-20
-5.42101086243e-20
-5.42101086243e-20
-5.42101086243e-20
-5.42101086243e-20
-5.42101086243e-20
-2.71050543121e-20
-2.71050543121e-20
-2.71050543121e-20
-2.71050543121e-20
-2.71050543121e-20
-2.71050543121e-20
-2.71050543121e-20
-2.71050543121e-20
-2.71050543121e-20
-2.71050543121e-20
-2.71050543121e-20
-2.71050543121e-20
-2.71050543121e-20
-1.35525271561e-20
-1.35525271561e-20
-1.35525271561e-20
-1.35525271561e-20
-1.35525271561e-20
-1.35525271561e-20
0.0
0.0
0.0
0.0
0.0
0.0
0.0
0.0
0.0
0.0
2.71050543121e-20
2.71050543121e-20
2.71050543121e-20
2.71050543121e-20
2.71050543121e-20
4.06575814682e-20
4.06575814682e-20
4.06575814682e-20
4.06575814682e-20
4.06575814682e-20
4.06575814682e-20
4.06575814682e-20
4.06575814682e-20
4.06575814682e-20
4.06575814682e-20
5.42101086243e-20
5.42101086243e-20
5.42101086243e-20
5.42101086243e-20
5.42101086243e-20
5.42101086243e-20
5.42101086243e-20
5.42101086243e-20
5.42101086243e-20
5.42101086243e-20
5.42101086243e-20
8.13151629364e-20
8.13151629364e-20
8.13151629364e-20
8.13151629364e-20
8.13151629364e-20
8.13151629364e-20
8.13151629364e-20
8.13151629364e-20
8.13151629364e-20
8.13151629364e-20
8.13151629364e-20
8.13151629364e-20
8.13151629364e-20
9.48676900925e-20
9.48676900925e-20
9.48676900925e-20
9.48676900925e-20
1.08420217249e-19
1.08420217249e-19
1.08420217249e-19
1.08420217249e-19
1.08420217249e-19
1.08420217249e-19
1.35525271561e-19
1.35525271561e-19
1.35525271561e-19
1.35525271561e-19
1.35525271561e-19
1.35525271561e-19
1.49077798717e-19
1.49077798717e-19
1.49077798717e-19
1.49077798717e-19
1.49077798717e-19
1.49077798717e-19
1.49077798717e-19
1.49077798717e-19
1.62630325873e-19
1.62630325873e-19
1.62630325873e-19
1.62630325873e-19
1.62630325873e-19
1.62630325873e-19
1.89735380185e-19
1.89735380185e-19
1.89735380185e-19
1.89735380185e-19
1.89735380185e-19
1.89735380185e-19
2.03287907341e-19
2.03287907341e-19
2.03287907341e-19
2.03287907341e-19
2.03287907341e-19
2.16840434497e-19
2.16840434497e-19
2.16840434497e-19
2.43945488809e-19
2.43945488809e-19
2.43945488809e-19
2.57498015965e-19
2.57498015965e-19
2.71050543121e-19
2.71050543121e-19
2.71050543121e-19
2.71050543121e-19
2.71050543121e-19
2.71050543121e-19
2.71050543121e-19
2.71050543121e-19
2.98155597434e-19
2.98155597434e-19
2.98155597434e-19
2.98155597434e-19
2.98155597434e-19
3.1170812459e-19
3.1170812459e-19
3.1170812459e-19
3.1170812459e-19
3.1170812459e-19
3.1170812459e-19
3.38813178902e-19
3.38813178902e-19
3.52365706058e-19
3.52365706058e-19
3.52365706058e-19
3.52365706058e-19
3.65918233214e-19
3.65918233214e-19
3.65918233214e-19
3.65918233214e-19
3.65918233214e-19
3.65918233214e-19
3.65918233214e-19
3.93023287526e-19
4.06575814682e-19
4.06575814682e-19
4.06575814682e-19
4.20128341838e-19
4.20128341838e-19
4.4723339615e-19
4.4723339615e-19
4.4723339615e-19
4.4723339615e-19
4.60785923306e-19
4.74338450462e-19
4.74338450462e-19
4.74338450462e-19
4.74338450462e-19
5.01443504775e-19
5.14996031931e-19
5.14996031931e-19
5.55653613399e-19
5.55653613399e-19
5.55653613399e-19
5.55653613399e-19
5.55653613399e-19
5.55653613399e-19
5.69206140555e-19
5.69206140555e-19
5.69206140555e-19
5.69206140555e-19
5.69206140555e-19
5.82758667711e-19
5.82758667711e-19
5.82758667711e-19
6.09863722023e-19
6.36968776335e-19
6.36968776335e-19
6.36968776335e-19
6.64073830647e-19
6.77626357803e-19
6.77626357803e-19
7.18283939272e-19
7.18283939272e-19
7.31836466428e-19
7.31836466428e-19
7.31836466428e-19
7.72494047896e-19
7.86046575052e-19
8.2670415652e-19
8.80914265144e-19
9.08019319457e-19
9.35124373769e-19
9.35124373769e-19
9.62229428081e-19
9.62229428081e-19
9.89334482393e-19
9.89334482393e-19
1.00288700955e-18
1.1113072268e-18
1.13841228111e-18
1.19262238973e-18
1.21972744405e-18
1.36880524276e-18
1.47722546001e-18
0.0756973566514
0.101474215451
0.125718446431
0.136655758792
0.144467313578
0.172547751664
0.23892825895
0.263875549798
0.268482970955
0.29156609866
0.324692914555
0.324904473784
0.3574145594
0.379952920843
0.387946516615
0.388854002612
0.396618354448
0.397752667946
0.399019777366
0.406128005047
0.415784952242
0.41685287592
0.42162486517
0.425310063524
0.43393090108
0.440193229805
0.440680233997
0.448756398194
0.462012847662
0.469600049231
0.491129183712
0.50190980696
0.518562048454
0.52124763013
0.527406315593
0.53325823831
0.535059496487
0.550503189448
0.560249507266
0.575031293881
0.588520068789
0.594464792553
0.597184116814
0.612698908409
0.61823061085
0.628887445948
0.640458066199
0.642168866161
0.643652968843
0.649290338165
0.657655338828
0.662311636649
0.671178596437
0.672099764432
0.690400843449
0.699468016419
0.699980107598
0.701208402625
0.701810367774
0.709400519813
0.71272369693
0.736238295712
0.739736507965
0.740065380279
0.749738647732
0.758404453142
0.759168460976
0.759623038148
0.763807419293
0.787721069853
0.791836201281
0.792880001644
0.804480658615
0.808880325409
0.812429430448
0.837546747586
0.841033979135
0.841344647294
0.863446222091
0.867187448641
0.872047956898
0.872671695915
0.890271653384
0.891512041506
0.891719505412
0.919957774231
0.922245730219
0.925717332392
0.928334906045
0.933026986118
0.939132814456
0.964240645685
0.964561467131
0.967568302002
0.969752331438
0.970027026923
0.972400351203
0.980486811366
0.988715210911
1.00786693265
1.02417965129
1.03359301249
1.03475838079
1.03485092566
1.04239436724
1.04409156428
1.04546428649
1.04560992435
1.07101813937
1.07711960515
1.07956078801
1.08114079225
1.08382112513
1.08455336744
1.09060298566
1.10361515802
1.10940265808
1.11202662063
1.12250614346
1.13592537911
1.13677542526
1.13861457609
1.14335474828
1.14475185266
1.14505104576
1.15139734764
1.15710885657
1.15710885657
1.15710885657
1.15710885657
1.16035548298
1.16538005178
1.16587211879
1.1672708389
1.17509925248
1.18559601385
1.19688863443
1.20518305102
1.20702189799
1.21333690343
1.23320424704
1.23549505587
1.2365968226
1.2404283672
1.24087599083
1.24293550141
1.24672212751
1.25712622093
1.25830039432
1.25936079737
1.26115315194
1.26704701055
1.26916538351
1.27734930159
1.28683180374
1.29786423602
1.30309022936
1.31960495185
1.32119138821
1.32683210495
1.32986029418
1.33424833256
1.33792365895
1.33959441826
1.34585903454
1.34585903454
1.34585903454
1.35402184329
1.35798534225
1.36715087701
1.37731522215
1.39044719643
1.39243189611
1.39514595218
1.39700424285
1.39705511045
1.39930920402
1.40295122382
1.41189590392
1.43132153269
1.43915380689
1.44253253098
1.44749805437
1.44960861567
1.45623411579
1.46362841429
1.46746551238
1.46795814203
1.47268364022
1.47647609766
1.48229346515
1.48420024853
1.50415937092
1.51258169955
1.51786994429
1.53412678887
1.53495180833
1.53760822717
1.54075689253
1.54640890549
1.55508650404
1.55977233634
1.56668384623
1.57504139198
1.57703524699
1.58562897152
1.59010738574
1.59201242909
1.59561272306
1.60258872424
1.60688837074
1.60688837075
1.60688837075
1.60688837075
1.60688837075
1.60688837075
1.60688837075
1.60688837075
1.60688837075
1.60688837076
1.60688837076
1.60688837076
1.61488759688
1.63035955751
1.6360187354
1.65019444028
1.65298650098
1.65839232548
1.67490117985
1.68611038741
1.68611496569
1.69657462835
1.69801822288
1.70082996253
1.70353614635
1.71385866903
1.72928766635
1.73996610955
1.7484948091
1.75116689927
1.75269065358
1.75328136811
1.75690187491
1.75982149265
1.75983741511
1.76514663227
1.76684938054
1.7712742967
1.77850474529
1.77850474529
1.77895514667
1.78629892846
1.79319153619
1.79714048511
1.80730369558
1.82181261646
1.82281844778
1.83866558631
1.83983073263
1.84058426113
1.84635770673
1.85661862797
1.86107313642
1.86325139239
1.86656388566
1.87607578109
1.87681866637
1.87707439102
1.88502291006
1.88522576084
1.89023905113
1.89083942513
1.8937336732
1.89453100668
1.89633779049
1.90149211475
1.90223412502
1.90430521816
1.90805066556
1.91786479359
1.9319974821
1.93601695062
1.93898465657
1.94559520977
1.95010610551
1.95085011219
1.95167530106
1.9583085657
1.96340495273
1.96350646901
1.97066424746
1.98076571444
1.9899538483
1.9899538483
1.9942985683
1.99769812833
2.00097834531
2.00415494725
2.00521418588
2.0068511766
2.0156082841
2.01629964558
2.01906222875
2.0196898663
2.02141724732
2.02592890436
2.02826761805
2.03700888277
2.03898288457
2.04199759496
2.04319744259
2.05381463546
2.07512581582
2.07693633788
2.08433982957
2.08511672103
2.08624875468
2.10756730864
2.10763699132
2.11158928098
2.11503054399
2.12648413308
2.1384327773
2.14212620442
2.14327901534
2.14705670908
2.14984804975
2.17750548712
2.18669436691
2.19365597133
2.20069606864
2.20186151188
2.20325707247
2.20508281151
2.21119731981
2.21318606714
2.22310123225
2.22341880509
2.22858956628
2.24118735532
2.24309050511
2.24537967225
2.24611851185
2.24952954425
2.25478759181
2.25867176564
2.26188326163
2.26447037648
2.26481628478
2.26810625022
2.26995824483
2.27118826174
2.27809899977
2.27825902562
2.30024953873
2.30093923209
2.31014114427
2.31415717197
2.31706611679
2.31842074894
2.32555597793
2.32813721193
2.33492648505
2.3419391949
2.34774827431
2.35515611026
2.35990410632
2.36341556191
2.3793651234
2.38498255546
2.38512403982
2.38558606663
2.40285765434
2.4068199214
2.40821932687
2.41529874146
2.43275699803
2.43626095591
2.43761015809
2.43851351273
2.44460839619
2.44738873017
2.44893154124
2.4512072525
2.45281946147
2.48565227636
2.48635730038
2.49637786895
2.50940878476
2.51496352722
2.52205700024
2.53086857876
2.54140205592
2.56520539755
2.57708101211
2.6
2.6
2.6
2.6
2.6
2.6
2.6
2.6
2.6
2.6
2.6
2.6
2.6
2.6
2.6
2.6
2.6
2.6
2.6
2.6
2.6
2.6
2.6
2.6
2.6
2.6
2.6
2.6
2.6
2.6
2.6
2.6
2.6
2.6
2.6
2.6
2.6
2.6
2.6
2.6
2.6
2.6
2.6
2.6
2.6
2.6
2.6
2.6
2.6
2.6
2.6
2.6
2.6
2.6
2.6
2.6
2.6
2.6
2.6
2.6
2.6
2.6
2.6
2.6
2.6
2.6
2.6
2.6
2.6
2.6
2.6
2.6
2.6
2.6
2.6
2.6
2.6
2.6
2.6
2.6
2.6
2.6
2.6
2.6
2.6
2.6
2.6
2.6
2.6
2.6
2.6
2.6
2.6
2.6
2.6
2.6
2.6
2.6
2.6
2.6
2.6
2.6
2.6
2.6
2.6
2.6
2.6
2.6
2.6
2.6
2.6
2.6
2.6
2.6
2.6
2.6
2.6
2.6
2.6
2.6
2.6
2.6
2.6
2.6
2.6
2.64014880129
2.64747254978
2.65498103232
2.66246258557
2.66837565353
2.67011369817
2.67414972482
2.69839689435
2.70055556334
2.70107483829
2.7146585944
2.71947783513
2.72040001532
2.7274944205
2.74164666583
2.74258698492
2.74957682259
2.7516904623
2.75285048351
2.75322554506
2.7587904263
2.760833747
2.76093234865
2.76133391978
2.76183009262
2.77443703311
2.77811754711
2.78919096735
2.79316692106
2.80975381426
2.80985957427
2.81727481232
2.81977226654
2.8215647614
2.82407551975
2.82959630167
2.83398311536
2.836542712
2.83849150828
2.83858917822
2.84118350918
2.84761100093
2.85596996227
2.85657779738
2.85771452824
2.85952084842
2.86889014917
2.87372880095
2.87556705086
2.88059947975
2.88254999202
2.88268397548
2.88908019289
2.89016611429
2.89032389063
2.89184456975
2.89245502815
2.89260255265
2.89999169995
2.90283806812
2.9203462349
2.92510837541
2.92768450159
2.9309767525
2.93292829072
2.93416833627
2.94114872336
2.94663766475
2.95085398652
2.95112971644
2.95137152909
2.95356024083
2.95426872065
2.95510434585
2.97229192579
2.97601937002
2.9760775471
2.97675058847
2.97795313284
2.9808059946
2.98580645091
2.98757628616
2.99207354076
2.99253160701
2.99444959237
2.9964332641
2.99754324431
2.99906703698
3.00629811547
3.00855172795
3.01789784565
3.01935587042
3.02203010273
3.02427155275
3.03844416576
3.03848177851
3.03892508083
3.05121273114
3.05648331192
3.05648331192
3.05648331192
3.05975790599
3.06061134804
3.06440909776
3.067777017
3.06789557106
3.08271800391
3.08329599771
3.09239387789
3.09256936264
3.09512071865
3.09742731649
3.09941833514
3.10149082659
3.10847029255
3.11031495149
3.11798407903
3.11811870583
3.12015418853
3.12220338615
3.12292386214
3.12312207647
3.12711488506
3.12922087853
3.13272459408
3.1367764447
3.14853209361
3.14944122425
3.14957152752
3.15166533574
3.15457686414
3.15910661159
3.15929751033
3.15972998512
3.16581478273
3.16882087634
3.17577333603
3.17590034665
3.17742795643
3.17867237273
3.18426647098
3.18429094886
3.19458971354
3.20183519313
3.20184107369
3.20325308645
3.20562366283
3.21199822469
3.23112068019
3.23458892837
3.2364814325
3.24214696967
3.24214696967
3.24214696967
3.24214696967
3.24264236613
3.24396263321
3.2475550365
3.24778158571
3.25378598635
3.26155238533
3.27677538925
3.28836027225
3.29052139785
3.29277482534
3.29443233055
3.29485843701
3.29783111753
3.30060065762
3.30911753024
3.31074773183
3.31575465411
3.32157408574
3.32542356915
3.32687484491
3.33365860489
3.34010063171
3.34175709396
3.34192351075
3.34249557037
3.34249557037
3.34606833613
3.34645267023
3.34751714149
3.35735318297
3.36045799251
3.36315888111
3.36714984447
3.37008378227
3.37317295981
3.37477823276
3.38185212244
3.39161236886
3.3955236213
3.39954413067
3.40686831815
3.42557653882
3.43085842705
3.43346657404
3.43544357931
3.43970085479
3.43996947148
3.44443729061
3.44925821909
3.45218100433
3.45365633007
3.45520864718
3.45527931828
3.46090634759
3.46513213539
3.46725662092
3.46766943519
3.47439183523
3.47692140933
3.47729629857
3.47739423758
3.47839707329
3.48174635071
3.48766551644
3.49324243815
3.49737709396
3.50042168056
3.5054036568
3.52475316434
3.53279406307
3.53471283667
3.53698792447
3.53782114208
3.54150142021
3.54655781446
3.5569097272
3.55761584168
3.56056880749
3.56108851422
3.57066922369
3.57467463792
3.58259550435
3.5846758649
3.58945379682
3.59288620032
3.60322994528
3.6037696546
3.60994245876
3.61169896576
3.61184262991
3.61359394969
3.61400529434
3.61440363771
3.61589031425
3.6266450919
3.63383300292
3.6349634779
3.64052749909
3.66031096434
3.66230694422
3.66582943242
3.67695526217
3.67695526217
3.67695526217
3.67695526217
3.67695526217
3.67695526217
3.67695526217
3.67695526217
3.67695526217
3.67695526217
3.67695526217
3.67695526217
3.67695526217
3.67695526217
3.67695526217
3.67695526217
3.67695526217
3.67695526217
3.67695526217
3.67695526217
3.67695526217
3.67695526217
3.67695526217
3.67695526217
3.67695526217
3.67695526217
3.67695526217
3.67695526217
3.67695526217
3.67695526217
3.67695526217
3.67695526217
3.67695526217
3.67695526217
3.67695526217
3.67695526219
3.68755144801
3.68868331997
3.69079754437
3.69654558769
3.70372104304
3.70450582704
3.71728388538
3.72051693358
3.72611691146
3.7551999136
3.7590554718
3.76028164994
3.76081104114
3.76439130794
3.77375894537
3.77454778137
3.77816136497
3.78688471734
3.78755329141
3.79143606795
3.79370572809
3.79454826161
3.81620069293
3.8189420323
3.82111897685
3.8344611997
3.83738733151
3.84075960477
3.84220204694
3.84652460144
3.84965713618
3.85110519064
3.85609609323
3.85708875622
3.86435309248
3.87270042301
3.87537077917
3.87592314223
3.87689687949
3.87768514721
3.88021580703
3.88529662968
3.88749069436
3.9002582561
3.90438301341
3.90589529138
3.90775804536
3.91290344556
3.92129359495
3.92570758382
3.92609247063
3.92632269236
3.92681947819
3.92991597161
3.93388423764
3.93661845334
3.9368645362
3.93980198947
3.9433952631
3.94724355229
3.9512534567
3.95566255051
3.95928010966
3.96093701256
3.96282211434
3.96448767735
3.96462674189
3.96748703451
3.97811401755
3.98401697203
3.98588813775
3.98745938864
3.98747230835
3.98894404022
3.98901962295
3.99108502188
3.99382028239
3.99838665615
3.99888985333
4.00457936905
4.00509808461
4.00933837206
4.01274098791
4.02913658743
4.03260210093
4.03293253915
4.03443437731
4.03454269711
4.05308701458
4.05557836532
4.05665267414
4.05998325408
4.06086945344
4.06390956734
4.06542951572
4.07025177253
4.07255355502
4.07910754151
4.08523885924
4.08630120233
4.08678601328
4.08979986009
4.09757748877
4.09762843495
4.09812437032
4.10179485963
4.10808146307
4.11246192857
4.13018641243
4.1326384909
4.13499456852
4.14055782585
4.14484615877
4.14539415868
4.14580579467
4.14907195372
4.15960702267
4.16539550211
4.16813112233
4.17370563014
4.18337090162
4.18353231334
4.184410278
4.20035227683
4.20442787209
4.20475129774
4.20688837075
4.20688837075
4.20688837075
4.20688837075
4.20688837075
4.20688837075
4.20688837075
4.20688837075
4.20688837075
4.20688837075
4.20688837075
4.20688837075
4.20706003756
4.20761064494
4.22312507415
4.23463250464
4.23720257039
4.23901612947
4.23917659405
4.23956395673
4.24159191696
4.24737552469
4.2483638146
4.25460628079
4.26961218151
4.27024044102
4.2746471103
4.28731990664
4.29010043352
4.29193942713
4.29876265049
4.29884003228
4.30277544633
4.30332951454
4.30780553854
4.31327889326
4.31736471434
4.31798149804
4.32610648286
4.32991636519
4.34313777738
4.34722398172
4.35437995372
4.35453445486
4.35488769623
4.36067363342
4.36100519485
4.3676532446
4.36950677819
4.3706182138
4.37430918491
4.37841725632
4.3792633792
4.38045104223
4.39380836932
4.4105960924
4.41864936261
4.42018875856
4.42212848018
4.42304821405
4.42346558987
4.42547783137
4.4275892073
4.44203899939
4.44981060084
4.45562294953
4.46377299566
4.46854834395
4.47526158063
4.48138942111
4.4934526732
4.49493007708
4.50077724738
4.50333209968
4.50333209968
4.50333209968
4.50333209968
4.50333209968
4.50333209968
4.50333209968
4.50333209968
4.50333209968
4.50333209968
4.50333209968
4.50333209968
4.50422697237
4.51461371112
4.51500189725
4.51573684769
4.51607643168
4.5186849941
4.52705292213
4.52746475418
4.52892186323
4.52936987038
4.53225046002
4.53575595159
4.54654547461
4.54932189319
4.5506083212
4.55204931402
4.55913358914
4.56145863228
4.56641765487
4.57130686944
4.57176089414
4.57777768608
4.57878877766
4.58029827
4.58407824007
4.58659115796
4.59146106627
4.60217316359
4.60349141282
4.60399600306
4.61116381807
4.61389022038
4.61641121015
4.62441350926
4.62476822153
4.63652085746
4.65492356621
4.66039745123
4.66238307037
4.66755601376
4.66910986823
4.67664186709
4.681364681
4.68503811309
4.68503811309
4.68503811309
4.6850381131
4.69142820323
4.69151627795
4.69519260621
4.69802923197
4.70191522595
4.70394723171
4.70592773749
4.70709799355
4.71400829793
4.73288573703
4.7375123315
4.74388878609
4.74497045352
4.75059269968
4.75564151945
4.75992599707
4.76235588218
4.76358573742
4.76598507334
4.7701814935
4.77381774285
4.77797412312
4.78031879142
4.79963932399
4.80417356906
4.80417356906
4.80666873764
4.80792557651
4.83244631272
4.83495282334
4.83559304299
4.84041817857
4.84762116697
4.84804423159
4.84956378708
4.85847798049
4.86063854525
4.86083295165
4.86371622951
4.86903563117
4.87341163696
4.87489051183
4.87864107904
4.87896007972
4.89225419176
4.89866043539
4.91019470623
4.91259472386
4.9179401115
4.91806400133
4.9215695573
4.92593199237
4.92775028934
4.92784997841
4.93007439303
4.93354442816
4.93435963444
4.9404241547
4.94211135773
4.94549388473
4.94549388473
4.94549388474
4.95510616458
4.95692673821
4.96654514414
4.96884619246
4.97465174415
4.97471552137
4.98127072326
4.98608265789
4.98656823951
4.99207653379
4.99238214623
4.99284080148
4.99910537577
5.00597581294
5.02200839539
5.0228142967
5.0228142967
5.0228142967
5.02481513774
5.02732561257
5.02925005492
5.03637680995
5.03751903802
5.04518951261
5.05730258776
5.06109002505
5.06248425616
5.06381744279
5.07151479959
5.08018487749
5.11000307299
5.12100031566
5.12100031567
5.12186352881
5.12326787629
5.12548341581
5.12808878101
5.1308905194
5.13810635931
5.14006374117
5.14356580134
5.1457165229
5.15058742932
5.15154885155
5.15748593209
5.16464785317
5.16501877488
5.17151385592
5.17667144646
5.18337149207
5.18400579452
5.19213096297
5.19821690199
5.2
5.2
5.2
5.2
5.20120459135
5.20217875266
5.20427070545
5.20965306333
5.22036128168
5.22962817905
5.23099897695
5.24593286526
5.24688375216
5.25527515394
5.25682186716
5.25703377268
5.26032532291
5.26499128511
5.27097274748
5.27416106887
5.27754964831
5.27873424382
5.28698697358
5.29013392605
5.29502004707
5.29881150284
5.30251649513
5.30536159705
5.30779629556
5.30932246579
5.31048187371
5.32952426181
5.34764736686
5.35053144898
5.35412932705
5.36086804216
5.36176268734
5.36347821421
5.36622815354
5.3701633988
5.38686514965
5.38943910522
5.39493463045
5.39871404236
5.3991411786
5.4009944342
5.40302812159
5.40574212052
5.40725889911
5.41831708555
5.42542763125
5.42708988244
5.43041593896
5.43650620375
5.43828354438
5.44224244822
5.44776436158
5.44784257329
5.45965727511
5.46003913237
5.46711717016
5.47191848422
5.47230807498
5.4765757941
5.47669568999
5.49174446624
5.4960530615
5.50074064293
5.50252783275
5.50486461969
5.51126071145
5.51705232878
5.52753652093
5.53503532572
5.53714635272
5.54401885428
5.54418028001
5.54768367617
5.55942513405
5.560768677
5.56814289201
5.57394800161
5.57927973338
5.58072715056
5.58425935014
5.58608920655
5.58729896855
5.59700642499
5.59821420622
5.608187116
5.61076087092
5.61666940038
5.62149836809
5.62250250198
5.6280176534
5.63577238385
5.64222486523
5.64523092572
5.64531098534
5.65082359497
5.65585214262
5.66671971283
5.66729434403
5.66987162111
5.67508631586
5.67854340067
5.68269424119
5.68634937474
5.6937405109
5.69799696185
5.70147837687
5.70164198524
5.70438252205
5.71060311158
5.71178534277
5.72031683319
5.72100714936
5.7220568615
5.73351747472
5.73849646712
5.74244647774
5.74987783659
5.75748717675
5.76560032655
5.76953670008
5.77501696157
5.78274206525
5.79456810585
5.80349273866
5.80401167066
5.80636467486
5.8109264865
5.81671019762
5.82406226278
5.82653437423
5.82667669445
5.83443403564
5.83914962784
5.84436104014
5.85328664815
5.85345834977
5.8549990488
5.86341653231
5.86698616627
5.87285420255
5.8749233557
5.8874878422
5.88861842586
5.8991160127
5.9042301133
5.90679161371
5.92772668888
5.93040421204
5.93084201902
5.93246677207
5.9478878735
5.97535444715
5.98176486244
5.982136969
5.98923416305
5.99121178774
6.01712280774
6.02097121713
6.03640378979
6.04005590296
6.04110512348
6.0568184714
6.0664339525
6.07245760499
6.07490783873
6.07560215579
6.08209442178
6.08514891141
6.08672992917
6.09060467365
6.10408485433
6.11152304823
6.11401029762
6.11907812327
6.12260808137
6.13100216743
6.13134860631
6.13397332033
6.13573654142
6.13577372154
6.14163673466
6.14550372801
6.14702219556
6.14956925956
6.1528308793
6.15467099172
6.15828326904
6.15964826771
6.17371768479
6.17558739159
6.1777291852
6.18231789835
6.18994306466
6.20338201863
6.20454809697
6.20632722599
6.21769617058
6.22081205281
6.22175835143
6.2296823343
6.23050715339
6.23953891578
6.24941464503
6.25022938221
6.25155699763
6.27283653991
6.27331511351
6.27591348122
6.27627571204
6.29271042889
6.30648002609
6.3120531196
6.32058359321
6.32801300496
6.33169092926
6.34041851745
6.34201512177
6.34706002334
6.36140474275
6.36547227074
6.36578848414
6.37138231952
6.38262787643
6.38887095272
6.39217427017
6.39276095206
6.41430131036
6.44712621331
6.45175114654
6.459336405
6.46385544997
6.46801371705
6.47660720268
6.47997369802
6.49638926564
6.51656574191
6.53073055965
6.56091025112
6.56206578325
6.57398189934
6.57398348456
6.5752673321
6.57826247818
6.57902717849
6.58727401611
6.59373552497
6.60103240248
6.61180088885
6.61420061789
6.61714770377
6.62586839094
6.6339208316
6.63392634277
6.68546791136
6.69872324436
6.76998343623
6.78860984583
6.79192387404
6.82853911294
6.83699466939
6.84176953972
6.85281448113
6.85496498144
6.87758622505
6.90252916748
6.93715475875
7.03047738421
